Crime ID,Month,Reported by,Falls within,Longitude,Latitude,Location,LSOA code,LSOA name,Crime type,Last outcome category,Context
,2023-07,British Transport Police,British Transport Police,-0.327642,50.834380,On or near Fishersgate (Station),E01031355,Adur 003D,Criminal damage and arson,,
,2023-07,British Transport Police,British Transport Police,-0.327642,50.834380,On or near Fishersgate (Station),E01031355,Adur 003D,Other theft,,
,2023-07,British Transport Police,British Transport Police,-0.236429,50.832550,On or near Southwick (Station),E01031375,Adur 004G,Public order,,
,2023-07,British Transport Police,British Transport Police,-0.271753,50.834329,On or near Shoreham-By-Sea (Station),E01031364,Adur 005C,Other theft,,
,2023-07,British Transport Police,British Transport Police,-0.271753,50.834329,On or near Shoreham-By-Sea (Station),E01031364,Adur 005C,Other theft,,
,2023-07,British Transport Police,British Transport Police,-0.271753,50.834329,On or near Shoreham-By-Sea (Station),E01031364,Adur 005C,Other theft,,
,2023-07,British Transport Police,British Transport Police,-0.271753,50.834329,On or near Shoreham-By-Sea (Station),E01031364,Adur 005C,Public order,,
,2023-07,British Transport Police,British Transport Police,-0.271753,50.834329,On or near Shoreham-By-Sea (Station),E01031364,Adur 005C,Shoplifting,,
,2023-07,British Transport Police,British Transport Police,-0.271753,50.834329,On or near Shoreham-By-Sea (Station),E01031364,Adur 005C,Theft from the person,,
,2023-07,British Transport Police,British Transport Police,-0.271753,50.834329,On or near Shoreham-By-Sea (Station),E01031364,Adur 005C,Violence and sexual offences,,
,2023-07,British Transport Police,British Transport Police,-0.271753,50.834329,On or near Shoreham-By-Sea (Station),E01031364,Adur 005C,Violence and sexual offences,,
,2023-07,British Transport Police,British Transport Police,-0.271753,50.834329,On or near Shoreham-By-Sea (Station),E01031364,Adur 005C,Violence and sexual offences,,
,2023-07,British Transport Police,British Transport Police,-0.271753,50.834329,On or near Shoreham-By-Sea (Station),E01031364,Adur 005C,Violence and sexual offences,,
,2023-07,British Transport Police,British Transport Police,-0.323071,50.826947,On or near Lancing (Station),E01031342,Adur 008B,Bicycle theft,,
,2023-07,British Transport Police,British Transport Police,-0.323071,50.826947,On or near Lancing (Station),E01031342,Adur 008B,Public order,,
,2023-07,British Transport Police,British Transport Police,-0.565142,50.836697,On or near London Road Brighton (Station),E01031392,Arun 001C,Bicycle theft,,
,2023-07,British Transport Police,British Transport Police,-0.565142,50.836697,On or near London Road Brighton (Station),E01031392,Arun 001C,Bicycle theft,,
,2023-07,British Transport Police,British Transport Police,-0.565142,50.836697,On or near London Road Brighton (Station),E01031392,Arun 001C,Criminal damage and arson,,
,2023-07,British Transport Police,British Transport Police,-0.546297,50.848369,On or near Arundel (Station),E01031392,Arun 001C,Criminal damage and arson,,
,2023-07,British Transport Police,British Transport Police,-0.565142,50.836697,On or near London Road Brighton (Station),E01031392,Arun 001C,Criminal damage and arson,,
,2023-07,British Transport Police,British Transport Police,-0.565142,50.836697,On or near London Road Brighton (Station),E01031392,Arun 001C,Criminal damage and arson,,
,2023-07,British Transport Police,British Transport Police,-0.640042,50.831162,On or near Barnham (Station),E01031393,Arun 003A,Bicycle theft,,
,2023-07,British Transport Police,British Transport Police,-0.640042,50.831162,On or near Barnham (Station),E01031393,Arun 003A,Bicycle theft,,
,2023-07,British Transport Police,British Transport Police,-0.640042,50.831162,On or near Barnham (Station),E01031393,Arun 003A,Bicycle theft,,
,2023-07,British Transport Police,British Transport Police,-0.640042,50.831162,On or near Barnham (Station),E01031393,Arun 003A,Bicycle theft,,
,2023-07,British Transport Police,British Transport Police,-0.640042,50.831162,On or near Barnham (Station),E01031393,Arun 003A,Burglary,,
,2023-07,British Transport Police,British Transport Police,-0.640042,50.831162,On or near Barnham (Station),E01031393,Arun 003A,Drugs,,
,2023-07,British Transport Police,British Transport Police,-0.640042,50.831162,On or near Barnham (Station),E01031393,Arun 003A,Other theft,,
,2023-07,British Transport Police,British Transport Police,-0.640042,50.831162,On or near Barnham (Station),E01031393,Arun 003A,Public order,,
,2023-07,British Transport Police,British Transport Police,-0.640042,50.831162,On or near Barnham (Station),E01031393,Arun 003A,Public order,,
,2023-07,British Transport Police,British Transport Police,-0.640042,50.831162,On or near Barnham (Station),E01031393,Arun 003A,Violence and sexual offences,,
,2023-07,British Transport Police,British Transport Police,-0.640042,50.831162,On or near Barnham (Station),E01031393,Arun 003A,Violence and sexual offences,,
,2023-07,British Transport Police,British Transport Police,-0.640042,50.831162,On or near Barnham (Station),E01031393,Arun 003A,Violence and sexual offences,,
,2023-07,British Transport Police,British Transport Police,-0.489195,50.816589,On or near Angmering (Station),E01034821,Arun 005G,Criminal damage and arson,,
,2023-07,British Transport Police,British Transport Police,-0.489195,50.816589,On or near Angmering (Station),E01034821,Arun 005G,Criminal damage and arson,,
,2023-07,British Transport Police,British Transport Police,-0.489195,50.816589,On or near Angmering (Station),E01034821,Arun 005G,Public order,,
,2023-07,British Transport Police,British Transport Police,-0.577943,50.829352,On or near Ford (Station),E01031470,Arun 006A,Criminal damage and arson,,
,2023-07,British Transport Police,British Transport Police,-0.577943,50.829352,On or near Ford (Station),E01031470,Arun 006A,Public order,,
,2023-07,British Transport Police,British Transport Police,-0.546140,50.810001,On or near Littlehampton (Station),E01031428,Arun 011B,Bicycle theft,,
,2023-07,British Transport Police,British Transport Police,-0.546140,50.810001,On or near Littlehampton (Station),E01031428,Arun 011B,Criminal damage and arson,,
,2023-07,British Transport Police,British Transport Police,-0.546140,50.810001,On or near Littlehampton (Station),E01031428,Arun 011B,Public order,,
,2023-07,British Transport Police,British Transport Police,-0.546140,50.810001,On or near Littlehampton (Station),E01031428,Arun 011B,Violence and sexual offences,,
,2023-07,British Transport Police,British Transport Police,-0.546140,50.810001,On or near Littlehampton (Station),E01031428,Arun 011B,Violence and sexual offences,,
,2023-07,British Transport Police,British Transport Police,-0.546140,50.810001,On or near Littlehampton (Station),E01031428,Arun 011B,Violence and sexual offences,,
,2023-07,British Transport Police,British Transport Police,-0.676094,50.786540,On or near Bognor Regis (Station),E01031444,Arun 016B,Public order,,
,2023-07,British Transport Police,British Transport Police,-0.676094,50.786540,On or near Bognor Regis (Station),E01031444,Arun 016B,Violence and sexual offences,,
,2023-07,British Transport Police,British Transport Police,-1.245552,53.114154,On or near Sutton Parkway (Station),E01027954,Ashfield 007D,Other theft,,
,2023-07,British Transport Police,British Transport Police,-1.254593,53.098463,On or near Kirkby In Ashfield (Station),E01027948,Ashfield 009B,Public order,,
,2023-07,British Transport Police,British Transport Police,0.790304,51.208116,On or near Charing Cross (Station),E01023986,Ashford 002B,Criminal damage and arson,,
,2023-07,British Transport Police,British Transport Police,0.790304,51.208116,On or near Charing Cross (Station),E01023986,Ashford 002B,Criminal damage and arson,,
,2023-07,British Transport Police,British Transport Police,0.872527,51.142929,On or near Ashford(Kent) (Station),E01034986,Ashford 005G,Bicycle theft,,
,2023-07,British Transport Police,British Transport Police,0.875301,51.143228,On or near Ashford International (Station),E01034986,Ashford 005G,Burglary,,
,2023-07,British Transport Police,British Transport Police,0.872527,51.142929,On or near Ashford(Kent) (Station),E01034986,Ashford 005G,Criminal damage and arson,,
,2023-07,British Transport Police,British Transport Police,0.872527,51.142929,On or near Ashford(Kent) (Station),E01034986,Ashford 005G,Criminal damage and arson,,
,2023-07,British Transport Police,British Transport Police,0.872527,51.142929,On or near Ashford(Kent) (Station),E01034986,Ashford 005G,Criminal damage and arson,,
,2023-07,British Transport Police,British Transport Police,0.872527,51.142929,On or near Ashford(Kent) (Station),E01034986,Ashford 005G,Criminal damage and arson,,
,2023-07,British Transport Police,British Transport Police,0.872527,51.142929,On or near Ashford(Kent) (Station),E01034986,Ashford 005G,Drugs,,
,2023-07,British Transport Police,British Transport Police,0.875301,51.143228,On or near Ashford International (Station),E01034986,Ashford 005G,Drugs,,
,2023-07,British Transport Police,British Transport Police,0.875301,51.143228,On or near Ashford International (Station),E01034986,Ashford 005G,Drugs,,
,2023-07,British Transport Police,British Transport Police,0.875301,51.143228,On or near Ashford International (Station),E01034986,Ashford 005G,Other theft,,
,2023-07,British Transport Police,British Transport Police,0.875301,51.143228,On or near Ashford International (Station),E01034986,Ashford 005G,Other theft,,
,2023-07,British Transport Police,British Transport Police,0.875301,51.143228,On or near Ashford International (Station),E01034986,Ashford 005G,Other theft,,
,2023-07,British Transport Police,British Transport Police,0.875301,51.143228,On or near Ashford International (Station),E01034986,Ashford 005G,Other theft,,
,2023-07,British Transport Police,British Transport Police,0.875301,51.143228,On or near Ashford International (Station),E01034986,Ashford 005G,Other theft,,
,2023-07,British Transport Police,British Transport Police,0.875301,51.143228,On or near Ashford International (Station),E01034986,Ashford 005G,Public order,,
,2023-07,British Transport Police,British Transport Police,0.872527,51.142929,On or near Ashford(Kent) (Station),E01034986,Ashford 005G,Public order,,
,2023-07,British Transport Police,British Transport Police,0.872527,51.142929,On or near Ashford(Kent) (Station),E01034986,Ashford 005G,Public order,,
,2023-07,British Transport Police,British Transport Police,0.875301,51.143228,On or near Ashford International (Station),E01034986,Ashford 005G,Public order,,
,2023-07,British Transport Police,British Transport Police,0.875301,51.143228,On or near Ashford International (Station),E01034986,Ashford 005G,Public order,,
,2023-07,British Transport Police,British Transport Police,0.875301,51.143228,On or near Ashford International (Station),E01034986,Ashford 005G,Public order,,
,2023-07,British Transport Police,British Transport Police,0.872527,51.142929,On or near Ashford(Kent) (Station),E01034986,Ashford 005G,Public order,,
,2023-07,British Transport Police,British Transport Police,0.872527,51.142929,On or near Ashford(Kent) (Station),E01034986,Ashford 005G,Public order,,
,2023-07,British Transport Police,British Transport Police,0.875301,51.143228,On or near Ashford International (Station),E01034986,Ashford 005G,Robbery,,
,2023-07,British Transport Police,British Transport Police,0.875301,51.143228,On or near Ashford International (Station),E01034986,Ashford 005G,Shoplifting,,
,2023-07,British Transport Police,British Transport Police,0.875301,51.143228,On or near Ashford International (Station),E01034986,Ashford 005G,Shoplifting,,
,2023-07,British Transport Police,British Transport Police,0.875301,51.143228,On or near Ashford International (Station),E01034986,Ashford 005G,Shoplifting,,
,2023-07,British Transport Police,British Transport Police,0.875301,51.143228,On or near Ashford International (Station),E01034986,Ashford 005G,Shoplifting,,
,2023-07,British Transport Police,British Transport Police,0.875301,51.143228,On or near Ashford International (Station),E01034986,Ashford 005G,Shoplifting,,
,2023-07,British Transport Police,British Transport Police,0.875301,51.143228,On or near Ashford International (Station),E01034986,Ashford 005G,Theft from the person,,
,2023-07,British Transport Police,British Transport Police,0.875301,51.143228,On or near Ashford International (Station),E01034986,Ashford 005G,Theft from the person,,
,2023-07,British Transport Police,British Transport Police,0.875301,51.143228,On or near Ashford International (Station),E01034986,Ashford 005G,Theft from the person,,
,2023-07,British Transport Police,British Transport Police,0.875301,51.143228,On or near Ashford International (Station),E01034986,Ashford 005G,Theft from the person,,
,2023-07,British Transport Police,British Transport Police,0.875301,51.143228,On or near Ashford International (Station),E01034986,Ashford 005G,Theft from the person,,
,2023-07,British Transport Police,British Transport Police,0.875301,51.143228,On or near Ashford International (Station),E01034986,Ashford 005G,Violence and sexual offences,,
,2023-07,British Transport Police,British Transport Police,0.872527,51.142929,On or near Ashford(Kent) (Station),E01034986,Ashford 005G,Violence and sexual offences,,
,2023-07,British Transport Police,British Transport Police,0.875301,51.143228,On or near Ashford International (Station),E01034986,Ashford 005G,Violence and sexual offences,,
,2023-07,British Transport Police,British Transport Police,0.875301,51.143228,On or near Ashford International (Station),E01034986,Ashford 005G,Violence and sexual offences,,
,2023-07,British Transport Police,British Transport Police,0.872527,51.142929,On or near Ashford(Kent) (Station),E01034986,Ashford 005G,Violence and sexual offences,,
,2023-07,British Transport Police,British Transport Police,0.872527,51.142929,On or near Ashford(Kent) (Station),E01034986,Ashford 005G,Violence and sexual offences,,
,2023-07,British Transport Police,British Transport Police,0.875301,51.143228,On or near Ashford International (Station),E01034986,Ashford 005G,Violence and sexual offences,,
,2023-07,British Transport Police,British Transport Police,0.875301,51.143228,On or near Ashford International (Station),E01034986,Ashford 005G,Violence and sexual offences,,
,2023-07,British Transport Police,British Transport Police,0.165833,51.544180,On or near Dagenham East (Lu Station),E01000036,Barking and Dagenham 010B,Robbery,,
,2023-07,British Transport Police,British Transport Police,0.165833,51.544180,On or near Dagenham East (Lu Station),E01000036,Barking and Dagenham 010B,Theft from the person,,
,2023-07,British Transport Police,British Transport Police,0.165833,51.544180,On or near Dagenham East (Lu Station),E01000036,Barking and Dagenham 010B,Vehicle crime,,
,2023-07,British Transport Police,British Transport Police,0.093609,51.537861,On or near Upney (Lu Station),E01000071,Barking and Dagenham 011E,Criminal damage and arson,,
,2023-07,British Transport Police,British Transport Police,0.093609,51.537861,On or near Upney (Lu Station),E01000071,Barking and Dagenham 011E,Drugs,,
,2023-07,British Transport Police,British Transport Police,0.093609,51.537861,On or near Upney (Lu Station),E01000071,Barking and Dagenham 011E,Drugs,,
,2023-07,British Transport Police,British Transport Police,0.093609,51.537861,On or near Upney (Lu Station),E01000071,Barking and Dagenham 011E,Public order,,
,2023-07,British Transport Police,British Transport Police,0.126321,51.540279,On or near Becontree (Lu Station),E01000075,Barking and Dagenham 012D,Bicycle theft,,
,2023-07,British Transport Police,British Transport Police,0.126321,51.540279,On or near Becontree (Lu Station),E01000075,Barking and Dagenham 012D,Violence and sexual offences,,
,2023-07,British Transport Police,British Transport Police,0.126321,51.540279,On or near Becontree (Lu Station),E01000075,Barking and Dagenham 012D,Violence and sexual offences,,
,2023-07,British Transport Police,British Transport Police,0.126321,51.540279,On or near Becontree (Lu Station),E01000075,Barking and Dagenham 012D,Violence and sexual offences,,
,2023-07,British Transport Police,British Transport Police,0.147658,51.541672,On or near Dagenham Heathway (Lu Station),E01000013,Barking and Dagenham 013A,Drugs,,
,2023-07,British Transport Police,British Transport Police,0.147658,51.541672,On or near Dagenham Heathway (Lu Station),E01000013,Barking and Dagenham 013A,Drugs,,
,2023-07,British Transport Police,British Transport Police,0.147658,51.541672,On or near Dagenham Heathway (Lu Station),E01000013,Barking and Dagenham 013A,Other theft,,
,2023-07,British Transport Police,British Transport Police,0.147658,51.541672,On or near Dagenham Heathway (Lu Station),E01000013,Barking and Dagenham 013A,Public order,,
,2023-07,British Transport Police,British Transport Police,0.147658,51.541672,On or near Dagenham Heathway (Lu Station),E01000013,Barking and Dagenham 013A,Robbery,,
,2023-07,British Transport Police,British Transport Police,0.080138,51.539439,On or near Barking (Station),E01000007,Barking and Dagenham 015A,Drugs,,
,2023-07,British Transport Police,British Transport Police,0.080138,51.539439,On or near Barking (Station),E01000007,Barking and Dagenham 015A,Drugs,,
,2023-07,British Transport Police,British Transport Police,0.080138,51.539439,On or near Barking (Station),E01000007,Barking and Dagenham 015A,Drugs,,
,2023-07,British Transport Police,British Transport Police,0.080138,51.539439,On or near Barking (Station),E01000007,Barking and Dagenham 015A,Drugs,,
,2023-07,British Transport Police,British Transport Police,0.080138,51.539439,On or near Barking (Station),E01000007,Barking and Dagenham 015A,Other theft,,
,2023-07,British Transport Police,British Transport Police,0.080138,51.539439,On or near Barking (Station),E01000007,Barking and Dagenham 015A,Other theft,,
,2023-07,British Transport Police,British Transport Police,0.080138,51.539439,On or near Barking (Station),E01000007,Barking and Dagenham 015A,Other theft,,
,2023-07,British Transport Police,British Transport Police,0.080138,51.539439,On or near Barking (Station),E01000007,Barking and Dagenham 015A,Other theft,,
,2023-07,British Transport Police,British Transport Police,0.080138,51.539439,On or near Barking (Station),E01000007,Barking and Dagenham 015A,Other theft,,
,2023-07,British Transport Police,British Transport Police,0.080138,51.539439,On or near Barking (Station),E01000007,Barking and Dagenham 015A,Other theft,,
,2023-07,British Transport Police,British Transport Police,0.080138,51.539439,On or near Barking (Station),E01000007,Barking and Dagenham 015A,Other theft,,
,2023-07,British Transport Police,British Transport Police,0.080138,51.539439,On or near Barking (Station),E01000007,Barking and Dagenham 015A,Other theft,,
,2023-07,British Transport Police,British Transport Police,0.080138,51.539439,On or near Barking (Station),E01000007,Barking and Dagenham 015A,Other theft,,
,2023-07,British Transport Police,British Transport Police,0.080138,51.539439,On or near Barking (Station),E01000007,Barking and Dagenham 015A,Possession of weapons,,
,2023-07,British Transport Police,British Transport Police,0.080138,51.539439,On or near Barking (Station),E01000007,Barking and Dagenham 015A,Public order,,
,2023-07,British Transport Police,British Transport Police,0.080138,51.539439,On or near Barking (Station),E01000007,Barking and Dagenham 015A,Public order,,
,2023-07,British Transport Police,British Transport Police,0.080138,51.539439,On or near Barking (Station),E01000007,Barking and Dagenham 015A,Public order,,
,2023-07,British Transport Police,British Transport Police,0.080138,51.539439,On or near Barking (Station),E01000007,Barking and Dagenham 015A,Public order,,
,2023-07,British Transport Police,British Transport Police,0.080138,51.539439,On or near Barking (Station),E01000007,Barking and Dagenham 015A,Public order,,
,2023-07,British Transport Police,British Transport Police,0.080138,51.539439,On or near Barking (Station),E01000007,Barking and Dagenham 015A,Robbery,,
,2023-07,British Transport Police,British Transport Police,0.080138,51.539439,On or near Barking (Station),E01000007,Barking and Dagenham 015A,Theft from the person,,
,2023-07,British Transport Police,British Transport Police,0.080138,51.539439,On or near Barking (Station),E01000007,Barking and Dagenham 015A,Theft from the person,,
,2023-07,British Transport Police,British Transport Police,0.080138,51.539439,On or near Barking (Station),E01000007,Barking and Dagenham 015A,Theft from the person,,
,2023-07,British Transport Police,British Transport Police,0.080138,51.539439,On or near Barking (Station),E01000007,Barking and Dagenham 015A,Theft from the person,,
,2023-07,British Transport Police,British Transport Police,0.080138,51.539439,On or near Barking (Station),E01000007,Barking and Dagenham 015A,Theft from the person,,
,2023-07,British Transport Police,British Transport Police,0.080138,51.539439,On or near Barking (Station),E01000007,Barking and Dagenham 015A,Theft from the person,,
,2023-07,British Transport Police,British Transport Police,0.080138,51.539439,On or near Barking (Station),E01000007,Barking and Dagenham 015A,Theft from the person,,
,2023-07,British Transport Police,British Transport Police,0.080138,51.539439,On or near Barking (Station),E01000007,Barking and Dagenham 015A,Violence and sexual offences,,
,2023-07,British Transport Police,British Transport Police,0.080138,51.539439,On or near Barking (Station),E01000007,Barking and Dagenham 015A,Violence and sexual offences,,
,2023-07,British Transport Police,British Transport Police,0.080138,51.539439,On or near Barking (Station),E01000007,Barking and Dagenham 015A,Violence and sexual offences,,
,2023-07,British Transport Police,British Transport Police,0.080138,51.539439,On or near Barking (Station),E01000007,Barking and Dagenham 015A,Violence and sexual offences,,
,2023-07,British Transport Police,British Transport Police,0.080138,51.539439,On or near Barking (Station),E01000007,Barking and Dagenham 015A,Violence and sexual offences,,
,2023-07,British Transport Police,British Transport Police,-0.194114,51.649570,On or near High Barnet (Lu Station),E01000288,Barnet 004C,Bicycle theft,,
,2023-07,British Transport Police,British Transport Police,-0.194114,51.649570,On or near High Barnet (Lu Station),E01000288,Barnet 004C,Other theft,,
,2023-07,British Transport Police,British Transport Police,-0.194114,51.649570,On or near High Barnet (Lu Station),E01000288,Barnet 004C,Public order,,
,2023-07,British Transport Police,British Transport Police,-0.194114,51.649570,On or near High Barnet (Lu Station),E01000288,Barnet 004C,Theft from the person,,
,2023-07,British Transport Police,British Transport Police,-0.194114,51.649570,On or near High Barnet (Lu Station),E01000288,Barnet 004C,Theft from the person,,
,2023-07,British Transport Police,British Transport Police,-0.194114,51.649570,On or near High Barnet (Lu Station),E01000288,Barnet 004C,Violence and sexual offences,,
,2023-07,British Transport Police,British Transport Police,-0.194114,51.649570,On or near High Barnet (Lu Station),E01000288,Barnet 004C,Violence and sexual offences,,
,2023-07,British Transport Police,British Transport Police,-0.172891,51.648689,On or near New Barnet (Station),E01000270,Barnet 005D,Theft from the person,,
,2023-07,British Transport Police,British Transport Police,-0.179196,51.630235,On or near Totteridge & Whetstone (Lu Station),E01000282,Barnet 008E,Public order,,
,2023-07,British Transport Police,British Transport Police,-0.179196,51.630235,On or near Totteridge & Whetstone (Lu Station),E01000282,Barnet 008E,Public order,,
,2023-07,British Transport Police,British Transport Police,-0.179196,51.630235,On or near Totteridge & Whetstone (Lu Station),E01000282,Barnet 008E,Robbery,,
,2023-07,British Transport Police,British Transport Police,-0.179196,51.630235,On or near Totteridge & Whetstone (Lu Station),E01000282,Barnet 008E,Robbery,,
,2023-07,British Transport Police,British Transport Police,-0.185454,51.617878,On or near Woodside Park (Lu Station),E01000277,Barnet 012B,Other theft,,
,2023-07,British Transport Police,British Transport Police,-0.185454,51.617878,On or near Woodside Park (Lu Station),E01000277,Barnet 012B,Vehicle crime,,
,2023-07,British Transport Police,British Transport Police,-0.248791,51.612896,On or near Mill Hill Broadway (Station),E01000264,Barnet 016D,Theft from the person,,
,2023-07,British Transport Police,British Transport Police,-0.209825,51.608290,On or near Mill Hill East (Lu Station),E01000257,Barnet 017B,Criminal damage and arson,,
,2023-07,British Transport Police,British Transport Police,-0.209825,51.608290,On or near Mill Hill East (Lu Station),E01000257,Barnet 017B,Violence and sexual offences,,
,2023-07,British Transport Police,British Transport Police,-0.274828,51.613615,On or near Edgware (Lu Station),E01000194,Barnet 018C,Other theft,,
,2023-07,British Transport Police,British Transport Police,-0.274828,51.613615,On or near Edgware (Lu Station),E01000194,Barnet 018C,Other theft,,
,2023-07,British Transport Police,British Transport Police,-0.274828,51.613615,On or near Edgware (Lu Station),E01000194,Barnet 018C,Other theft,,
,2023-07,British Transport Police,British Transport Police,-0.274828,51.613615,On or near Edgware (Lu Station),E01000194,Barnet 018C,Other theft,,
,2023-07,British Transport Police,British Transport Police,-0.274828,51.613615,On or near Edgware (Lu Station),E01000194,Barnet 018C,Robbery,,
,2023-07,British Transport Police,British Transport Police,-0.274828,51.613615,On or near Edgware (Lu Station),E01000194,Barnet 018C,Shoplifting,,
,2023-07,British Transport Police,British Transport Police,-0.274828,51.613615,On or near Edgware (Lu Station),E01000194,Barnet 018C,Theft from the person,,
,2023-07,British Transport Police,British Transport Police,-0.274828,51.613615,On or near Edgware (Lu Station),E01000194,Barnet 018C,Theft from the person,,
,2023-07,British Transport Police,British Transport Police,-0.274828,51.613615,On or near Edgware (Lu Station),E01000194,Barnet 018C,Theft from the person,,
,2023-07,British Transport Police,British Transport Police,-0.274828,51.613615,On or near Edgware (Lu Station),E01000194,Barnet 018C,Theft from the person,,
,2023-07,British Transport Police,British Transport Police,-0.274828,51.613615,On or near Edgware (Lu Station),E01000194,Barnet 018C,Theft from the person,,
,2023-07,British Transport Police,British Transport Police,-0.274828,51.613615,On or near Edgware (Lu Station),E01000194,Barnet 018C,Theft from the person,,
,2023-07,British Transport Police,British Transport Police,-0.274828,51.613615,On or near Edgware (Lu Station),E01000194,Barnet 018C,Theft from the person,,
,2023-07,British Transport Police,British Transport Police,-0.274828,51.613615,On or near Edgware (Lu Station),E01000194,Barnet 018C,Theft from the person,,
,2023-07,British Transport Police,British Transport Police,-0.274828,51.613615,On or near Edgware (Lu Station),E01000194,Barnet 018C,Theft from the person,,
,2023-07,British Transport Police,British Transport Police,-0.274828,51.613615,On or near Edgware (Lu Station),E01000194,Barnet 018C,Theft from the person,,
,2023-07,British Transport Police,British Transport Police,-0.274828,51.613615,On or near Edgware (Lu Station),E01000194,Barnet 018C,Theft from the person,,
,2023-07,British Transport Police,British Transport Police,-0.274828,51.613615,On or near Edgware (Lu Station),E01000194,Barnet 018C,Violence and sexual offences,,
,2023-07,British Transport Police,British Transport Police,-0.188545,51.609186,On or near West Finchley (Lu Station),E01000301,Barnet 020C,Violence and sexual offences,,
,2023-07,British Transport Police,British Transport Police,-0.192406,51.600435,On or near Finchley Central (Lu Station),E01000197,Barnet 023A,Public order,,
,2023-07,British Transport Police,British Transport Police,-0.192406,51.600435,On or near Finchley Central (Lu Station),E01000197,Barnet 023A,Vehicle crime,,
,2023-07,British Transport Police,British Transport Police,-0.192406,51.600435,On or near Finchley Central (Lu Station),E01000197,Barnet 023A,Vehicle crime,,
,2023-07,British Transport Police,British Transport Police,-0.192406,51.600435,On or near Finchley Central (Lu Station),E01000197,Barnet 023A,Violence and sexual offences,,
,2023-07,British Transport Police,British Transport Police,-0.264210,51.602676,On or near Burnt Oak (Lu Station),E01000129,Barnet 024D,Theft from the person,,
,2023-07,British Transport Police,British Transport Police,-0.226271,51.583336,On or near Hendon Central (Lu Station),E01000237,Barnet 032A,Other theft,,
,2023-07,British Transport Police,British Transport Police,-0.226271,51.583336,On or near Hendon Central (Lu Station),E01000237,Barnet 032A,Possession of weapons,,
,2023-07,British Transport Police,British Transport Police,-0.226271,51.583336,On or near Hendon Central (Lu Station),E01000237,Barnet 032A,Theft from the person,,
,2023-07,British Transport Police,British Transport Police,-0.226271,51.583336,On or near Hendon Central (Lu Station),E01000237,Barnet 032A,Violence and sexual offences,,
,2023-07,British Transport Police,British Transport Police,-0.226271,51.583336,On or near Hendon Central (Lu Station),E01000237,Barnet 032A,Violence and sexual offences,,
,2023-07,British Transport Police,British Transport Police,-0.226271,51.583336,On or near Hendon Central (Lu Station),E01000237,Barnet 032A,Violence and sexual offences,,
,2023-07,British Transport Police,British Transport Police,-0.165096,51.587204,On or near East Finchley (Lu Station),E01000208,Barnet 033D,Public order,,
,2023-07,British Transport Police,British Transport Police,-0.165096,51.587204,On or near East Finchley (Lu Station),E01000208,Barnet 033D,Public order,,
,2023-07,British Transport Police,British Transport Police,-0.165096,51.587204,On or near East Finchley (Lu Station),E01000208,Barnet 033D,Public order,,
,2023-07,British Transport Police,British Transport Police,-0.165096,51.587204,On or near East Finchley (Lu Station),E01000208,Barnet 033D,Public order,,
,2023-07,British Transport Police,British Transport Police,-0.165096,51.587204,On or near East Finchley (Lu Station),E01000208,Barnet 033D,Theft from the person,,
,2023-07,British Transport Police,British Transport Police,-0.165096,51.587204,On or near East Finchley (Lu Station),E01000208,Barnet 033D,Vehicle crime,,
,2023-07,British Transport Police,British Transport Police,-0.165096,51.587204,On or near East Finchley (Lu Station),E01000208,Barnet 033D,Violence and sexual offences,,
,2023-07,British Transport Police,British Transport Police,-0.165096,51.587204,On or near East Finchley (Lu Station),E01000208,Barnet 033D,Violence and sexual offences,,
,2023-07,British Transport Police,British Transport Police,-0.165096,51.587204,On or near East Finchley (Lu Station),E01000208,Barnet 033D,Violence and sexual offences,,
,2023-07,British Transport Police,British Transport Police,-0.194068,51.572257,On or near Golders Green (Lu Station),E01000214,Barnet 038E,Criminal damage and arson,,
,2023-07,British Transport Police,British Transport Police,-0.194068,51.572257,On or near Golders Green (Lu Station),E01000214,Barnet 038E,Drugs,,
,2023-07,British Transport Police,British Transport Police,-0.194068,51.572257,On or near Golders Green (Lu Station),E01000214,Barnet 038E,Other theft,,
,2023-07,British Transport Police,British Transport Police,-0.194068,51.572257,On or near Golders Green (Lu Station),E01000214,Barnet 038E,Possession of weapons,,
,2023-07,British Transport Police,British Transport Police,-0.194068,51.572257,On or near Golders Green (Lu Station),E01000214,Barnet 038E,Public order,,
,2023-07,British Transport Police,British Transport Police,-0.194068,51.572257,On or near Golders Green (Lu Station),E01000214,Barnet 038E,Theft from the person,,
,2023-07,British Transport Police,British Transport Police,-0.194068,51.572257,On or near Golders Green (Lu Station),E01000214,Barnet 038E,Theft from the person,,
,2023-07,British Transport Police,British Transport Police,-0.194068,51.572257,On or near Golders Green (Lu Station),E01000214,Barnet 038E,Other crime,,
,2023-07,British Transport Police,British Transport Police,-0.213081,51.558818,On or near Cricklewood (Station),E01000141,Barnet 039A,Criminal damage and arson,,
,2023-07,British Transport Police,British Transport Police,-0.213081,51.558818,On or near Cricklewood (Station),E01000141,Barnet 039A,Public order,,
,2023-07,British Transport Police,British Transport Police,-0.213081,51.558818,On or near Cricklewood (Station),E01000141,Barnet 039A,Theft from the person,,
,2023-07,British Transport Police,British Transport Police,-0.257373,51.592315,On or near Colindale (Lu Station),E01033924,Barnet 043D,Other theft,,
,2023-07,British Transport Police,British Transport Police,-0.257373,51.592315,On or near Colindale (Lu Station),E01033924,Barnet 043D,Public order,,
,2023-07,British Transport Police,British Transport Police,-0.257373,51.592315,On or near Colindale (Lu Station),E01033924,Barnet 043D,Public order,,
,2023-07,British Transport Police,British Transport Police,-0.257373,51.592315,On or near Colindale (Lu Station),E01033924,Barnet 043D,Theft from the person,,
,2023-07,British Transport Police,British Transport Police,-0.257373,51.592315,On or near Colindale (Lu Station),E01033924,Barnet 043D,Theft from the person,,
,2023-07,British Transport Police,British Transport Police,-0.257373,51.592315,On or near Colindale (Lu Station),E01033924,Barnet 043D,Theft from the person,,
,2023-07,British Transport Police,British Transport Police,-1.478314,53.553168,On or near Barnsley (Station),E01007336,Barnsley 013A,Violence and sexual offences,,
,2023-07,British Transport Police,British Transport Police,-1.415693,53.517580,On or near Wombwell (Station),E01007452,Barnsley 026B,Criminal damage and arson,,
,2023-07,British Transport Police,British Transport Police,-3.204459,54.188990,On or near Askam (Station),E01019144,Barrow-in-Furness 001A,Theft from the person,,
,2023-07,British Transport Police,British Transport Police,-3.204459,54.188990,On or near Askam (Station),E01019144,Barrow-in-Furness 001A,Violence and sexual offences,,
,2023-07,British Transport Police,British Transport Police,0.418241,51.628908,On or near Billericay (Station),E01021247,Basildon 003E,Criminal damage and arson,,
,2023-07,British Transport Police,British Transport Police,0.418241,51.628908,On or near Billericay (Station),E01021247,Basildon 003E,Public order,,
,2023-07,British Transport Police,British Transport Police,0.418241,51.628908,On or near Billericay (Station),E01021247,Basildon 003E,Vehicle crime,,
,2023-07,British Transport Police,British Transport Police,0.418241,51.628908,On or near Billericay (Station),E01021247,Basildon 003E,Vehicle crime,,
,2023-07,British Transport Police,British Transport Police,0.418241,51.628908,On or near Billericay (Station),E01021247,Basildon 003E,Vehicle crime,,
,2023-07,British Transport Police,British Transport Police,0.519522,51.615059,On or near Wickford (Station),E01021334,Basildon 005A,Vehicle crime,,
,2023-07,British Transport Police,British Transport Police,0.519522,51.615059,On or near Wickford (Station),E01021334,Basildon 005A,Vehicle crime,,
,2023-07,British Transport Police,British Transport Police,0.519522,51.615059,On or near Wickford (Station),E01021334,Basildon 005A,Violence and sexual offences,,
,2023-07,British Transport Police,British Transport Police,0.456738,51.568233,On or near Basildon (Station),E01021318,Basildon 015C,Bicycle theft,,
,2023-07,British Transport Police,British Transport Police,0.456738,51.568233,On or near Basildon (Station),E01021318,Basildon 015C,Criminal damage and arson,,
,2023-07,British Transport Police,British Transport Police,0.456738,51.568233,On or near Basildon (Station),E01021318,Basildon 015C,Public order,,
,2023-07,British Transport Police,British Transport Police,0.456738,51.568233,On or near Basildon (Station),E01021318,Basildon 015C,Public order,,
,2023-07,British Transport Police,British Transport Police,0.456738,51.568233,On or near Basildon (Station),E01021318,Basildon 015C,Public order,,
,2023-07,British Transport Police,British Transport Police,0.456738,51.568233,On or near Basildon (Station),E01021318,Basildon 015C,Violence and sexual offences,,
,2023-07,British Transport Police,British Transport Police,0.456738,51.568233,On or near Basildon (Station),E01021318,Basildon 015C,Violence and sexual offences,,
,2023-07,British Transport Police,British Transport Police,0.423649,51.567707,On or near Laindon (Station),E01021286,Basildon 016A,Bicycle theft,,
,2023-07,British Transport Police,British Transport Police,0.423649,51.567707,On or near Laindon (Station),E01021286,Basildon 016A,Drugs,,
,2023-07,British Transport Police,British Transport Police,0.423649,51.567707,On or near Laindon (Station),E01021286,Basildon 016A,Violence and sexual offences,,
,2023-07,British Transport Police,British Transport Police,0.506452,51.560350,On or near Pitsea (Station),E01021310,Basildon 022B,Drugs,,
,2023-07,British Transport Police,British Transport Police,0.506452,51.560350,On or near Pitsea (Station),E01021310,Basildon 022B,Drugs,,
,2023-07,British Transport Police,British Transport Police,-1.088169,51.268255,On or near Basingstoke (Station),E01032842,Basingstoke and Deane 011E,Bicycle theft,,
,2023-07,British Transport Police,British Transport Police,-1.088169,51.268255,On or near Basingstoke (Station),E01032842,Basingstoke and Deane 011E,Criminal damage and arson,,
,2023-07,British Transport Police,British Transport Police,-1.088169,51.268255,On or near Basingstoke (Station),E01032842,Basingstoke and Deane 011E,Criminal damage and arson,,
,2023-07,British Transport Police,British Transport Police,-1.088169,51.268255,On or near Basingstoke (Station),E01032842,Basingstoke and Deane 011E,Drugs,,
,2023-07,British Transport Police,British Transport Police,-1.088169,51.268255,On or near Basingstoke (Station),E01032842,Basingstoke and Deane 011E,Other theft,,
,2023-07,British Transport Police,British Transport Police,-1.088169,51.268255,On or near Basingstoke (Station),E01032842,Basingstoke and Deane 011E,Robbery,,
,2023-07,British Transport Police,British Transport Police,-1.088169,51.268255,On or near Basingstoke (Station),E01032842,Basingstoke and Deane 011E,Theft from the person,,
,2023-07,British Transport Police,British Transport Police,-1.088169,51.268255,On or near Basingstoke (Station),E01032842,Basingstoke and Deane 011E,Violence and sexual offences,,
,2023-07,British Transport Police,British Transport Police,-1.088169,51.268255,On or near Basingstoke (Station),E01032842,Basingstoke and Deane 011E,Violence and sexual offences,,
,2023-07,British Transport Police,British Transport Police,-1.088169,51.268255,On or near Basingstoke (Station),E01032842,Basingstoke and Deane 011E,Violence and sexual offences,,
,2023-07,British Transport Police,British Transport Police,-1.088169,51.268255,On or near Basingstoke (Station),E01032842,Basingstoke and Deane 011E,Violence and sexual offences,,
,2023-07,British Transport Police,British Transport Police,-1.088169,51.268255,On or near Basingstoke (Station),E01032842,Basingstoke and Deane 011E,Violence and sexual offences,,
,2023-07,British Transport Police,British Transport Police,-1.150949,51.181358,On or near Bentley (S  Yorks) (Station),E01022561,Basingstoke and Deane 017D,Bicycle theft,,
,2023-07,British Transport Police,British Transport Police,-1.150949,51.181358,On or near Bentley (S  Yorks) (Station),E01022561,Basingstoke and Deane 017D,Violence and sexual offences,,
,2023-07,British Transport Police,British Transport Police,-0.949278,53.314194,On or near Retford (Station),E01028021,Bassetlaw 010E,Criminal damage and arson,,
,2023-07,British Transport Police,British Transport Police,-0.949278,53.314194,On or near Retford (Station),E01028021,Bassetlaw 010E,Public order,,
,2023-07,British Transport Police,British Transport Police,-0.949278,53.314194,On or near Retford (Station),E01028021,Bassetlaw 010E,Violence and sexual offences,,
,2023-07,British Transport Police,British Transport Police,-1.122684,53.311016,On or near Worksop (Station),E01028057,Bassetlaw 012A,Criminal damage and arson,,
,2023-07,British Transport Police,British Transport Police,-1.122684,53.311016,On or near Worksop (Station),E01028057,Bassetlaw 012A,Drugs,,
,2023-07,British Transport Police,British Transport Police,-1.122684,53.311016,On or near Worksop (Station),E01028057,Bassetlaw 012A,Public order,,
,2023-07,British Transport Police,British Transport Police,-1.122684,53.311016,On or near Worksop (Station),E01028057,Bassetlaw 012A,Robbery,,
,2023-07,British Transport Police,British Transport Police,-2.356471,51.377704,On or near Bath Spa (Station),E01014371,Bath and North East Somerset 007B,Bicycle theft,,
,2023-07,British Transport Police,British Transport Police,-2.356471,51.377704,On or near Bath Spa (Station),E01014371,Bath and North East Somerset 007B,Other theft,,
,2023-07,British Transport Police,British Transport Police,-2.356471,51.377704,On or near Bath Spa (Station),E01014371,Bath and North East Somerset 007B,Public order,,
,2023-07,British Transport Police,British Transport Police,-2.356471,51.377704,On or near Bath Spa (Station),E01014371,Bath and North East Somerset 007B,Public order,,
,2023-07,British Transport Police,British Transport Police,-2.356471,51.377704,On or near Bath Spa (Station),E01014371,Bath and North East Somerset 007B,Public order,,
,2023-07,British Transport Police,British Transport Police,-2.356471,51.377704,On or near Bath Spa (Station),E01014371,Bath and North East Somerset 007B,Theft from the person,,
,2023-07,British Transport Police,British Transport Police,-2.356471,51.377704,On or near Bath Spa (Station),E01014371,Bath and North East Somerset 007B,Violence and sexual offences,,
,2023-07,British Transport Police,British Transport Police,-2.356471,51.377704,On or near Bath Spa (Station),E01014371,Bath and North East Somerset 007B,Violence and sexual offences,,
,2023-07,British Transport Police,British Transport Police,-2.356471,51.377704,On or near Bath Spa (Station),E01014371,Bath and North East Somerset 007B,Violence and sexual offences,,
,2023-07,British Transport Police,British Transport Police,-2.356471,51.377704,On or near Bath Spa (Station),E01014371,Bath and North East Somerset 007B,Violence and sexual offences,,
,2023-07,British Transport Police,British Transport Police,-2.366905,51.381529,On or near Green Park (Lu Station),E01014407,Bath and North East Somerset 009C,Criminal damage and arson,,
,2023-07,British Transport Police,British Transport Police,-2.366905,51.381529,On or near Green Park (Lu Station),E01014407,Bath and North East Somerset 009C,Other theft,,
,2023-07,British Transport Police,British Transport Police,-2.366905,51.381529,On or near Green Park (Lu Station),E01014407,Bath and North East Somerset 009C,Other theft,,
,2023-07,British Transport Police,British Transport Police,-2.366905,51.381529,On or near Green Park (Lu Station),E01014407,Bath and North East Somerset 009C,Other theft,,
,2023-07,British Transport Police,British Transport Police,-2.366905,51.381529,On or near Green Park (Lu Station),E01014407,Bath and North East Somerset 009C,Other theft,,
,2023-07,British Transport Police,British Transport Police,-2.366905,51.381529,On or near Green Park (Lu Station),E01014407,Bath and North East Somerset 009C,Other theft,,
,2023-07,British Transport Police,British Transport Police,-2.366905,51.381529,On or near Green Park (Lu Station),E01014407,Bath and North East Somerset 009C,Public order,,
,2023-07,British Transport Police,British Transport Police,-2.366905,51.381529,On or near Green Park (Lu Station),E01014407,Bath and North East Somerset 009C,Public order,,
,2023-07,British Transport Police,British Transport Police,-2.366905,51.381529,On or near Green Park (Lu Station),E01014407,Bath and North East Somerset 009C,Public order,,
,2023-07,British Transport Police,British Transport Police,-2.366905,51.381529,On or near Green Park (Lu Station),E01014407,Bath and North East Somerset 009C,Public order,,
,2023-07,British Transport Police,British Transport Police,-2.366905,51.381529,On or near Green Park (Lu Station),E01014407,Bath and North East Somerset 009C,Public order,,
,2023-07,British Transport Police,British Transport Police,-2.366905,51.381529,On or near Green Park (Lu Station),E01014407,Bath and North East Somerset 009C,Public order,,
,2023-07,British Transport Police,British Transport Police,-2.366905,51.381529,On or near Green Park (Lu Station),E01014407,Bath and North East Somerset 009C,Robbery,,
,2023-07,British Transport Police,British Transport Police,-2.366905,51.381529,On or near Green Park (Lu Station),E01014407,Bath and North East Somerset 009C,Robbery,,
,2023-07,British Transport Police,British Transport Police,-2.366905,51.381529,On or near Green Park (Lu Station),E01014407,Bath and North East Somerset 009C,Robbery,,
,2023-07,British Transport Police,British Transport Police,-2.366905,51.381529,On or near Green Park (Lu Station),E01014407,Bath and North East Somerset 009C,Theft from the person,,
,2023-07,British Transport Police,British Transport Police,-2.366905,51.381529,On or near Green Park (Lu Station),E01014407,Bath and North East Somerset 009C,Theft from the person,,
,2023-07,British Transport Police,British Transport Police,-2.366905,51.381529,On or near Green Park (Lu Station),E01014407,Bath and North East Somerset 009C,Theft from the person,,
,2023-07,British Transport Police,British Transport Police,-2.366905,51.381529,On or near Green Park (Lu Station),E01014407,Bath and North East Somerset 009C,Theft from the person,,
,2023-07,British Transport Police,British Transport Police,-2.366905,51.381529,On or near Green Park (Lu Station),E01014407,Bath and North East Somerset 009C,Theft from the person,,
,2023-07,British Transport Police,British Transport Police,-2.366905,51.381529,On or near Green Park (Lu Station),E01014407,Bath and North East Somerset 009C,Theft from the person,,
,2023-07,British Transport Police,British Transport Police,-2.366905,51.381529,On or near Green Park (Lu Station),E01014407,Bath and North East Somerset 009C,Theft from the person,,
,2023-07,British Transport Police,British Transport Police,-2.366905,51.381529,On or near Green Park (Lu Station),E01014407,Bath and North East Somerset 009C,Theft from the person,,
,2023-07,British Transport Police,British Transport Police,-2.366905,51.381529,On or near Green Park (Lu Station),E01014407,Bath and North East Somerset 009C,Theft from the person,,
,2023-07,British Transport Police,British Transport Police,-2.366905,51.381529,On or near Green Park (Lu Station),E01014407,Bath and North East Somerset 009C,Theft from the person,,
,2023-07,British Transport Police,British Transport Police,-2.366905,51.381529,On or near Green Park (Lu Station),E01014407,Bath and North East Somerset 009C,Theft from the person,,
,2023-07,British Transport Police,British Transport Police,-2.366905,51.381529,On or near Green Park (Lu Station),E01014407,Bath and North East Somerset 009C,Theft from the person,,
,2023-07,British Transport Police,British Transport Police,-2.366905,51.381529,On or near Green Park (Lu Station),E01014407,Bath and North East Somerset 009C,Theft from the person,,
,2023-07,British Transport Police,British Transport Police,-2.366905,51.381529,On or near Green Park (Lu Station),E01014407,Bath and North East Somerset 009C,Theft from the person,,
,2023-07,British Transport Police,British Transport Police,-2.366905,51.381529,On or near Green Park (Lu Station),E01014407,Bath and North East Somerset 009C,Theft from the person,,
,2023-07,British Transport Police,British Transport Police,-2.366905,51.381529,On or near Green Park (Lu Station),E01014407,Bath and North East Somerset 009C,Theft from the person,,
,2023-07,British Transport Police,British Transport Police,-2.366905,51.381529,On or near Green Park (Lu Station),E01014407,Bath and North East Somerset 009C,Theft from the person,,
,2023-07,British Transport Police,British Transport Police,-2.366905,51.381529,On or near Green Park (Lu Station),E01014407,Bath and North East Somerset 009C,Theft from the person,,
,2023-07,British Transport Police,British Transport Police,-2.366905,51.381529,On or near Green Park (Lu Station),E01014407,Bath and North East Somerset 009C,Theft from the person,,
,2023-07,British Transport Police,British Transport Police,-2.366905,51.381529,On or near Green Park (Lu Station),E01014407,Bath and North East Somerset 009C,Theft from the person,,
,2023-07,British Transport Police,British Transport Police,-2.366905,51.381529,On or near Green Park (Lu Station),E01014407,Bath and North East Somerset 009C,Theft from the person,,
,2023-07,British Transport Police,British Transport Police,-2.366905,51.381529,On or near Green Park (Lu Station),E01014407,Bath and North East Somerset 009C,Theft from the person,,
,2023-07,British Transport Police,British Transport Police,-2.366905,51.381529,On or near Green Park (Lu Station),E01014407,Bath and North East Somerset 009C,Theft from the person,,
,2023-07,British Transport Police,British Transport Police,-2.366905,51.381529,On or near Green Park (Lu Station),E01014407,Bath and North East Somerset 009C,Theft from the person,,
,2023-07,British Transport Police,British Transport Police,-2.366905,51.381529,On or near Green Park (Lu Station),E01014407,Bath and North East Somerset 009C,Theft from the person,,
,2023-07,British Transport Police,British Transport Police,-2.366905,51.381529,On or near Green Park (Lu Station),E01014407,Bath and North East Somerset 009C,Theft from the person,,
,2023-07,British Transport Police,British Transport Police,-2.366905,51.381529,On or near Green Park (Lu Station),E01014407,Bath and North East Somerset 009C,Theft from the person,,
,2023-07,British Transport Police,British Transport Police,-2.366905,51.381529,On or near Green Park (Lu Station),E01014407,Bath and North East Somerset 009C,Theft from the person,,
,2023-07,British Transport Police,British Transport Police,-2.366905,51.381529,On or near Green Park (Lu Station),E01014407,Bath and North East Somerset 009C,Theft from the person,,
,2023-07,British Transport Police,British Transport Police,-2.366905,51.381529,On or near Green Park (Lu Station),E01014407,Bath and North East Somerset 009C,Violence and sexual offences,,
,2023-07,British Transport Police,British Transport Police,-2.366905,51.381529,On or near Green Park (Lu Station),E01014407,Bath and North East Somerset 009C,Violence and sexual offences,,
,2023-07,British Transport Police,British Transport Police,-2.366905,51.381529,On or near Green Park (Lu Station),E01014407,Bath and North East Somerset 009C,Violence and sexual offences,,
,2023-07,British Transport Police,British Transport Police,-2.366905,51.381529,On or near Green Park (Lu Station),E01014407,Bath and North East Somerset 009C,Violence and sexual offences,,
,2023-07,British Transport Police,British Transport Police,-2.366905,51.381529,On or near Green Park (Lu Station),E01014407,Bath and North East Somerset 009C,Violence and sexual offences,,
,2023-07,British Transport Police,British Transport Police,-2.366905,51.381529,On or near Green Park (Lu Station),E01014407,Bath and North East Somerset 009C,Violence and sexual offences,,
,2023-07,British Transport Police,British Transport Police,-2.366905,51.381529,On or near Green Park (Lu Station),E01014407,Bath and North East Somerset 009C,Violence and sexual offences,,
,2023-07,British Transport Police,British Transport Police,-2.366905,51.381529,On or near Green Park (Lu Station),E01014407,Bath and North East Somerset 009C,Violence and sexual offences,,
,2023-07,British Transport Police,British Transport Police,-0.479440,52.133573,On or near Bedford (Station),E01017538,Bedford 013D,Bicycle theft,,
,2023-07,British Transport Police,British Transport Police,-0.479440,52.133573,On or near Bedford (Station),E01017538,Bedford 013D,Bicycle theft,,
,2023-07,British Transport Police,British Transport Police,-0.479440,52.133573,On or near Bedford (Station),E01017538,Bedford 013D,Bicycle theft,,
,2023-07,British Transport Police,British Transport Police,-0.479440,52.133573,On or near Bedford (Station),E01017538,Bedford 013D,Bicycle theft,,
,2023-07,British Transport Police,British Transport Police,-0.479440,52.133573,On or near Bedford (Station),E01017538,Bedford 013D,Bicycle theft,,
,2023-07,British Transport Police,British Transport Police,-0.479440,52.133573,On or near Bedford (Station),E01017538,Bedford 013D,Bicycle theft,,
,2023-07,British Transport Police,British Transport Police,-0.479440,52.133573,On or near Bedford (Station),E01017538,Bedford 013D,Bicycle theft,,
,2023-07,British Transport Police,British Transport Police,-0.479440,52.133573,On or near Bedford (Station),E01017538,Bedford 013D,Bicycle theft,,
,2023-07,British Transport Police,British Transport Police,-0.479440,52.133573,On or near Bedford (Station),E01017538,Bedford 013D,Bicycle theft,,
,2023-07,British Transport Police,British Transport Police,-0.479440,52.133573,On or near Bedford (Station),E01017538,Bedford 013D,Bicycle theft,,
,2023-07,British Transport Police,British Transport Police,-0.479440,52.133573,On or near Bedford (Station),E01017538,Bedford 013D,Bicycle theft,,
,2023-07,British Transport Police,British Transport Police,-0.479440,52.133573,On or near Bedford (Station),E01017538,Bedford 013D,Criminal damage and arson,,
,2023-07,British Transport Police,British Transport Police,-0.479440,52.133573,On or near Bedford (Station),E01017538,Bedford 013D,Criminal damage and arson,,
,2023-07,British Transport Police,British Transport Police,-0.479440,52.133573,On or near Bedford (Station),E01017538,Bedford 013D,Criminal damage and arson,,
,2023-07,British Transport Police,British Transport Police,-0.479440,52.133573,On or near Bedford (Station),E01017538,Bedford 013D,Criminal damage and arson,,
,2023-07,British Transport Police,British Transport Police,-0.479440,52.133573,On or near Bedford (Station),E01017538,Bedford 013D,Criminal damage and arson,,
,2023-07,British Transport Police,British Transport Police,-0.479440,52.133573,On or near Bedford (Station),E01017538,Bedford 013D,Other theft,,
,2023-07,British Transport Police,British Transport Police,-0.479440,52.133573,On or near Bedford (Station),E01017538,Bedford 013D,Other theft,,
,2023-07,British Transport Police,British Transport Police,-0.479440,52.133573,On or near Bedford (Station),E01017538,Bedford 013D,Other theft,,
,2023-07,British Transport Police,British Transport Police,-0.479440,52.133573,On or near Bedford (Station),E01017538,Bedford 013D,Public order,,
,2023-07,British Transport Police,British Transport Police,-0.479440,52.133573,On or near Bedford (Station),E01017538,Bedford 013D,Public order,,
,2023-07,British Transport Police,British Transport Police,-0.479440,52.133573,On or near Bedford (Station),E01017538,Bedford 013D,Public order,,
,2023-07,British Transport Police,British Transport Police,-0.479440,52.133573,On or near Bedford (Station),E01017538,Bedford 013D,Public order,,
,2023-07,British Transport Police,British Transport Police,-0.479440,52.133573,On or near Bedford (Station),E01017538,Bedford 013D,Public order,,
,2023-07,British Transport Police,British Transport Police,-0.479440,52.133573,On or near Bedford (Station),E01017538,Bedford 013D,Public order,,
,2023-07,British Transport Police,British Transport Police,-0.479440,52.133573,On or near Bedford (Station),E01017538,Bedford 013D,Theft from the person,,
,2023-07,British Transport Police,British Transport Police,-0.479440,52.133573,On or near Bedford (Station),E01017538,Bedford 013D,Theft from the person,,
,2023-07,British Transport Police,British Transport Police,-0.479440,52.133573,On or near Bedford (Station),E01017538,Bedford 013D,Theft from the person,,
,2023-07,British Transport Police,British Transport Police,-0.479440,52.133573,On or near Bedford (Station),E01017538,Bedford 013D,Vehicle crime,,
,2023-07,British Transport Police,British Transport Police,-0.479440,52.133573,On or near Bedford (Station),E01017538,Bedford 013D,Violence and sexual offences,,
,2023-07,British Transport Police,British Transport Police,-0.479440,52.133573,On or near Bedford (Station),E01017538,Bedford 013D,Violence and sexual offences,,
,2023-07,British Transport Police,British Transport Police,0.152328,51.492089,On or near Belvedere (Station),E01000335,Bexley 003B,Violence and sexual offences,,
,2023-07,British Transport Police,British Transport Police,0.175341,51.481638,On or near Erith (Station),E01000403,Bexley 004A,Other theft,,
,2023-07,British Transport Police,British Transport Police,0.175341,51.481638,On or near Erith (Station),E01000403,Bexley 004A,Public order,,
,2023-07,British Transport Police,British Transport Police,0.175341,51.481638,On or near Erith (Station),E01000403,Bexley 004A,Public order,,
,2023-07,British Transport Police,British Transport Police,0.190350,51.467841,On or near Slade Green (Station),E01033790,Bexley 008I,Criminal damage and arson,,
,2023-07,British Transport Police,British Transport Police,0.190350,51.467841,On or near Slade Green (Station),E01033790,Bexley 008I,Public order,,
,2023-07,British Transport Police,British Transport Police,0.133805,51.463463,On or near Bexleyheath (Station),E01000366,Bexley 015D,Vehicle crime,,
,2023-07,British Transport Police,British Transport Police,0.101903,51.464749,On or near Welling (Station),E01000414,Bexley 016E,Burglary,,
,2023-07,British Transport Police,British Transport Police,0.101903,51.464749,On or near Welling (Station),E01000414,Bexley 016E,Criminal damage and arson,,
,2023-07,British Transport Police,British Transport Police,0.079827,51.459244,On or near Falconwood (Station),E01000412,Bexley 018E,Violence and sexual offences,,
,2023-07,British Transport Police,British Transport Police,0.104080,51.433811,On or near Sidcup (Station),E01000462,Bexley 026E,Bicycle theft,,
,2023-07,British Transport Police,British Transport Police,0.104080,51.433811,On or near Sidcup (Station),E01000462,Bexley 026E,Bicycle theft,,
,2023-07,British Transport Police,British Transport Police,0.104080,51.433811,On or near Sidcup (Station),E01000462,Bexley 026E,Criminal damage and arson,,
,2023-07,British Transport Police,British Transport Police,0.104080,51.433811,On or near Sidcup (Station),E01000462,Bexley 026E,Criminal damage and arson,,
,2023-07,British Transport Police,British Transport Police,0.104080,51.433811,On or near Sidcup (Station),E01000462,Bexley 026E,Criminal damage and arson,,
,2023-07,British Transport Police,British Transport Police,0.104080,51.433811,On or near Sidcup (Station),E01000462,Bexley 026E,Vehicle crime,,
,2023-07,British Transport Police,British Transport Police,0.104080,51.433811,On or near Sidcup (Station),E01000462,Bexley 026E,Vehicle crime,,
,2023-07,British Transport Police,British Transport Police,0.104080,51.433811,On or near Sidcup (Station),E01000462,Bexley 026E,Vehicle crime,,
,2023-07,British Transport Police,British Transport Police,0.104080,51.433811,On or near Sidcup (Station),E01000462,Bexley 026E,Violence and sexual offences,,
,2023-07,British Transport Police,British Transport Police,-1.844458,52.604596,On or near Blake Street (Station),E01009433,Birmingham 001D,Drugs,,
,2023-07,British Transport Police,British Transport Police,-1.828638,52.578809,On or near Four Oaks (Station),E01009427,Birmingham 004C,Drugs,,
,2023-07,British Transport Police,British Transport Police,-1.828638,52.578809,On or near Four Oaks (Station),E01009427,Birmingham 004C,Robbery,,
,2023-07,British Transport Police,British Transport Police,-1.824902,52.565219,On or near Sutton Coldfield (Station),E01009449,Birmingham 009A,Public order,,
,2023-07,British Transport Police,British Transport Police,-1.839273,52.528400,On or near Erdington (Station),E01009007,Birmingham 023D,Other theft,,
,2023-07,British Transport Police,British Transport Police,-1.901709,52.516396,On or near Perry Barr (Station),E01009242,Birmingham 024E,Criminal damage and arson,,
,2023-07,British Transport Police,British Transport Police,-1.901709,52.516396,On or near Perry Barr (Station),E01009242,Birmingham 024E,Criminal damage and arson,,
,2023-07,British Transport Police,British Transport Police,-1.901709,52.516396,On or near Perry Barr (Station),E01009242,Birmingham 024E,Criminal damage and arson,,
,2023-07,British Transport Police,British Transport Police,-1.901709,52.516396,On or near Perry Barr (Station),E01009242,Birmingham 024E,Public order,,
,2023-07,British Transport Police,British Transport Police,-1.901709,52.516396,On or near Perry Barr (Station),E01009242,Birmingham 024E,Violence and sexual offences,,
,2023-07,British Transport Police,British Transport Police,-1.853750,52.514223,On or near Gravelly Hill (Station),E01033646,Birmingham 031I,Criminal damage and arson,,
,2023-07,British Transport Police,British Transport Police,-1.853750,52.514223,On or near Gravelly Hill (Station),E01033646,Birmingham 031I,Criminal damage and arson,,
,2023-07,British Transport Police,British Transport Police,-1.853750,52.514223,On or near Gravelly Hill (Station),E01033646,Birmingham 031I,Public order,,
,2023-07,British Transport Police,British Transport Police,-1.872081,52.503169,On or near Aston (Station),E01008899,Birmingham 037A,Violence and sexual offences,,
,2023-07,British Transport Police,British Transport Police,-1.892120,52.478692,On or near Birmingham Moor Street (Station),E01033561,Birmingham 050E,Drugs,,
,2023-07,British Transport Police,British Transport Police,-1.892120,52.478692,On or near Birmingham Moor Street (Station),E01033561,Birmingham 050E,Public order,,
,2023-07,British Transport Police,British Transport Police,-1.892120,52.478692,On or near Birmingham Moor Street (Station),E01033561,Birmingham 050E,Violence and sexual offences,,
,2023-07,British Transport Police,British Transport Police,-1.871272,52.488668,On or near Duddeston (Station),E01009204,Birmingham 052E,Other theft,,
,2023-07,British Transport Police,British Transport Police,-1.810996,52.484783,On or near Stechford (Station),E01009507,Birmingham 056B,Robbery,,
,2023-07,British Transport Police,British Transport Police,-1.877518,52.472070,On or near Birmingham Bordesley (Station),E01009364,Birmingham 071C,Criminal damage and arson,,
,2023-07,British Transport Police,British Transport Police,-1.937081,52.450971,On or near University (Station),E01034937,Birmingham 079H,Criminal damage and arson,,
,2023-07,British Transport Police,British Transport Police,-1.937081,52.450971,On or near University (Station),E01034937,Birmingham 079H,Public order,,
,2023-07,British Transport Police,British Transport Police,-1.936711,52.441917,On or near Selly Oak (Station),E01009284,Birmingham 096A,Other theft,,
,2023-07,British Transport Police,British Transport Police,-1.936711,52.441917,On or near Selly Oak (Station),E01009284,Birmingham 096A,Public order,,
,2023-07,British Transport Police,British Transport Police,-1.936711,52.441917,On or near Selly Oak (Station),E01009284,Birmingham 096A,Violence and sexual offences,,
,2023-07,British Transport Police,British Transport Police,-1.854691,52.420999,On or near Yardley Wood (Station),E01009037,Birmingham 105D,Criminal damage and arson,,
,2023-07,British Transport Police,British Transport Police,-1.927158,52.427943,On or near Bournville (Station),E01008955,Birmingham 112C,Criminal damage and arson,,
,2023-07,British Transport Police,British Transport Police,-1.927158,52.427943,On or near Bournville (Station),E01008955,Birmingham 112C,Violence and sexual offences,,
,2023-07,British Transport Police,British Transport Police,-1.965807,52.408181,On or near Northfield (Station),E01009206,Birmingham 120B,Criminal damage and arson,,
,2023-07,British Transport Police,British Transport Police,-1.965807,52.408181,On or near Northfield (Station),E01009206,Birmingham 120B,Violence and sexual offences,,
,2023-07,British Transport Police,British Transport Police,-1.933605,52.413851,On or near Kings Norton (Station),E01009116,Birmingham 127D,Criminal damage and arson,,
,2023-07,British Transport Police,British Transport Police,-1.933605,52.413851,On or near Kings Norton (Station),E01009116,Birmingham 127D,Criminal damage and arson,,
,2023-07,British Transport Police,British Transport Police,-1.896485,52.481995,On or near Bull Street (Tram Stop),E01033620,Birmingham 138A,Public order,,
,2023-07,British Transport Police,British Transport Police,-1.902015,52.477347,On or near Birmingham New Street (Station),E01033625,Birmingham 138D,Bicycle theft,,
,2023-07,British Transport Police,British Transport Police,-1.902015,52.477347,On or near Birmingham New Street (Station),E01033625,Birmingham 138D,Bicycle theft,,
,2023-07,British Transport Police,British Transport Police,-1.902015,52.477347,On or near Birmingham New Street (Station),E01033625,Birmingham 138D,Bicycle theft,,
,2023-07,British Transport Police,British Transport Police,-1.902015,52.477347,On or near Birmingham New Street (Station),E01033625,Birmingham 138D,Bicycle theft,,
,2023-07,British Transport Police,British Transport Police,-1.902015,52.477347,On or near Birmingham New Street (Station),E01033625,Birmingham 138D,Criminal damage and arson,,
,2023-07,British Transport Police,British Transport Police,-1.902015,52.477347,On or near Birmingham New Street (Station),E01033625,Birmingham 138D,Criminal damage and arson,,
,2023-07,British Transport Police,British Transport Police,-1.902015,52.477347,On or near Birmingham New Street (Station),E01033625,Birmingham 138D,Drugs,,
,2023-07,British Transport Police,British Transport Police,-1.902015,52.477347,On or near Birmingham New Street (Station),E01033625,Birmingham 138D,Drugs,,
,2023-07,British Transport Police,British Transport Police,-1.902015,52.477347,On or near Birmingham New Street (Station),E01033625,Birmingham 138D,Drugs,,
,2023-07,British Transport Police,British Transport Police,-1.902015,52.477347,On or near Birmingham New Street (Station),E01033625,Birmingham 138D,Drugs,,
,2023-07,British Transport Police,British Transport Police,-1.902015,52.477347,On or near Birmingham New Street (Station),E01033625,Birmingham 138D,Drugs,,
,2023-07,British Transport Police,British Transport Police,-1.902015,52.477347,On or near Birmingham New Street (Station),E01033625,Birmingham 138D,Drugs,,
,2023-07,British Transport Police,British Transport Police,-1.902015,52.477347,On or near Birmingham New Street (Station),E01033625,Birmingham 138D,Drugs,,
,2023-07,British Transport Police,British Transport Police,-1.902015,52.477347,On or near Birmingham New Street (Station),E01033625,Birmingham 138D,Drugs,,
,2023-07,British Transport Police,British Transport Police,-1.902015,52.477347,On or near Birmingham New Street (Station),E01033625,Birmingham 138D,Drugs,,
,2023-07,British Transport Police,British Transport Police,-1.902015,52.477347,On or near Birmingham New Street (Station),E01033625,Birmingham 138D,Drugs,,
,2023-07,British Transport Police,British Transport Police,-1.902015,52.477347,On or near Birmingham New Street (Station),E01033625,Birmingham 138D,Drugs,,
,2023-07,British Transport Police,British Transport Police,-1.902015,52.477347,On or near Birmingham New Street (Station),E01033625,Birmingham 138D,Other theft,,
,2023-07,British Transport Police,British Transport Police,-1.902015,52.477347,On or near Birmingham New Street (Station),E01033625,Birmingham 138D,Other theft,,
,2023-07,British Transport Police,British Transport Police,-1.902015,52.477347,On or near Birmingham New Street (Station),E01033625,Birmingham 138D,Other theft,,
,2023-07,British Transport Police,British Transport Police,-1.902015,52.477347,On or near Birmingham New Street (Station),E01033625,Birmingham 138D,Other theft,,
,2023-07,British Transport Police,British Transport Police,-1.902015,52.477347,On or near Birmingham New Street (Station),E01033625,Birmingham 138D,Other theft,,
,2023-07,British Transport Police,British Transport Police,-1.902015,52.477347,On or near Birmingham New Street (Station),E01033625,Birmingham 138D,Other theft,,
,2023-07,British Transport Police,British Transport Police,-1.902015,52.477347,On or near Birmingham New Street (Station),E01033625,Birmingham 138D,Other theft,,
,2023-07,British Transport Police,British Transport Police,-1.902015,52.477347,On or near Birmingham New Street (Station),E01033625,Birmingham 138D,Other theft,,
,2023-07,British Transport Police,British Transport Police,-1.902015,52.477347,On or near Birmingham New Street (Station),E01033625,Birmingham 138D,Other theft,,
,2023-07,British Transport Police,British Transport Police,-1.902015,52.477347,On or near Birmingham New Street (Station),E01033625,Birmingham 138D,Other theft,,
,2023-07,British Transport Police,British Transport Police,-1.902015,52.477347,On or near Birmingham New Street (Station),E01033625,Birmingham 138D,Other theft,,
,2023-07,British Transport Police,British Transport Police,-1.902015,52.477347,On or near Birmingham New Street (Station),E01033625,Birmingham 138D,Other theft,,
,2023-07,British Transport Police,British Transport Police,-1.902015,52.477347,On or near Birmingham New Street (Station),E01033625,Birmingham 138D,Other theft,,
,2023-07,British Transport Police,British Transport Police,-1.902015,52.477347,On or near Birmingham New Street (Station),E01033625,Birmingham 138D,Other theft,,
,2023-07,British Transport Police,British Transport Police,-1.902015,52.477347,On or near Birmingham New Street (Station),E01033625,Birmingham 138D,Other theft,,
,2023-07,British Transport Police,British Transport Police,-1.902015,52.477347,On or near Birmingham New Street (Station),E01033625,Birmingham 138D,Other theft,,
,2023-07,British Transport Police,British Transport Police,-1.902015,52.477347,On or near Birmingham New Street (Station),E01033625,Birmingham 138D,Other theft,,
,2023-07,British Transport Police,British Transport Police,-1.902015,52.477347,On or near Birmingham New Street (Station),E01033625,Birmingham 138D,Other theft,,
,2023-07,British Transport Police,British Transport Police,-1.902015,52.477347,On or near Birmingham New Street (Station),E01033625,Birmingham 138D,Other theft,,
,2023-07,British Transport Police,British Transport Police,-1.902015,52.477347,On or near Birmingham New Street (Station),E01033625,Birmingham 138D,Other theft,,
,2023-07,British Transport Police,British Transport Police,-1.902015,52.477347,On or near Birmingham New Street (Station),E01033625,Birmingham 138D,Other theft,,
,2023-07,British Transport Police,British Transport Police,-1.902015,52.477347,On or near Birmingham New Street (Station),E01033625,Birmingham 138D,Other theft,,
,2023-07,British Transport Police,British Transport Police,-1.902015,52.477347,On or near Birmingham New Street (Station),E01033625,Birmingham 138D,Other theft,,
,2023-07,British Transport Police,British Transport Police,-1.902015,52.477347,On or near Birmingham New Street (Station),E01033625,Birmingham 138D,Other theft,,
,2023-07,British Transport Police,British Transport Police,-1.902015,52.477347,On or near Birmingham New Street (Station),E01033625,Birmingham 138D,Other theft,,
,2023-07,British Transport Police,British Transport Police,-1.902015,52.477347,On or near Birmingham New Street (Station),E01033625,Birmingham 138D,Other theft,,
,2023-07,British Transport Police,British Transport Police,-1.902015,52.477347,On or near Birmingham New Street (Station),E01033625,Birmingham 138D,Other theft,,
,2023-07,British Transport Police,British Transport Police,-1.902015,52.477347,On or near Birmingham New Street (Station),E01033625,Birmingham 138D,Other theft,,
,2023-07,British Transport Police,British Transport Police,-1.902015,52.477347,On or near Birmingham New Street (Station),E01033625,Birmingham 138D,Other theft,,
,2023-07,British Transport Police,British Transport Police,-1.902015,52.477347,On or near Birmingham New Street (Station),E01033625,Birmingham 138D,Other theft,,
,2023-07,British Transport Police,British Transport Police,-1.902015,52.477347,On or near Birmingham New Street (Station),E01033625,Birmingham 138D,Other theft,,
,2023-07,British Transport Police,British Transport Police,-1.902015,52.477347,On or near Birmingham New Street (Station),E01033625,Birmingham 138D,Other theft,,
,2023-07,British Transport Police,British Transport Police,-1.902015,52.477347,On or near Birmingham New Street (Station),E01033625,Birmingham 138D,Other theft,,
,2023-07,British Transport Police,British Transport Police,-1.902015,52.477347,On or near Birmingham New Street (Station),E01033625,Birmingham 138D,Other theft,,
,2023-07,British Transport Police,British Transport Police,-1.902015,52.477347,On or near Birmingham New Street (Station),E01033625,Birmingham 138D,Other theft,,
,2023-07,British Transport Police,British Transport Police,-1.902015,52.477347,On or near Birmingham New Street (Station),E01033625,Birmingham 138D,Other theft,,
,2023-07,British Transport Police,British Transport Police,-1.902015,52.477347,On or near Birmingham New Street (Station),E01033625,Birmingham 138D,Other theft,,
,2023-07,British Transport Police,British Transport Police,-1.902015,52.477347,On or near Birmingham New Street (Station),E01033625,Birmingham 138D,Public order,,
,2023-07,British Transport Police,British Transport Police,-1.902015,52.477347,On or near Birmingham New Street (Station),E01033625,Birmingham 138D,Public order,,
,2023-07,British Transport Police,British Transport Police,-1.902015,52.477347,On or near Birmingham New Street (Station),E01033625,Birmingham 138D,Public order,,
,2023-07,British Transport Police,British Transport Police,-1.902015,52.477347,On or near Birmingham New Street (Station),E01033625,Birmingham 138D,Public order,,
,2023-07,British Transport Police,British Transport Police,-1.902015,52.477347,On or near Birmingham New Street (Station),E01033625,Birmingham 138D,Public order,,
,2023-07,British Transport Police,British Transport Police,-1.902015,52.477347,On or near Birmingham New Street (Station),E01033625,Birmingham 138D,Public order,,
,2023-07,British Transport Police,British Transport Police,-1.902015,52.477347,On or near Birmingham New Street (Station),E01033625,Birmingham 138D,Public order,,
,2023-07,British Transport Police,British Transport Police,-1.902015,52.477347,On or near Birmingham New Street (Station),E01033625,Birmingham 138D,Public order,,
,2023-07,British Transport Police,British Transport Police,-1.902015,52.477347,On or near Birmingham New Street (Station),E01033625,Birmingham 138D,Public order,,
,2023-07,British Transport Police,British Transport Police,-1.902015,52.477347,On or near Birmingham New Street (Station),E01033625,Birmingham 138D,Public order,,
,2023-07,British Transport Police,British Transport Police,-1.902015,52.477347,On or near Birmingham New Street (Station),E01033625,Birmingham 138D,Public order,,
,2023-07,British Transport Police,British Transport Police,-1.902015,52.477347,On or near Birmingham New Street (Station),E01033625,Birmingham 138D,Public order,,
,2023-07,British Transport Police,British Transport Police,-1.902015,52.477347,On or near Birmingham New Street (Station),E01033625,Birmingham 138D,Public order,,
,2023-07,British Transport Police,British Transport Police,-1.902015,52.477347,On or near Birmingham New Street (Station),E01033625,Birmingham 138D,Public order,,
,2023-07,British Transport Police,British Transport Police,-1.902015,52.477347,On or near Birmingham New Street (Station),E01033625,Birmingham 138D,Public order,,
,2023-07,British Transport Police,British Transport Police,-1.902015,52.477347,On or near Birmingham New Street (Station),E01033625,Birmingham 138D,Public order,,
,2023-07,British Transport Police,British Transport Police,-1.902015,52.477347,On or near Birmingham New Street (Station),E01033625,Birmingham 138D,Public order,,
,2023-07,British Transport Police,British Transport Police,-1.902015,52.477347,On or near Birmingham New Street (Station),E01033625,Birmingham 138D,Public order,,
,2023-07,British Transport Police,British Transport Police,-1.902015,52.477347,On or near Birmingham New Street (Station),E01033625,Birmingham 138D,Public order,,
,2023-07,British Transport Police,British Transport Police,-1.902015,52.477347,On or near Birmingham New Street (Station),E01033625,Birmingham 138D,Public order,,
,2023-07,British Transport Police,British Transport Police,-1.902015,52.477347,On or near Birmingham New Street (Station),E01033625,Birmingham 138D,Public order,,
,2023-07,British Transport Police,British Transport Police,-1.902015,52.477347,On or near Birmingham New Street (Station),E01033625,Birmingham 138D,Public order,,
,2023-07,British Transport Police,British Transport Police,-1.902015,52.477347,On or near Birmingham New Street (Station),E01033625,Birmingham 138D,Public order,,
,2023-07,British Transport Police,British Transport Police,-1.902015,52.477347,On or near Birmingham New Street (Station),E01033625,Birmingham 138D,Public order,,
,2023-07,British Transport Police,British Transport Police,-1.902015,52.477347,On or near Birmingham New Street (Station),E01033625,Birmingham 138D,Public order,,
,2023-07,British Transport Police,British Transport Police,-1.902015,52.477347,On or near Birmingham New Street (Station),E01033625,Birmingham 138D,Public order,,
,2023-07,British Transport Police,British Transport Police,-1.902015,52.477347,On or near Birmingham New Street (Station),E01033625,Birmingham 138D,Public order,,
,2023-07,British Transport Police,British Transport Police,-1.902015,52.477347,On or near Birmingham New Street (Station),E01033625,Birmingham 138D,Public order,,
,2023-07,British Transport Police,British Transport Police,-1.902015,52.477347,On or near Birmingham New Street (Station),E01033625,Birmingham 138D,Public order,,
,2023-07,British Transport Police,British Transport Police,-1.902015,52.477347,On or near Birmingham New Street (Station),E01033625,Birmingham 138D,Public order,,
,2023-07,British Transport Police,British Transport Police,-1.902015,52.477347,On or near Birmingham New Street (Station),E01033625,Birmingham 138D,Public order,,
,2023-07,British Transport Police,British Transport Police,-1.902015,52.477347,On or near Birmingham New Street (Station),E01033625,Birmingham 138D,Public order,,
,2023-07,British Transport Police,British Transport Police,-1.902015,52.477347,On or near Birmingham New Street (Station),E01033625,Birmingham 138D,Public order,,
,2023-07,British Transport Police,British Transport Police,-1.902015,52.477347,On or near Birmingham New Street (Station),E01033625,Birmingham 138D,Robbery,,
,2023-07,British Transport Police,British Transport Police,-1.902015,52.477347,On or near Birmingham New Street (Station),E01033625,Birmingham 138D,Robbery,,
,2023-07,British Transport Police,British Transport Police,-1.902015,52.477347,On or near Birmingham New Street (Station),E01033625,Birmingham 138D,Shoplifting,,
,2023-07,British Transport Police,British Transport Police,-1.902015,52.477347,On or near Birmingham New Street (Station),E01033625,Birmingham 138D,Shoplifting,,
,2023-07,British Transport Police,British Transport Police,-1.902015,52.477347,On or near Birmingham New Street (Station),E01033625,Birmingham 138D,Shoplifting,,
,2023-07,British Transport Police,British Transport Police,-1.902015,52.477347,On or near Birmingham New Street (Station),E01033625,Birmingham 138D,Shoplifting,,
,2023-07,British Transport Police,British Transport Police,-1.902015,52.477347,On or near Birmingham New Street (Station),E01033625,Birmingham 138D,Shoplifting,,
,2023-07,British Transport Police,British Transport Police,-1.902015,52.477347,On or near Birmingham New Street (Station),E01033625,Birmingham 138D,Shoplifting,,
,2023-07,British Transport Police,British Transport Police,-1.902015,52.477347,On or near Birmingham New Street (Station),E01033625,Birmingham 138D,Shoplifting,,
,2023-07,British Transport Police,British Transport Police,-1.902015,52.477347,On or near Birmingham New Street (Station),E01033625,Birmingham 138D,Shoplifting,,
,2023-07,British Transport Police,British Transport Police,-1.902015,52.477347,On or near Birmingham New Street (Station),E01033625,Birmingham 138D,Shoplifting,,
,2023-07,British Transport Police,British Transport Police,-1.902015,52.477347,On or near Birmingham New Street (Station),E01033625,Birmingham 138D,Shoplifting,,
,2023-07,British Transport Police,British Transport Police,-1.902015,52.477347,On or near Birmingham New Street (Station),E01033625,Birmingham 138D,Shoplifting,,
,2023-07,British Transport Police,British Transport Police,-1.902015,52.477347,On or near Birmingham New Street (Station),E01033625,Birmingham 138D,Shoplifting,,
,2023-07,British Transport Police,British Transport Police,-1.902015,52.477347,On or near Birmingham New Street (Station),E01033625,Birmingham 138D,Shoplifting,,
,2023-07,British Transport Police,British Transport Police,-1.902015,52.477347,On or near Birmingham New Street (Station),E01033625,Birmingham 138D,Shoplifting,,
,2023-07,British Transport Police,British Transport Police,-1.902015,52.477347,On or near Birmingham New Street (Station),E01033625,Birmingham 138D,Shoplifting,,
,2023-07,British Transport Police,British Transport Police,-1.902015,52.477347,On or near Birmingham New Street (Station),E01033625,Birmingham 138D,Shoplifting,,
,2023-07,British Transport Police,British Transport Police,-1.902015,52.477347,On or near Birmingham New Street (Station),E01033625,Birmingham 138D,Shoplifting,,
,2023-07,British Transport Police,British Transport Police,-1.902015,52.477347,On or near Birmingham New Street (Station),E01033625,Birmingham 138D,Shoplifting,,
,2023-07,British Transport Police,British Transport Police,-1.902015,52.477347,On or near Birmingham New Street (Station),E01033625,Birmingham 138D,Shoplifting,,
,2023-07,British Transport Police,British Transport Police,-1.902015,52.477347,On or near Birmingham New Street (Station),E01033625,Birmingham 138D,Shoplifting,,
,2023-07,British Transport Police,British Transport Police,-1.902015,52.477347,On or near Birmingham New Street (Station),E01033625,Birmingham 138D,Shoplifting,,
,2023-07,British Transport Police,British Transport Police,-1.902015,52.477347,On or near Birmingham New Street (Station),E01033625,Birmingham 138D,Theft from the person,,
,2023-07,British Transport Police,British Transport Police,-1.902015,52.477347,On or near Birmingham New Street (Station),E01033625,Birmingham 138D,Theft from the person,,
,2023-07,British Transport Police,British Transport Police,-1.902015,52.477347,On or near Birmingham New Street (Station),E01033625,Birmingham 138D,Theft from the person,,
,2023-07,British Transport Police,British Transport Police,-1.902015,52.477347,On or near Birmingham New Street (Station),E01033625,Birmingham 138D,Theft from the person,,
,2023-07,British Transport Police,British Transport Police,-1.902015,52.477347,On or near Birmingham New Street (Station),E01033625,Birmingham 138D,Theft from the person,,
,2023-07,British Transport Police,British Transport Police,-1.902015,52.477347,On or near Birmingham New Street (Station),E01033625,Birmingham 138D,Theft from the person,,
,2023-07,British Transport Police,British Transport Police,-1.902015,52.477347,On or near Birmingham New Street (Station),E01033625,Birmingham 138D,Theft from the person,,
,2023-07,British Transport Police,British Transport Police,-1.902015,52.477347,On or near Birmingham New Street (Station),E01033625,Birmingham 138D,Theft from the person,,
,2023-07,British Transport Police,British Transport Police,-1.902015,52.477347,On or near Birmingham New Street (Station),E01033625,Birmingham 138D,Theft from the person,,
,2023-07,British Transport Police,British Transport Police,-1.902015,52.477347,On or near Birmingham New Street (Station),E01033625,Birmingham 138D,Theft from the person,,
,2023-07,British Transport Police,British Transport Police,-1.902015,52.477347,On or near Birmingham New Street (Station),E01033625,Birmingham 138D,Violence and sexual offences,,
,2023-07,British Transport Police,British Transport Police,-1.902015,52.477347,On or near Birmingham New Street (Station),E01033625,Birmingham 138D,Violence and sexual offences,,
,2023-07,British Transport Police,British Transport Police,-1.902015,52.477347,On or near Birmingham New Street (Station),E01033625,Birmingham 138D,Violence and sexual offences,,
,2023-07,British Transport Police,British Transport Police,-1.902015,52.477347,On or near Birmingham New Street (Station),E01033625,Birmingham 138D,Violence and sexual offences,,
,2023-07,British Transport Police,British Transport Police,-1.902015,52.477347,On or near Birmingham New Street (Station),E01033625,Birmingham 138D,Violence and sexual offences,,
,2023-07,British Transport Police,British Transport Police,-1.902015,52.477347,On or near Birmingham New Street (Station),E01033625,Birmingham 138D,Violence and sexual offences,,
,2023-07,British Transport Police,British Transport Police,-1.902015,52.477347,On or near Birmingham New Street (Station),E01033625,Birmingham 138D,Violence and sexual offences,,
,2023-07,British Transport Police,British Transport Police,-1.902015,52.477347,On or near Birmingham New Street (Station),E01033625,Birmingham 138D,Violence and sexual offences,,
,2023-07,British Transport Police,British Transport Police,-1.902015,52.477347,On or near Birmingham New Street (Station),E01033625,Birmingham 138D,Violence and sexual offences,,
,2023-07,British Transport Police,British Transport Police,-1.902015,52.477347,On or near Birmingham New Street (Station),E01033625,Birmingham 138D,Violence and sexual offences,,
,2023-07,British Transport Police,British Transport Police,-1.902015,52.477347,On or near Birmingham New Street (Station),E01033625,Birmingham 138D,Violence and sexual offences,,
,2023-07,British Transport Police,British Transport Police,-1.902015,52.477347,On or near Birmingham New Street (Station),E01033625,Birmingham 138D,Violence and sexual offences,,
,2023-07,British Transport Police,British Transport Police,-1.902015,52.477347,On or near Birmingham New Street (Station),E01033625,Birmingham 138D,Violence and sexual offences,,
,2023-07,British Transport Police,British Transport Police,-1.902015,52.477347,On or near Birmingham New Street (Station),E01033625,Birmingham 138D,Violence and sexual offences,,
,2023-07,British Transport Police,British Transport Police,-1.902015,52.477347,On or near Birmingham New Street (Station),E01033625,Birmingham 138D,Violence and sexual offences,,
,2023-07,British Transport Police,British Transport Police,-1.902015,52.477347,On or near Birmingham New Street (Station),E01033625,Birmingham 138D,Violence and sexual offences,,
,2023-07,British Transport Police,British Transport Police,-1.902015,52.477347,On or near Birmingham New Street (Station),E01033625,Birmingham 138D,Violence and sexual offences,,
,2023-07,British Transport Police,British Transport Police,-1.902015,52.477347,On or near Birmingham New Street (Station),E01033625,Birmingham 138D,Violence and sexual offences,,
,2023-07,British Transport Police,British Transport Police,-1.902015,52.477347,On or near Birmingham New Street (Station),E01033625,Birmingham 138D,Violence and sexual offences,,
,2023-07,British Transport Police,British Transport Police,-1.902015,52.477347,On or near Birmingham New Street (Station),E01033625,Birmingham 138D,Violence and sexual offences,,
,2023-07,British Transport Police,British Transport Police,-1.902015,52.477347,On or near Birmingham New Street (Station),E01033625,Birmingham 138D,Violence and sexual offences,,
,2023-07,British Transport Police,British Transport Police,-1.902015,52.477347,On or near Birmingham New Street (Station),E01033625,Birmingham 138D,Violence and sexual offences,,
,2023-07,British Transport Police,British Transport Police,-1.902015,52.477347,On or near Birmingham New Street (Station),E01033625,Birmingham 138D,Violence and sexual offences,,
,2023-07,British Transport Police,British Transport Police,-1.902015,52.477347,On or near Birmingham New Street (Station),E01033625,Birmingham 138D,Violence and sexual offences,,
,2023-07,British Transport Police,British Transport Police,-1.902015,52.477347,On or near Birmingham New Street (Station),E01033625,Birmingham 138D,Violence and sexual offences,,
,2023-07,British Transport Police,British Transport Police,-1.902015,52.477347,On or near Birmingham New Street (Station),E01033625,Birmingham 138D,Violence and sexual offences,,
,2023-07,British Transport Police,British Transport Police,-1.902015,52.477347,On or near Birmingham New Street (Station),E01033625,Birmingham 138D,Violence and sexual offences,,
,2023-07,British Transport Police,British Transport Police,-1.902015,52.477347,On or near Birmingham New Street (Station),E01033625,Birmingham 138D,Violence and sexual offences,,
,2023-07,British Transport Police,British Transport Police,-1.902015,52.477347,On or near Birmingham New Street (Station),E01033625,Birmingham 138D,Violence and sexual offences,,
,2023-07,British Transport Police,British Transport Police,-1.902015,52.477347,On or near Birmingham New Street (Station),E01033625,Birmingham 138D,Violence and sexual offences,,
,2023-07,British Transport Police,British Transport Police,-1.902015,52.477347,On or near Birmingham New Street (Station),E01033625,Birmingham 138D,Violence and sexual offences,,
,2023-07,British Transport Police,British Transport Police,-1.902015,52.477347,On or near Birmingham New Street (Station),E01033625,Birmingham 138D,Violence and sexual offences,,
,2023-07,British Transport Police,British Transport Police,-1.902015,52.477347,On or near Birmingham New Street (Station),E01033625,Birmingham 138D,Violence and sexual offences,,
,2023-07,British Transport Police,British Transport Police,-1.902015,52.477347,On or near Birmingham New Street (Station),E01033625,Birmingham 138D,Violence and sexual offences,,
,2023-07,British Transport Police,British Transport Police,-1.902015,52.477347,On or near Birmingham New Street (Station),E01033625,Birmingham 138D,Violence and sexual offences,,
,2023-07,British Transport Police,British Transport Police,-1.902015,52.477347,On or near Birmingham New Street (Station),E01033625,Birmingham 138D,Violence and sexual offences,,
,2023-07,British Transport Police,British Transport Police,-1.902015,52.477347,On or near Birmingham New Street (Station),E01033625,Birmingham 138D,Violence and sexual offences,,
,2023-07,British Transport Police,British Transport Police,-1.902015,52.477347,On or near Birmingham New Street (Station),E01033625,Birmingham 138D,Violence and sexual offences,,
,2023-07,British Transport Police,British Transport Police,-1.902015,52.477347,On or near Birmingham New Street (Station),E01033625,Birmingham 138D,Violence and sexual offences,,
,2023-07,British Transport Police,British Transport Police,-1.902015,52.477347,On or near Birmingham New Street (Station),E01033625,Birmingham 138D,Violence and sexual offences,,
,2023-07,British Transport Police,British Transport Police,-1.902015,52.477347,On or near Birmingham New Street (Station),E01033625,Birmingham 138D,Other crime,,
,2023-07,British Transport Police,British Transport Police,-1.902015,52.477347,On or near Birmingham New Street (Station),E01033625,Birmingham 138D,Other crime,,
,2023-07,British Transport Police,British Transport Police,-1.902015,52.477347,On or near Birmingham New Street (Station),E01033625,Birmingham 138D,Other crime,,
,2023-07,British Transport Police,British Transport Police,-1.859496,52.463733,On or near Small Heath (Station),E01009339,Birmingham 142A,Violence and sexual offences,,
,2023-07,British Transport Police,British Transport Police,-1.838528,52.453936,On or near Tyseley (Station),E01034952,Birmingham 142B,Criminal damage and arson,,
,2023-07,British Transport Police,British Transport Police,-1.838528,52.453936,On or near Tyseley (Station),E01034952,Birmingham 142B,Criminal damage and arson,,
,2023-07,British Transport Police,British Transport Police,-2.479225,53.746649,On or near Blackburn (Station),E01012643,Blackburn with Darwen 006C,Other theft,,
,2023-07,British Transport Police,British Transport Police,-2.479225,53.746649,On or near Blackburn (Station),E01012643,Blackburn with Darwen 006C,Public order,,
,2023-07,British Transport Police,British Transport Police,-2.479225,53.746649,On or near Blackburn (Station),E01012643,Blackburn with Darwen 006C,Public order,,
,2023-07,British Transport Police,British Transport Police,-2.544124,53.730958,On or near Pleasington (Station),E01012611,Blackburn with Darwen 010D,Theft from the person,,
,2023-07,British Transport Police,British Transport Police,-3.049352,53.822147,On or near Blackpool North (Station),E01012681,Blackpool 006A,Other theft,,
,2023-07,British Transport Police,British Transport Police,-3.049352,53.822147,On or near Blackpool North (Station),E01012681,Blackpool 006A,Other theft,,
,2023-07,British Transport Police,British Transport Police,-3.049352,53.822147,On or near Blackpool North (Station),E01012681,Blackpool 006A,Public order,,
,2023-07,British Transport Police,British Transport Police,-3.049352,53.822147,On or near Blackpool North (Station),E01012681,Blackpool 006A,Violence and sexual offences,,
,2023-07,British Transport Police,British Transport Police,-3.049352,53.822147,On or near Blackpool North (Station),E01012681,Blackpool 006A,Violence and sexual offences,,
,2023-07,British Transport Police,British Transport Police,-2.428390,53.574381,On or near Bolton (Station),E01004848,Bolton 016D,Drugs,,
,2023-07,British Transport Police,British Transport Police,-2.428390,53.574381,On or near Bolton (Station),E01004848,Bolton 016D,Public order,,
,2023-07,British Transport Police,British Transport Police,-2.428390,53.574381,On or near Bolton (Station),E01004848,Bolton 016D,Public order,,
,2023-07,British Transport Police,British Transport Police,-2.428390,53.574381,On or near Bolton (Station),E01004848,Bolton 016D,Violence and sexual offences,,
,2023-07,British Transport Police,British Transport Police,-2.515937,53.539505,On or near Daisy Hill (Station),E01004895,Bolton 031B,Violence and sexual offences,,
,2023-07,British Transport Police,British Transport Police,-2.387668,53.549959,On or near Farnworth (Station),E01004859,Bolton 032B,Violence and sexual offences,,
,2023-07,British Transport Police,British Transport Police,-2.387668,53.549959,On or near Farnworth (Station),E01004859,Bolton 032B,Violence and sexual offences,,
,2023-07,British Transport Police,British Transport Police,-0.031858,52.976656,On or near Boston (Station),E01026030,Boston 002C,Violence and sexual offences,,
,2023-07,British Transport Police,British Transport Police,-0.031858,52.976656,On or near Boston (Station),E01026030,Boston 002C,Violence and sexual offences,,
,2023-07,British Transport Police,British Transport Police,-1.919914,50.727054,On or near Branksome (Station),E01015386,"Bournemouth, Christchurch and Poole 029A",Criminal damage and arson,,
,2023-07,British Transport Police,British Transport Police,-1.825159,50.731068,On or near Pokesdown (Station),E01015273,"Bournemouth, Christchurch and Poole 035B",Bicycle theft,,
,2023-07,British Transport Police,British Transport Police,-1.825159,50.731068,On or near Pokesdown (Station),E01015273,"Bournemouth, Christchurch and Poole 035B",Violence and sexual offences,,
,2023-07,British Transport Police,British Transport Police,-1.864530,50.726659,On or near Bournemouth (Station),E01034271,"Bournemouth, Christchurch and Poole 038E",Bicycle theft,,
,2023-07,British Transport Police,British Transport Police,-1.864530,50.726659,On or near Bournemouth (Station),E01034271,"Bournemouth, Christchurch and Poole 038E",Drugs,,
,2023-07,British Transport Police,British Transport Police,-1.864530,50.726659,On or near Bournemouth (Station),E01034271,"Bournemouth, Christchurch and Poole 038E",Other theft,,
,2023-07,British Transport Police,British Transport Police,-1.864530,50.726659,On or near Bournemouth (Station),E01034271,"Bournemouth, Christchurch and Poole 038E",Public order,,
,2023-07,British Transport Police,British Transport Police,-1.864530,50.726659,On or near Bournemouth (Station),E01034271,"Bournemouth, Christchurch and Poole 038E",Violence and sexual offences,,
,2023-07,British Transport Police,British Transport Police,-1.864728,50.727928,On or near South Woodford (Lu Station),E01015288,"Bournemouth, Christchurch and Poole 041A",Drugs,,
,2023-07,British Transport Police,British Transport Police,-1.864728,50.727928,On or near South Woodford (Lu Station),E01015288,"Bournemouth, Christchurch and Poole 041A",Public order,,
,2023-07,British Transport Police,British Transport Police,-1.864728,50.727928,On or near South Woodford (Lu Station),E01015288,"Bournemouth, Christchurch and Poole 041A",Vehicle crime,,
,2023-07,British Transport Police,British Transport Police,-1.864728,50.727928,On or near South Woodford (Lu Station),E01015288,"Bournemouth, Christchurch and Poole 041A",Vehicle crime,,
,2023-07,British Transport Police,British Transport Police,-2.019456,50.725199,On or near Hamworthy (Station),E01015429,"Bournemouth, Christchurch and Poole 042C",Criminal damage and arson,,
,2023-07,British Transport Police,British Transport Police,-2.019456,50.725199,On or near Hamworthy (Station),E01015429,"Bournemouth, Christchurch and Poole 042C",Violence and sexual offences,,
,2023-07,British Transport Police,British Transport Police,-2.019456,50.725199,On or near Hamworthy (Station),E01015429,"Bournemouth, Christchurch and Poole 042C",Violence and sexual offences,,
,2023-07,British Transport Police,British Transport Police,-1.982935,50.720164,On or near Poole (Station),E01034282,"Bournemouth, Christchurch and Poole 044H",Other theft,,
,2023-07,British Transport Police,British Transport Police,-1.982935,50.720164,On or near Poole (Station),E01034282,"Bournemouth, Christchurch and Poole 044H",Violence and sexual offences,,
,2023-07,British Transport Police,British Transport Police,-0.724194,51.407463,On or near Martins Heron (Station),E01016223,Bracknell Forest 006C,Bicycle theft,,
,2023-07,British Transport Police,British Transport Police,-0.724194,51.407463,On or near Martins Heron (Station),E01016223,Bracknell Forest 006C,Vehicle crime,,
,2023-07,British Transport Police,British Transport Police,-0.751706,51.413085,On or near Bracknell (Station),E01035241,Bracknell Forest 007F,Bicycle theft,,
,2023-07,British Transport Police,British Transport Police,-0.751706,51.413085,On or near Bracknell (Station),E01035241,Bracknell Forest 007F,Other theft,,
,2023-07,British Transport Police,British Transport Police,-0.751706,51.413085,On or near Bracknell (Station),E01035241,Bracknell Forest 007F,Public order,,
,2023-07,British Transport Police,British Transport Police,-1.821799,53.924834,On or near Ilkley (Station),E01010692,Bradford 001D,Criminal damage and arson,,
,2023-07,British Transport Police,British Transport Police,-1.821799,53.924834,On or near Ilkley (Station),E01010692,Bradford 001D,Public order,,
,2023-07,British Transport Police,British Transport Police,-1.797506,53.925668,On or near Ben Rhydding (Station),E01010696,Bradford 002E,Violence and sexual offences,,
,2023-07,British Transport Police,British Transport Police,-1.753220,53.907923,On or near Burley In Wharfedale (Station),E01010770,Bradford 005A,Public order,,
,2023-07,British Transport Police,British Transport Police,-1.900920,53.867943,On or near Keighley (Station),E01010700,Bradford 008A,Public order,,
,2023-07,British Transport Police,British Transport Police,-1.844506,53.858401,On or near Crossflatts (Station),E01010765,Bradford 010D,Violence and sexual offences,,
,2023-07,British Transport Police,British Transport Police,-1.790389,53.838547,On or near Saltaire (Station),E01010784,Bradford 018C,Public order,,
,2023-07,British Transport Police,British Transport Police,-1.948730,53.831223,On or near Bingley (Station),E01010856,Bradford 023C,Public order,,
,2023-07,British Transport Police,British Transport Police,-1.948730,53.831223,On or near Bingley (Station),E01010856,Bradford 023C,Public order,,
,2023-07,British Transport Police,British Transport Police,-1.948730,53.831223,On or near Bingley (Station),E01010856,Bradford 023C,Theft from the person,,
,2023-07,British Transport Police,British Transport Police,-1.944233,53.900005,On or near Steeton & Silsden (Station),E01010645,Bradford 062C,Criminal damage and arson,,
,2023-07,British Transport Police,British Transport Police,-1.752439,53.790744,On or near Bradford Interchange (Station),E01033690,Bradford 065C,Violence and sexual offences,,
,2023-07,British Transport Police,British Transport Police,-1.752439,53.790744,On or near Bradford Interchange (Station),E01033690,Bradford 065C,Violence and sexual offences,,
,2023-07,British Transport Police,British Transport Police,-1.752439,53.790744,On or near Bradford Interchange (Station),E01033690,Bradford 065C,Violence and sexual offences,,
,2023-07,British Transport Police,British Transport Police,0.639486,51.805949,On or near Witham (Station),E01021416,Braintree 017B,Bicycle theft,,
,2023-07,British Transport Police,British Transport Police,0.639486,51.805949,On or near Witham (Station),E01021416,Braintree 017B,Bicycle theft,,
,2023-07,British Transport Police,British Transport Police,0.639486,51.805949,On or near Witham (Station),E01021416,Braintree 017B,Bicycle theft,,
,2023-07,British Transport Police,British Transport Police,0.591948,51.779832,On or near Hatfield Peverel (Station),E01021394,Braintree 018B,Bicycle theft,,
,2023-07,British Transport Police,British Transport Police,-0.278763,51.584799,On or near Kingsbury (Lu Station),E01000543,Brent 003E,Other theft,,
,2023-07,British Transport Police,British Transport Police,-0.278763,51.584799,On or near Kingsbury (Lu Station),E01000543,Brent 003E,Public order,,
,2023-07,British Transport Police,British Transport Police,-0.316608,51.582063,On or near Kenton (Lu Station),E01000536,Brent 004A,Violence and sexual offences,,
,2023-07,British Transport Police,British Transport Police,-0.295403,51.572145,On or near Preston Road (Lu Station),E01000575,Brent 007D,Public order,,
,2023-07,British Transport Police,British Transport Police,-0.295403,51.572145,On or near Preston Road (Lu Station),E01000575,Brent 007D,Public order,,
,2023-07,British Transport Police,British Transport Police,-0.295403,51.572145,On or near Preston Road (Lu Station),E01000575,Brent 007D,Violence and sexual offences,,
,2023-07,British Transport Police,British Transport Police,-0.295403,51.572145,On or near Preston Road (Lu Station),E01000575,Brent 007D,Violence and sexual offences,,
,2023-07,British Transport Police,British Transport Police,-0.318180,51.578653,On or near Northwick Park (Lu Station),E01000568,Brent 008D,Violence and sexual offences,,
,2023-07,British Transport Police,British Transport Police,-0.281916,51.563322,On or near Wembley Park (Lu Station),E01000578,Brent 012D,Drugs,,
,2023-07,British Transport Police,British Transport Police,-0.281916,51.563322,On or near Wembley Park (Lu Station),E01000578,Brent 012D,Other theft,,
,2023-07,British Transport Police,British Transport Police,-0.281916,51.563322,On or near Wembley Park (Lu Station),E01000578,Brent 012D,Other theft,,
,2023-07,British Transport Police,British Transport Police,-0.281916,51.563322,On or near Wembley Park (Lu Station),E01000578,Brent 012D,Other theft,,
,2023-07,British Transport Police,British Transport Police,-0.281916,51.563322,On or near Wembley Park (Lu Station),E01000578,Brent 012D,Public order,,
,2023-07,British Transport Police,British Transport Police,-0.281916,51.563322,On or near Wembley Park (Lu Station),E01000578,Brent 012D,Theft from the person,,
,2023-07,British Transport Police,British Transport Police,-0.281916,51.563322,On or near Wembley Park (Lu Station),E01000578,Brent 012D,Theft from the person,,
,2023-07,British Transport Police,British Transport Police,-0.281916,51.563322,On or near Wembley Park (Lu Station),E01000578,Brent 012D,Violence and sexual offences,,
,2023-07,British Transport Police,British Transport Police,-0.281916,51.563322,On or near Wembley Park (Lu Station),E01000578,Brent 012D,Violence and sexual offences,,
,2023-07,British Transport Police,British Transport Police,-0.281916,51.563322,On or near Wembley Park (Lu Station),E01000578,Brent 012D,Violence and sexual offences,,
,2023-07,British Transport Police,British Transport Police,-0.281916,51.563322,On or near Wembley Park (Lu Station),E01000578,Brent 012D,Violence and sexual offences,,
,2023-07,British Transport Police,British Transport Police,-0.303847,51.562782,On or near North Wembley (Lu Station),E01000613,Brent 013E,Violence and sexual offences,,
,2023-07,British Transport Police,British Transport Police,-0.249778,51.554021,On or near Neasden (Lu Station),E01000628,Brent 014F,Public order,,
,2023-07,British Transport Police,British Transport Police,-0.249778,51.554021,On or near Neasden (Lu Station),E01000628,Brent 014F,Shoplifting,,
,2023-07,British Transport Police,British Transport Police,-0.249778,51.554021,On or near Neasden (Lu Station),E01000628,Brent 014F,Violence and sexual offences,,
,2023-07,British Transport Police,British Transport Police,-0.221261,51.549284,On or near Willesden Green (Lu Station),E01000504,Brent 018A,Drugs,,
,2023-07,British Transport Police,British Transport Police,-0.221261,51.549284,On or near Willesden Green (Lu Station),E01000504,Brent 018A,Theft from the person,,
,2023-07,British Transport Police,British Transport Police,-0.239063,51.552070,On or near Dollis Hill (Lu Station),E01000512,Brent 018D,Other theft,,
,2023-07,British Transport Police,British Transport Police,-0.239063,51.552070,On or near Dollis Hill (Lu Station),E01000512,Brent 018D,Other theft,,
,2023-07,British Transport Police,British Transport Police,-0.239063,51.552070,On or near Dollis Hill (Lu Station),E01000512,Brent 018D,Public order,,
,2023-07,British Transport Police,British Transport Police,-0.239063,51.552070,On or near Dollis Hill (Lu Station),E01000512,Brent 018D,Public order,,
,2023-07,British Transport Police,British Transport Police,-0.239063,51.552070,On or near Dollis Hill (Lu Station),E01000512,Brent 018D,Theft from the person,,
,2023-07,British Transport Police,British Transport Police,-0.239063,51.552070,On or near Dollis Hill (Lu Station),E01000512,Brent 018D,Theft from the person,,
,2023-07,British Transport Police,British Transport Police,-0.303245,51.549283,On or near Stanmore (Lu Station),E01000633,Brent 019D,Criminal damage and arson,,
,2023-07,British Transport Police,British Transport Police,-0.303245,51.549283,On or near Stanmore (Lu Station),E01000633,Brent 019D,Criminal damage and arson,,
,2023-07,British Transport Police,British Transport Police,-0.303245,51.549283,On or near Stanmore (Lu Station),E01000633,Brent 019D,Criminal damage and arson,,
,2023-07,British Transport Police,British Transport Police,-0.303245,51.549283,On or near Stanmore (Lu Station),E01000633,Brent 019D,Criminal damage and arson,,
,2023-07,British Transport Police,British Transport Police,-0.303245,51.549283,On or near Stanmore (Lu Station),E01000633,Brent 019D,Other theft,,
,2023-07,British Transport Police,British Transport Police,-0.303245,51.549283,On or near Stanmore (Lu Station),E01000633,Brent 019D,Public order,,
,2023-07,British Transport Police,British Transport Police,-0.303245,51.549283,On or near Stanmore (Lu Station),E01000633,Brent 019D,Theft from the person,,
,2023-07,British Transport Police,British Transport Police,-0.303245,51.549283,On or near Stanmore (Lu Station),E01000633,Brent 019D,Theft from the person,,
,2023-07,British Transport Police,British Transport Police,-0.303245,51.549283,On or near Stanmore (Lu Station),E01000633,Brent 019D,Theft from the person,,
,2023-07,British Transport Police,British Transport Police,-0.303245,51.549283,On or near Stanmore (Lu Station),E01000633,Brent 019D,Vehicle crime,,
,2023-07,British Transport Police,British Transport Police,-0.303245,51.549283,On or near Stanmore (Lu Station),E01000633,Brent 019D,Vehicle crime,,
,2023-07,British Transport Police,British Transport Police,-0.303245,51.549283,On or near Stanmore (Lu Station),E01000633,Brent 019D,Violence and sexual offences,,
,2023-07,British Transport Police,British Transport Police,-0.276788,51.543986,On or near Stonebridge Park (Lu Station),E01000620,Brent 020B,Robbery,,
,2023-07,British Transport Police,British Transport Police,-0.276788,51.543986,On or near Stonebridge Park (Lu Station),E01000620,Brent 020B,Violence and sexual offences,,
,2023-07,British Transport Police,British Transport Police,-0.276788,51.543986,On or near Stonebridge Park (Lu Station),E01000620,Brent 020B,Violence and sexual offences,,
,2023-07,British Transport Police,British Transport Police,-0.202452,51.545194,On or near Brondesbury (Station),E01000490,Brent 023A,Other theft,,
,2023-07,British Transport Police,British Transport Police,-0.202452,51.545194,On or near Brondesbury (Station),E01000490,Brent 023A,Violence and sexual offences,,
,2023-07,British Transport Police,British Transport Police,-0.202452,51.545194,On or near Brondesbury (Station),E01000490,Brent 023A,Violence and sexual offences,,
,2023-07,British Transport Police,British Transport Police,-0.204330,51.546932,On or near Kilburn (Lu Station),E01000561,Brent 023E,Burglary,,
,2023-07,British Transport Police,British Transport Police,-0.204330,51.546932,On or near Kilburn (Lu Station),E01000561,Brent 023E,Burglary,,
,2023-07,British Transport Police,British Transport Police,-0.204330,51.546932,On or near Kilburn (Lu Station),E01000561,Brent 023E,Burglary,,
,2023-07,British Transport Police,British Transport Police,-0.204330,51.546932,On or near Kilburn (Lu Station),E01000561,Brent 023E,Drugs,,
,2023-07,British Transport Police,British Transport Police,-0.204330,51.546932,On or near Kilburn (Lu Station),E01000561,Brent 023E,Violence and sexual offences,,
,2023-07,British Transport Police,British Transport Police,-0.204330,51.546932,On or near Kilburn (Lu Station),E01000561,Brent 023E,Violence and sexual offences,,
,2023-07,British Transport Police,British Transport Police,-0.296730,51.551178,On or near Wembley Central (Station),E01000630,Brent 026E,Drugs,,
,2023-07,British Transport Police,British Transport Police,-0.296730,51.551178,On or near Wembley Central (Station),E01000630,Brent 026E,Other theft,,
,2023-07,British Transport Police,British Transport Police,-0.296730,51.551178,On or near Wembley Central (Station),E01000630,Brent 026E,Other theft,,
,2023-07,British Transport Police,British Transport Police,-0.296730,51.551178,On or near Wembley Central (Station),E01000630,Brent 026E,Possession of weapons,,
,2023-07,British Transport Police,British Transport Police,-0.296730,51.551178,On or near Wembley Central (Station),E01000630,Brent 026E,Public order,,
,2023-07,British Transport Police,British Transport Police,-0.296730,51.551178,On or near Wembley Central (Station),E01000630,Brent 026E,Public order,,
,2023-07,British Transport Police,British Transport Police,-0.296730,51.551178,On or near Wembley Central (Station),E01000630,Brent 026E,Public order,,
,2023-07,British Transport Police,British Transport Police,-0.296730,51.551178,On or near Wembley Central (Station),E01000630,Brent 026E,Theft from the person,,
,2023-07,British Transport Police,British Transport Police,-0.296730,51.551178,On or near Wembley Central (Station),E01000630,Brent 026E,Violence and sexual offences,,
,2023-07,British Transport Police,British Transport Police,-0.296730,51.551178,On or near Wembley Central (Station),E01000630,Brent 026E,Violence and sexual offences,,
,2023-07,British Transport Police,British Transport Police,-0.296730,51.551178,On or near Wembley Central (Station),E01000630,Brent 026E,Violence and sexual offences,,
,2023-07,British Transport Police,British Transport Police,-0.257825,51.536326,On or near Harlesden (Lu Station),E01033937,Brent 027G,Other theft,,
,2023-07,British Transport Police,British Transport Police,-0.257825,51.536326,On or near Harlesden (Lu Station),E01033937,Brent 027G,Public order,,
,2023-07,British Transport Police,British Transport Police,-0.257825,51.536326,On or near Harlesden (Lu Station),E01033937,Brent 027G,Theft from the person,,
,2023-07,British Transport Police,British Transport Police,-0.299592,51.540728,On or near Alperton (Lu Station),E01000632,Brent 029E,Other theft,,
,2023-07,British Transport Police,British Transport Police,-0.299592,51.540728,On or near Alperton (Lu Station),E01000632,Brent 029E,Public order,,
,2023-07,British Transport Police,British Transport Police,-0.299592,51.540728,On or near Alperton (Lu Station),E01000632,Brent 029E,Theft from the person,,
,2023-07,British Transport Police,British Transport Police,-0.204688,51.534177,On or near Queen'S Park (Gt London) (Lu Station),E01000583,Brent 032D,Criminal damage and arson,,
,2023-07,British Transport Police,British Transport Police,-0.204688,51.534177,On or near Queen'S Park (Gt London) (Lu Station),E01000583,Brent 032D,Criminal damage and arson,,
,2023-07,British Transport Police,British Transport Police,-0.204688,51.534177,On or near Queen'S Park (Gt London) (Lu Station),E01000583,Brent 032D,Other theft,,
,2023-07,British Transport Police,British Transport Police,-0.204688,51.534177,On or near Queen'S Park (Gt London) (Lu Station),E01000583,Brent 032D,Robbery,,
,2023-07,British Transport Police,British Transport Police,-0.204688,51.534177,On or near Queen'S Park (Gt London) (Lu Station),E01000583,Brent 032D,Theft from the person,,
,2023-07,British Transport Police,British Transport Police,-0.219786,51.534515,On or near Kensal Rise (Station),E01000586,Brent 032E,Theft from the person,,
,2023-07,British Transport Police,British Transport Police,-0.219786,51.534515,On or near Kensal Rise (Station),E01000586,Brent 032E,Violence and sexual offences,,
,2023-07,British Transport Police,British Transport Police,-0.223858,51.530638,On or near Kensal Green (Lu Station),E01000532,Brent 033C,Criminal damage and arson,,
,2023-07,British Transport Police,British Transport Police,-0.223858,51.530638,On or near Kensal Green (Lu Station),E01000532,Brent 033C,Criminal damage and arson,,
,2023-07,British Transport Police,British Transport Police,-0.223858,51.530638,On or near Kensal Green (Lu Station),E01000532,Brent 033C,Criminal damage and arson,,
,2023-07,British Transport Police,British Transport Police,-0.223858,51.530638,On or near Kensal Green (Lu Station),E01000532,Brent 033C,Robbery,,
,2023-07,British Transport Police,British Transport Police,-0.223858,51.530638,On or near Kensal Green (Lu Station),E01000532,Brent 033C,Theft from the person,,
,2023-07,British Transport Police,British Transport Police,-0.223858,51.530638,On or near Kensal Green (Lu Station),E01000532,Brent 033C,Theft from the person,,
,2023-07,British Transport Police,British Transport Police,-0.193841,51.535009,On or near Kilburn Park (Lu Station),E01000550,Brent 034B,Criminal damage and arson,,
,2023-07,British Transport Police,British Transport Police,-0.193841,51.535009,On or near Kilburn Park (Lu Station),E01000550,Brent 034B,Other theft,,
,2023-07,British Transport Police,British Transport Police,-0.193841,51.535009,On or near Kilburn Park (Lu Station),E01000550,Brent 034B,Other theft,,
,2023-07,British Transport Police,British Transport Police,0.328786,51.628425,On or near Shenfield (Station),E01021455,Brentwood 005C,Other theft,,
,2023-07,British Transport Police,British Transport Police,0.328786,51.628425,On or near Shenfield (Station),E01021455,Brentwood 005C,Public order,,
,2023-07,British Transport Police,British Transport Police,0.328786,51.628425,On or near Shenfield (Station),E01021455,Brentwood 005C,Vehicle crime,,
,2023-07,British Transport Police,British Transport Police,0.328786,51.628425,On or near Shenfield (Station),E01021455,Brentwood 005C,Violence and sexual offences,,
,2023-07,British Transport Police,British Transport Police,0.328786,51.628425,On or near Shenfield (Station),E01021455,Brentwood 005C,Violence and sexual offences,,
,2023-07,British Transport Police,British Transport Police,0.328786,51.628425,On or near Shenfield (Station),E01021455,Brentwood 005C,Violence and sexual offences,,
,2023-07,British Transport Police,British Transport Police,0.299362,51.613456,On or near Brentwood (Station),E01021475,Brentwood 007E,Criminal damage and arson,,
,2023-07,British Transport Police,British Transport Police,0.299362,51.613456,On or near Brentwood (Station),E01021475,Brentwood 007E,Vehicle crime,,
,2023-07,British Transport Police,British Transport Police,0.299362,51.613456,On or near Brentwood (Station),E01021475,Brentwood 007E,Vehicle crime,,
,2023-07,British Transport Police,British Transport Police,-3.666447,51.582812,On or near York (Station),W01001012,Bridgend 005A,Bicycle theft,,
,2023-07,British Transport Police,British Transport Police,-3.666447,51.582812,On or near York (Station),W01001012,Bridgend 005A,Bicycle theft,,
,2023-07,British Transport Police,British Transport Police,-3.666447,51.582812,On or near York (Station),W01001012,Bridgend 005A,Criminal damage and arson,,
,2023-07,British Transport Police,British Transport Police,-3.666447,51.582812,On or near York (Station),W01001012,Bridgend 005A,Drugs,,
,2023-07,British Transport Police,British Transport Police,-3.666447,51.582812,On or near York (Station),W01001012,Bridgend 005A,Other theft,,
,2023-07,British Transport Police,British Transport Police,-3.666447,51.582812,On or near York (Station),W01001012,Bridgend 005A,Other theft,,
,2023-07,British Transport Police,British Transport Police,-3.666447,51.582812,On or near York (Station),W01001012,Bridgend 005A,Other theft,,
,2023-07,British Transport Police,British Transport Police,-3.666447,51.582812,On or near York (Station),W01001012,Bridgend 005A,Other theft,,
,2023-07,British Transport Police,British Transport Police,-3.666447,51.582812,On or near York (Station),W01001012,Bridgend 005A,Other theft,,
,2023-07,British Transport Police,British Transport Police,-3.666447,51.582812,On or near York (Station),W01001012,Bridgend 005A,Other theft,,
,2023-07,British Transport Police,British Transport Police,-3.666447,51.582812,On or near York (Station),W01001012,Bridgend 005A,Other theft,,
,2023-07,British Transport Police,British Transport Police,-3.666447,51.582812,On or near York (Station),W01001012,Bridgend 005A,Other theft,,
,2023-07,British Transport Police,British Transport Police,-3.666447,51.582812,On or near York (Station),W01001012,Bridgend 005A,Other theft,,
,2023-07,British Transport Police,British Transport Police,-3.666447,51.582812,On or near York (Station),W01001012,Bridgend 005A,Public order,,
,2023-07,British Transport Police,British Transport Police,-3.666447,51.582812,On or near York (Station),W01001012,Bridgend 005A,Public order,,
,2023-07,British Transport Police,British Transport Police,-3.666447,51.582812,On or near York (Station),W01001012,Bridgend 005A,Public order,,
,2023-07,British Transport Police,British Transport Police,-3.666447,51.582812,On or near York (Station),W01001012,Bridgend 005A,Public order,,
,2023-07,British Transport Police,British Transport Police,-3.666447,51.582812,On or near York (Station),W01001012,Bridgend 005A,Public order,,
,2023-07,British Transport Police,British Transport Police,-3.666447,51.582812,On or near York (Station),W01001012,Bridgend 005A,Theft from the person,,
,2023-07,British Transport Police,British Transport Police,-3.666447,51.582812,On or near York (Station),W01001012,Bridgend 005A,Violence and sexual offences,,
,2023-07,British Transport Police,British Transport Police,-3.666447,51.582812,On or near York (Station),W01001012,Bridgend 005A,Violence and sexual offences,,
,2023-07,British Transport Police,British Transport Police,-3.589259,51.538772,On or near Sarn (Station),W01001056,Bridgend 007D,Criminal damage and arson,,
,2023-07,British Transport Police,British Transport Police,-3.576585,51.505837,On or near Bridgend (Station),W01001021,Bridgend 014A,Drugs,,
,2023-07,British Transport Police,British Transport Police,-3.576585,51.505837,On or near Bridgend (Station),W01001021,Bridgend 014A,Public order,,
,2023-07,British Transport Police,British Transport Police,-3.576585,51.505837,On or near Bridgend (Station),W01001021,Bridgend 014A,Violence and sexual offences,,
,2023-07,British Transport Police,British Transport Police,-3.576585,51.505837,On or near Bridgend (Station),W01001021,Bridgend 014A,Violence and sexual offences,,
,2023-07,British Transport Police,British Transport Police,-3.576585,51.505837,On or near Bridgend (Station),W01001021,Bridgend 014A,Violence and sexual offences,,
,2023-07,British Transport Police,British Transport Police,-0.087418,50.862030,On or near Falmer (Station),E01016914,Brighton and Hove 002C,Other theft,,
,2023-07,British Transport Police,British Transport Police,-0.087418,50.862030,On or near Falmer (Station),E01016914,Brighton and Hove 002C,Other theft,,
,2023-07,British Transport Police,British Transport Police,-0.118965,50.846470,On or near Moulsecoomb (Station),E01016900,Brighton and Hove 008A,Criminal damage and arson,,
,2023-07,British Transport Police,British Transport Police,-0.118965,50.846470,On or near Moulsecoomb (Station),E01016900,Brighton and Hove 008A,Criminal damage and arson,,
,2023-07,British Transport Police,British Transport Police,-0.118965,50.846470,On or near Moulsecoomb (Station),E01016900,Brighton and Hove 008A,Vehicle crime,,
,2023-07,British Transport Police,British Transport Police,-0.154977,50.846093,On or near Preston Park (Station),E01017002,Brighton and Hove 011B,Bicycle theft,,
,2023-07,British Transport Police,British Transport Police,-0.154977,50.846093,On or near Preston Park (Station),E01017002,Brighton and Hove 011B,Public order,,
,2023-07,British Transport Police,British Transport Police,-0.181535,50.836393,On or near Aldrington (Station),E01016979,Brighton and Hove 016A,Drugs,,
,2023-07,British Transport Police,British Transport Police,-0.171995,50.834950,On or near Hove (Station),E01016873,Brighton and Hove 019D,Bicycle theft,,
,2023-07,British Transport Police,British Transport Police,-0.171995,50.834950,On or near Hove (Station),E01016873,Brighton and Hove 019D,Criminal damage and arson,,
,2023-07,British Transport Police,British Transport Police,-0.171995,50.834950,On or near Hove (Station),E01016873,Brighton and Hove 019D,Criminal damage and arson,,
,2023-07,British Transport Police,British Transport Police,-0.171995,50.834950,On or near Hove (Station),E01016873,Brighton and Hove 019D,Other theft,,
,2023-07,British Transport Police,British Transport Police,-0.171995,50.834950,On or near Hove (Station),E01016873,Brighton and Hove 019D,Robbery,,
,2023-07,British Transport Police,British Transport Police,-0.171995,50.834950,On or near Hove (Station),E01016873,Brighton and Hove 019D,Theft from the person,,
,2023-07,British Transport Police,British Transport Police,-0.205195,50.835662,On or near Portslade (Station),E01016997,Brighton and Hove 021E,Violence and sexual offences,,
,2023-07,British Transport Police,British Transport Police,-0.205195,50.835662,On or near Portslade (Station),E01016997,Brighton and Hove 021E,Violence and sexual offences,,
,2023-07,British Transport Police,British Transport Police,-0.141553,50.828721,On or near Brighton (Station),E01033329,Brighton and Hove 027G,Bicycle theft,,
,2023-07,British Transport Police,British Transport Police,-0.141553,50.828721,On or near Brighton (Station),E01033329,Brighton and Hove 027G,Bicycle theft,,
,2023-07,British Transport Police,British Transport Police,-0.141553,50.828721,On or near Brighton (Station),E01033329,Brighton and Hove 027G,Criminal damage and arson,,
,2023-07,British Transport Police,British Transport Police,-0.141553,50.828721,On or near Brighton (Station),E01033329,Brighton and Hove 027G,Criminal damage and arson,,
,2023-07,British Transport Police,British Transport Police,-0.141553,50.828721,On or near Brighton (Station),E01033329,Brighton and Hove 027G,Criminal damage and arson,,
,2023-07,British Transport Police,British Transport Police,-0.141553,50.828721,On or near Brighton (Station),E01033329,Brighton and Hove 027G,Criminal damage and arson,,
,2023-07,British Transport Police,British Transport Police,-0.141553,50.828721,On or near Brighton (Station),E01033329,Brighton and Hove 027G,Criminal damage and arson,,
,2023-07,British Transport Police,British Transport Police,-0.141553,50.828721,On or near Brighton (Station),E01033329,Brighton and Hove 027G,Drugs,,
,2023-07,British Transport Police,British Transport Police,-0.141553,50.828721,On or near Brighton (Station),E01033329,Brighton and Hove 027G,Drugs,,
,2023-07,British Transport Police,British Transport Police,-0.141553,50.828721,On or near Brighton (Station),E01033329,Brighton and Hove 027G,Drugs,,
,2023-07,British Transport Police,British Transport Police,-0.141553,50.828721,On or near Brighton (Station),E01033329,Brighton and Hove 027G,Drugs,,
,2023-07,British Transport Police,British Transport Police,-0.141553,50.828721,On or near Brighton (Station),E01033329,Brighton and Hove 027G,Drugs,,
,2023-07,British Transport Police,British Transport Police,-0.141553,50.828721,On or near Brighton (Station),E01033329,Brighton and Hove 027G,Drugs,,
,2023-07,British Transport Police,British Transport Police,-0.141553,50.828721,On or near Brighton (Station),E01033329,Brighton and Hove 027G,Other theft,,
,2023-07,British Transport Police,British Transport Police,-0.141553,50.828721,On or near Brighton (Station),E01033329,Brighton and Hove 027G,Other theft,,
,2023-07,British Transport Police,British Transport Police,-0.141553,50.828721,On or near Brighton (Station),E01033329,Brighton and Hove 027G,Other theft,,
,2023-07,British Transport Police,British Transport Police,-0.141553,50.828721,On or near Brighton (Station),E01033329,Brighton and Hove 027G,Other theft,,
,2023-07,British Transport Police,British Transport Police,-0.141553,50.828721,On or near Brighton (Station),E01033329,Brighton and Hove 027G,Other theft,,
,2023-07,British Transport Police,British Transport Police,-0.141553,50.828721,On or near Brighton (Station),E01033329,Brighton and Hove 027G,Other theft,,
,2023-07,British Transport Police,British Transport Police,-0.141553,50.828721,On or near Brighton (Station),E01033329,Brighton and Hove 027G,Possession of weapons,,
,2023-07,British Transport Police,British Transport Police,-0.141553,50.828721,On or near Brighton (Station),E01033329,Brighton and Hove 027G,Possession of weapons,,
,2023-07,British Transport Police,British Transport Police,-0.141553,50.828721,On or near Brighton (Station),E01033329,Brighton and Hove 027G,Public order,,
,2023-07,British Transport Police,British Transport Police,-0.141553,50.828721,On or near Brighton (Station),E01033329,Brighton and Hove 027G,Public order,,
,2023-07,British Transport Police,British Transport Police,-0.141553,50.828721,On or near Brighton (Station),E01033329,Brighton and Hove 027G,Public order,,
,2023-07,British Transport Police,British Transport Police,-0.141553,50.828721,On or near Brighton (Station),E01033329,Brighton and Hove 027G,Public order,,
,2023-07,British Transport Police,British Transport Police,-0.141553,50.828721,On or near Brighton (Station),E01033329,Brighton and Hove 027G,Public order,,
,2023-07,British Transport Police,British Transport Police,-0.141553,50.828721,On or near Brighton (Station),E01033329,Brighton and Hove 027G,Public order,,
,2023-07,British Transport Police,British Transport Police,-0.141553,50.828721,On or near Brighton (Station),E01033329,Brighton and Hove 027G,Public order,,
,2023-07,British Transport Police,British Transport Police,-0.141553,50.828721,On or near Brighton (Station),E01033329,Brighton and Hove 027G,Public order,,
,2023-07,British Transport Police,British Transport Police,-0.141553,50.828721,On or near Brighton (Station),E01033329,Brighton and Hove 027G,Public order,,
,2023-07,British Transport Police,British Transport Police,-0.141553,50.828721,On or near Brighton (Station),E01033329,Brighton and Hove 027G,Shoplifting,,
,2023-07,British Transport Police,British Transport Police,-0.141553,50.828721,On or near Brighton (Station),E01033329,Brighton and Hove 027G,Shoplifting,,
,2023-07,British Transport Police,British Transport Police,-0.141553,50.828721,On or near Brighton (Station),E01033329,Brighton and Hove 027G,Shoplifting,,
,2023-07,British Transport Police,British Transport Police,-0.141553,50.828721,On or near Brighton (Station),E01033329,Brighton and Hove 027G,Shoplifting,,
,2023-07,British Transport Police,British Transport Police,-0.141553,50.828721,On or near Brighton (Station),E01033329,Brighton and Hove 027G,Shoplifting,,
,2023-07,British Transport Police,British Transport Police,-0.141553,50.828721,On or near Brighton (Station),E01033329,Brighton and Hove 027G,Shoplifting,,
,2023-07,British Transport Police,British Transport Police,-0.141553,50.828721,On or near Brighton (Station),E01033329,Brighton and Hove 027G,Shoplifting,,
,2023-07,British Transport Police,British Transport Police,-0.141553,50.828721,On or near Brighton (Station),E01033329,Brighton and Hove 027G,Shoplifting,,
,2023-07,British Transport Police,British Transport Police,-0.141553,50.828721,On or near Brighton (Station),E01033329,Brighton and Hove 027G,Shoplifting,,
,2023-07,British Transport Police,British Transport Police,-0.141553,50.828721,On or near Brighton (Station),E01033329,Brighton and Hove 027G,Violence and sexual offences,,
,2023-07,British Transport Police,British Transport Police,-0.141553,50.828721,On or near Brighton (Station),E01033329,Brighton and Hove 027G,Violence and sexual offences,,
,2023-07,British Transport Police,British Transport Police,-0.141553,50.828721,On or near Brighton (Station),E01033329,Brighton and Hove 027G,Violence and sexual offences,,
,2023-07,British Transport Police,British Transport Police,-0.141553,50.828721,On or near Brighton (Station),E01033329,Brighton and Hove 027G,Violence and sexual offences,,
,2023-07,British Transport Police,British Transport Police,-0.141553,50.828721,On or near Brighton (Station),E01033329,Brighton and Hove 027G,Violence and sexual offences,,
,2023-07,British Transport Police,British Transport Police,-0.141553,50.828721,On or near Brighton (Station),E01033329,Brighton and Hove 027G,Violence and sexual offences,,
,2023-07,British Transport Police,British Transport Police,-0.141553,50.828721,On or near Brighton (Station),E01033329,Brighton and Hove 027G,Violence and sexual offences,,
,2023-07,British Transport Police,British Transport Police,-0.141553,50.828721,On or near Brighton (Station),E01033329,Brighton and Hove 027G,Violence and sexual offences,,
,2023-07,British Transport Police,British Transport Police,-0.141553,50.828721,On or near Brighton (Station),E01033329,Brighton and Hove 027G,Violence and sexual offences,,
,2023-07,British Transport Police,British Transport Police,-2.603678,51.502706,On or near Warrington Bank Quay (Station),E01014689,Bristol 002B,Violence and sexual offences,,
,2023-07,British Transport Police,British Transport Police,-2.678756,51.484326,On or near Shirehampton (Station),E01014494,Bristol 008C,Public order,,
,2023-07,British Transport Police,British Transport Police,-2.580645,51.448381,On or near Bristol Temple Meads (Station),E01033353,Bristol 054B,Bicycle theft,,
,2023-07,British Transport Police,British Transport Police,-2.580645,51.448381,On or near Bristol Temple Meads (Station),E01033353,Bristol 054B,Criminal damage and arson,,
,2023-07,British Transport Police,British Transport Police,-2.580645,51.448381,On or near Bristol Temple Meads (Station),E01033353,Bristol 054B,Criminal damage and arson,,
,2023-07,British Transport Police,British Transport Police,-2.580645,51.448381,On or near Bristol Temple Meads (Station),E01033353,Bristol 054B,Drugs,,
,2023-07,British Transport Police,British Transport Police,-2.580645,51.448381,On or near Bristol Temple Meads (Station),E01033353,Bristol 054B,Drugs,,
,2023-07,British Transport Police,British Transport Police,-2.580645,51.448381,On or near Bristol Temple Meads (Station),E01033353,Bristol 054B,Drugs,,
,2023-07,British Transport Police,British Transport Police,-2.580645,51.448381,On or near Bristol Temple Meads (Station),E01033353,Bristol 054B,Drugs,,
,2023-07,British Transport Police,British Transport Police,-2.580645,51.448381,On or near Bristol Temple Meads (Station),E01033353,Bristol 054B,Other theft,,
,2023-07,British Transport Police,British Transport Police,-2.580645,51.448381,On or near Bristol Temple Meads (Station),E01033353,Bristol 054B,Other theft,,
,2023-07,British Transport Police,British Transport Police,-2.580645,51.448381,On or near Bristol Temple Meads (Station),E01033353,Bristol 054B,Other theft,,
,2023-07,British Transport Police,British Transport Police,-2.580645,51.448381,On or near Bristol Temple Meads (Station),E01033353,Bristol 054B,Other theft,,
,2023-07,British Transport Police,British Transport Police,-2.580645,51.448381,On or near Bristol Temple Meads (Station),E01033353,Bristol 054B,Other theft,,
,2023-07,British Transport Police,British Transport Police,-2.580645,51.448381,On or near Bristol Temple Meads (Station),E01033353,Bristol 054B,Other theft,,
,2023-07,British Transport Police,British Transport Police,-2.580645,51.448381,On or near Bristol Temple Meads (Station),E01033353,Bristol 054B,Other theft,,
,2023-07,British Transport Police,British Transport Police,-2.580645,51.448381,On or near Bristol Temple Meads (Station),E01033353,Bristol 054B,Other theft,,
,2023-07,British Transport Police,British Transport Police,-2.580645,51.448381,On or near Bristol Temple Meads (Station),E01033353,Bristol 054B,Other theft,,
,2023-07,British Transport Police,British Transport Police,-2.580645,51.448381,On or near Bristol Temple Meads (Station),E01033353,Bristol 054B,Other theft,,
,2023-07,British Transport Police,British Transport Police,-2.580645,51.448381,On or near Bristol Temple Meads (Station),E01033353,Bristol 054B,Public order,,
,2023-07,British Transport Police,British Transport Police,-2.580645,51.448381,On or near Bristol Temple Meads (Station),E01033353,Bristol 054B,Public order,,
,2023-07,British Transport Police,British Transport Police,-2.580645,51.448381,On or near Bristol Temple Meads (Station),E01033353,Bristol 054B,Public order,,
,2023-07,British Transport Police,British Transport Police,-2.580645,51.448381,On or near Bristol Temple Meads (Station),E01033353,Bristol 054B,Public order,,
,2023-07,British Transport Police,British Transport Police,-2.580645,51.448381,On or near Bristol Temple Meads (Station),E01033353,Bristol 054B,Public order,,
,2023-07,British Transport Police,British Transport Police,-2.580645,51.448381,On or near Bristol Temple Meads (Station),E01033353,Bristol 054B,Vehicle crime,,
,2023-07,British Transport Police,British Transport Police,-2.580645,51.448381,On or near Bristol Temple Meads (Station),E01033353,Bristol 054B,Violence and sexual offences,,
,2023-07,British Transport Police,British Transport Police,-2.580645,51.448381,On or near Bristol Temple Meads (Station),E01033353,Bristol 054B,Violence and sexual offences,,
,2023-07,British Transport Police,British Transport Police,-2.580645,51.448381,On or near Bristol Temple Meads (Station),E01033353,Bristol 054B,Violence and sexual offences,,
,2023-07,British Transport Police,British Transport Police,-2.580645,51.448381,On or near Bristol Temple Meads (Station),E01033353,Bristol 054B,Violence and sexual offences,,
,2023-07,British Transport Police,British Transport Police,-2.580645,51.448381,On or near Bristol Temple Meads (Station),E01033353,Bristol 054B,Violence and sexual offences,,
,2023-07,British Transport Police,British Transport Police,-2.580645,51.448381,On or near Bristol Temple Meads (Station),E01033353,Bristol 054B,Violence and sexual offences,,
,2023-07,British Transport Police,British Transport Police,-2.580645,51.448381,On or near Bristol Temple Meads (Station),E01033353,Bristol 054B,Violence and sexual offences,,
,2023-07,British Transport Police,British Transport Police,-2.565549,51.467069,On or near Stapleton Road (Station),E01014568,Bristol 057A,Public order,,
,2023-07,British Transport Police,British Transport Police,-0.054040,51.419185,On or near Penge East (Station),E01000802,Bromley 004B,Other theft,,
,2023-07,British Transport Police,British Transport Police,-0.054040,51.419185,On or near Penge East (Station),E01000802,Bromley 004B,Other theft,,
,2023-07,British Transport Police,British Transport Police,-0.054040,51.419185,On or near Penge East (Station),E01000802,Bromley 004B,Theft from the person,,
,2023-07,British Transport Police,British Transport Police,-0.072607,51.418335,On or near Crystal Palace (Station),E01034383,Bromley 005F,Criminal damage and arson,,
,2023-07,British Transport Police,British Transport Police,-0.072607,51.418335,On or near Crystal Palace (Station),E01034383,Bromley 005F,Criminal damage and arson,,
,2023-07,British Transport Police,British Transport Police,-0.072607,51.418335,On or near Crystal Palace (Station),E01034383,Bromley 005F,Criminal damage and arson,,
,2023-07,British Transport Police,British Transport Police,-0.072607,51.418335,On or near Crystal Palace (Station),E01034383,Bromley 005F,Other theft,,
,2023-07,British Transport Police,British Transport Police,-0.072607,51.418335,On or near Crystal Palace (Station),E01034383,Bromley 005F,Public order,,
,2023-07,British Transport Police,British Transport Police,-0.072607,51.418335,On or near Crystal Palace (Station),E01034383,Bromley 005F,Public order,,
,2023-07,British Transport Police,British Transport Police,-0.072607,51.418335,On or near Crystal Palace (Station),E01034383,Bromley 005F,Violence and sexual offences,,
,2023-07,British Transport Police,British Transport Police,0.044530,51.417250,On or near Elmstead Woods (Station),E01000694,Bromley 007C,Bicycle theft,,
,2023-07,British Transport Police,British Transport Police,0.057686,51.405433,On or near Chislehurst (Station),E01000697,Bromley 007F,Vehicle crime,,
,2023-07,British Transport Police,British Transport Police,0.016981,51.408390,On or near Bromley North (Station),E01000676,Bromley 008B,Violence and sexual offences,,
,2023-07,British Transport Police,British Transport Police,-0.007376,51.414049,On or near Ravensbourne (Station),E01000673,Bromley 011B,Robbery,,
,2023-07,British Transport Police,British Transport Police,-0.045206,51.412178,On or near Kent House (Station),E01000797,Bromley 013E,Bicycle theft,,
,2023-07,British Transport Police,British Transport Police,-0.042869,51.409656,On or near Beckenham Road (Tram Stop),E01000797,Bromley 013E,Public order,,
,2023-07,British Transport Police,British Transport Police,-0.042869,51.409656,On or near Beckenham Road (Tram Stop),E01000797,Bromley 013E,Theft from the person,,
,2023-07,British Transport Police,British Transport Police,-0.035314,51.416824,On or near New Beckenham (Station),E01000797,Bromley 013E,Theft from the person,,
,2023-07,British Transport Police,British Transport Police,-0.042869,51.409656,On or near Beckenham Road (Tram Stop),E01000797,Bromley 013E,Theft from the person,,
,2023-07,British Transport Police,British Transport Police,-0.055980,51.403625,On or near Birkbeck (Station),E01000704,Bromley 015C,Robbery,,
,2023-07,British Transport Police,British Transport Police,0.017391,51.400074,On or near Bromley South (Station),E01034386,Bromley 018G,Criminal damage and arson,,
,2023-07,British Transport Police,British Transport Police,0.017391,51.400074,On or near Bromley South (Station),E01034386,Bromley 018G,Criminal damage and arson,,
,2023-07,British Transport Police,British Transport Police,0.017391,51.400074,On or near Bromley South (Station),E01034386,Bromley 018G,Drugs,,
,2023-07,British Transport Police,British Transport Police,0.017391,51.400074,On or near Bromley South (Station),E01034386,Bromley 018G,Other theft,,
,2023-07,British Transport Police,British Transport Police,0.017391,51.400074,On or near Bromley South (Station),E01034386,Bromley 018G,Public order,,
,2023-07,British Transport Police,British Transport Police,0.017391,51.400074,On or near Bromley South (Station),E01034386,Bromley 018G,Public order,,
,2023-07,British Transport Police,British Transport Police,0.017391,51.400074,On or near Bromley South (Station),E01034386,Bromley 018G,Violence and sexual offences,,
,2023-07,British Transport Police,British Transport Police,0.017391,51.400074,On or near Bromley South (Station),E01034386,Bromley 018G,Violence and sexual offences,,
,2023-07,British Transport Police,British Transport Police,0.017391,51.400074,On or near Bromley South (Station),E01034386,Bromley 018G,Violence and sexual offences,,
,2023-07,British Transport Police,British Transport Police,0.017391,51.400074,On or near Bromley South (Station),E01034386,Bromley 018G,Violence and sexual offences,,
,2023-07,British Transport Police,British Transport Police,0.017391,51.400074,On or near Bromley South (Station),E01034386,Bromley 018G,Violence and sexual offences,,
,2023-07,British Transport Police,British Transport Police,0.074481,51.388933,On or near Petts Wood (Station),E01000807,Bromley 022C,Bicycle theft,,
,2023-07,British Transport Police,British Transport Police,0.074481,51.388933,On or near Petts Wood (Station),E01000807,Bromley 022C,Other theft,,
,2023-07,British Transport Police,British Transport Police,0.074481,51.388933,On or near Petts Wood (Station),E01000807,Bromley 022C,Public order,,
,2023-07,British Transport Police,British Transport Police,0.074481,51.388933,On or near Petts Wood (Station),E01000807,Bromley 022C,Theft from the person,,
,2023-07,British Transport Police,British Transport Police,0.074481,51.388933,On or near Petts Wood (Station),E01000807,Bromley 022C,Violence and sexual offences,,
,2023-07,British Transport Police,British Transport Police,0.106341,51.394750,On or near St Mary Cray (Station),E01000722,Bromley 023A,Criminal damage and arson,,
,2023-07,British Transport Police,British Transport Police,0.106341,51.394750,On or near St Mary Cray (Station),E01000722,Bromley 023A,Robbery,,
,2023-07,British Transport Police,British Transport Police,-0.026414,51.390065,On or near Eden Park (Station),E01000775,Bromley 024C,Bicycle theft,,
,2023-07,British Transport Police,British Transport Police,-0.026414,51.390065,On or near Eden Park (Station),E01000775,Bromley 024C,Criminal damage and arson,,
,2023-07,British Transport Police,British Transport Police,-0.026414,51.390065,On or near Eden Park (Station),E01000775,Bromley 024C,Violence and sexual offences,,
,2023-07,British Transport Police,British Transport Police,0.089483,51.373194,On or near Orpington (Station),E01000790,Bromley 028C,Bicycle theft,,
,2023-07,British Transport Police,British Transport Police,0.089483,51.373194,On or near Orpington (Station),E01000790,Bromley 028C,Criminal damage and arson,,
,2023-07,British Transport Police,British Transport Police,0.089483,51.373194,On or near Orpington (Station),E01000790,Bromley 028C,Criminal damage and arson,,
,2023-07,British Transport Police,British Transport Police,0.089483,51.373194,On or near Orpington (Station),E01000790,Bromley 028C,Criminal damage and arson,,
,2023-07,British Transport Police,British Transport Police,0.089483,51.373194,On or near Orpington (Station),E01000790,Bromley 028C,Public order,,
,2023-07,British Transport Police,British Transport Police,0.089483,51.373194,On or near Orpington (Station),E01000790,Bromley 028C,Vehicle crime,,
,2023-07,British Transport Police,British Transport Police,0.108396,51.356670,On or near Chelsfield (Station),E01000680,Bromley 037A,Criminal damage and arson,,
,2023-07,British Transport Police,British Transport Police,0.108396,51.356670,On or near Chelsfield (Station),E01000680,Bromley 037A,Criminal damage and arson,,
,2023-07,British Transport Police,British Transport Police,-0.049655,51.398197,On or near Elmers End (Station),E01032568,Bromley 041E,Criminal damage and arson,,
,2023-07,British Transport Police,British Transport Police,-2.046744,52.322707,On or near Bromsgrove (Station),E01034316,Bromsgrove 013E,Bicycle theft,,
,2023-07,British Transport Police,British Transport Police,-2.046744,52.322707,On or near Bromsgrove (Station),E01034316,Bromsgrove 013E,Criminal damage and arson,,
,2023-07,British Transport Police,British Transport Police,-0.010929,51.746946,On or near Broxbourne (Station),E01023291,Broxbourne 004C,Bicycle theft,,
,2023-07,British Transport Police,British Transport Police,-0.010929,51.746946,On or near Broxbourne (Station),E01023291,Broxbourne 004C,Bicycle theft,,
,2023-07,British Transport Police,British Transport Police,-0.010929,51.746946,On or near Broxbourne (Station),E01023291,Broxbourne 004C,Public order,,
,2023-07,British Transport Police,British Transport Police,-0.010929,51.746946,On or near Broxbourne (Station),E01023291,Broxbourne 004C,Vehicle crime,,
,2023-07,British Transport Police,British Transport Police,-0.023940,51.703093,On or near Cheshunt (Station),E01023299,Broxbourne 010C,Bicycle theft,,
,2023-07,British Transport Police,British Transport Police,-0.023940,51.703093,On or near Cheshunt (Station),E01023299,Broxbourne 010C,Bicycle theft,,
,2023-07,British Transport Police,British Transport Police,-0.023940,51.703093,On or near Cheshunt (Station),E01023299,Broxbourne 010C,Bicycle theft,,
,2023-07,British Transport Police,British Transport Police,-0.023940,51.703093,On or near Cheshunt (Station),E01023299,Broxbourne 010C,Bicycle theft,,
,2023-07,British Transport Police,British Transport Police,-0.023940,51.703093,On or near Cheshunt (Station),E01023299,Broxbourne 010C,Bicycle theft,,
,2023-07,British Transport Police,British Transport Police,-0.023940,51.703093,On or near Cheshunt (Station),E01023299,Broxbourne 010C,Criminal damage and arson,,
,2023-07,British Transport Police,British Transport Police,-0.026613,51.685124,On or near Waltham Cross (Station),E01023337,Broxbourne 013B,Bicycle theft,,
,2023-07,British Transport Police,British Transport Police,-0.026613,51.685124,On or near Waltham Cross (Station),E01023337,Broxbourne 013B,Theft from the person,,
,2023-07,British Transport Police,British Transport Police,-0.814769,51.812874,On or near Aylesbury (Station),E01017712,Buckinghamshire 017D,Public order,,
,2023-07,British Transport Police,British Transport Police,-0.943472,51.770889,On or near Haddenham & Thame Parkway (Station),E01017675,Buckinghamshire 022A,Bicycle theft,,
,2023-07,British Transport Police,British Transport Police,-0.943472,51.770889,On or near Haddenham & Thame Parkway (Station),E01017675,Buckinghamshire 022A,Bicycle theft,,
,2023-07,British Transport Police,British Transport Police,-0.747358,51.761739,On or near Wendover (Station),E01017727,Buckinghamshire 024B,Violence and sexual offences,,
,2023-07,British Transport Police,British Transport Police,-0.747358,51.761739,On or near Wendover (Station),E01017727,Buckinghamshire 024B,Violence and sexual offences,,
,2023-07,British Transport Police,British Transport Police,-0.843910,51.716707,On or near Princes Risborough (Station),E01017930,Buckinghamshire 026B,Criminal damage and arson,,
,2023-07,British Transport Police,British Transport Police,-0.843910,51.716707,On or near Princes Risborough (Station),E01017930,Buckinghamshire 026B,Criminal damage and arson,,
,2023-07,British Transport Police,British Transport Police,-0.843910,51.716707,On or near Princes Risborough (Station),E01017930,Buckinghamshire 026B,Criminal damage and arson,,
,2023-07,British Transport Police,British Transport Police,-0.843910,51.716707,On or near Princes Risborough (Station),E01017930,Buckinghamshire 026B,Other theft,,
,2023-07,British Transport Police,British Transport Police,-0.843910,51.716707,On or near Princes Risborough (Station),E01017930,Buckinghamshire 026B,Vehicle crime,,
,2023-07,British Transport Police,British Transport Police,-0.611179,51.705072,On or near Chesham (Lu Station),E01017792,Buckinghamshire 030C,Theft from the person,,
,2023-07,British Transport Police,British Transport Police,-0.611179,51.705072,On or near Chesham (Lu Station),E01017792,Buckinghamshire 030C,Theft from the person,,
,2023-07,British Transport Police,British Transport Police,-0.708762,51.703446,On or near Great Missenden (Station),E01017768,Buckinghamshire 031A,Criminal damage and arson,,
,2023-07,British Transport Police,British Transport Police,-0.708762,51.703446,On or near Great Missenden (Station),E01017768,Buckinghamshire 031A,Public order,,
,2023-07,British Transport Police,British Transport Police,-0.609702,51.674023,On or near Amersham (Station),E01017745,Buckinghamshire 034D,Bicycle theft,,
,2023-07,British Transport Police,British Transport Police,-0.560859,51.668102,On or near Chalfont And Latimer (Station),E01017777,Buckinghamshire 035D,Public order,,
,2023-07,British Transport Police,British Transport Police,-0.560859,51.668102,On or near Chalfont And Latimer (Station),E01017777,Buckinghamshire 035D,Public order,,
,2023-07,British Transport Police,British Transport Police,-0.560859,51.668102,On or near Chalfont And Latimer (Station),E01017777,Buckinghamshire 035D,Vehicle crime,,
,2023-07,British Transport Police,British Transport Police,-0.560859,51.668102,On or near Chalfont And Latimer (Station),E01017777,Buckinghamshire 035D,Vehicle crime,,
,2023-07,British Transport Police,British Transport Police,-0.560859,51.668102,On or near Chalfont And Latimer (Station),E01017777,Buckinghamshire 035D,Vehicle crime,,
,2023-07,British Transport Police,British Transport Police,-0.745783,51.629806,On or near High Wycombe (Station),E01017839,Buckinghamshire 049D,Criminal damage and arson,,
,2023-07,British Transport Police,British Transport Police,-0.745783,51.629806,On or near High Wycombe (Station),E01017839,Buckinghamshire 049D,Robbery,,
,2023-07,British Transport Police,British Transport Police,-0.745783,51.629806,On or near High Wycombe (Station),E01017839,Buckinghamshire 049D,Vehicle crime,,
,2023-07,British Transport Police,British Transport Police,-0.745783,51.629806,On or near High Wycombe (Station),E01017839,Buckinghamshire 049D,Violence and sexual offences,,
,2023-07,British Transport Police,British Transport Police,-0.745783,51.629806,On or near High Wycombe (Station),E01017839,Buckinghamshire 049D,Violence and sexual offences,,
,2023-07,British Transport Police,British Transport Police,-0.555216,51.589132,On or near Gerrards Cross (Station),E01017820,Buckinghamshire 058C,Criminal damage and arson,,
,2023-07,British Transport Police,British Transport Police,-0.555216,51.589132,On or near Gerrards Cross (Station),E01017820,Buckinghamshire 058C,Other theft,,
,2023-07,British Transport Police,British Transport Police,-0.710517,51.577118,On or near Bourne End (Station),E01017846,Buckinghamshire 060A,Public order,,
,2023-07,British Transport Police,British Transport Police,-0.681631,51.523538,On or near Taplow (Station),E01017833,Buckinghamshire 065D,Criminal damage and arson,,
,2023-07,British Transport Police,British Transport Police,-0.681631,51.523538,On or near Taplow (Station),E01017833,Buckinghamshire 065D,Criminal damage and arson,,
,2023-07,British Transport Police,British Transport Police,-0.681631,51.523538,On or near Taplow (Station),E01017833,Buckinghamshire 065D,Criminal damage and arson,,
,2023-07,British Transport Police,British Transport Police,-0.681631,51.523538,On or near Taplow (Station),E01017833,Buckinghamshire 065D,Other theft,,
,2023-07,British Transport Police,British Transport Police,-0.681631,51.523538,On or near Taplow (Station),E01017833,Buckinghamshire 065D,Other theft,,
,2023-07,British Transport Police,British Transport Police,-0.681631,51.523538,On or near Taplow (Station),E01017833,Buckinghamshire 065D,Theft from the person,,
,2023-07,British Transport Police,British Transport Police,-0.681631,51.523538,On or near Taplow (Station),E01017833,Buckinghamshire 065D,Theft from the person,,
,2023-07,British Transport Police,British Transport Police,-0.681631,51.523538,On or near Taplow (Station),E01017833,Buckinghamshire 065D,Violence and sexual offences,,
,2023-07,British Transport Police,British Transport Police,-2.246470,53.792916,On or near Burnley Central (Station),E01024877,Burnley 003D,Criminal damage and arson,,
,2023-07,British Transport Police,British Transport Police,-3.229707,51.692775,On or near Bargoed (Station),W01001338,Caerphilly 004C,Criminal damage and arson,,
,2023-07,British Transport Police,British Transport Police,-3.229707,51.692775,On or near Bargoed (Station),W01001338,Caerphilly 004C,Public order,,
,2023-07,British Transport Police,British Transport Police,-3.126202,51.621044,On or near Crosskeys (Station),W01001354,Caerphilly 014D,Possession of weapons,,
,2023-07,British Transport Police,British Transport Police,-1.982881,53.729271,On or near Mytholmroyd (Station),E01010917,Calderdale 007A,Public order,,
,2023-07,British Transport Police,British Transport Police,-1.982881,53.729271,On or near Mytholmroyd (Station),E01010917,Calderdale 007A,Public order,,
,2023-07,British Transport Police,British Transport Police,-2.099568,53.713782,On or near Todmorden (Station),E01010983,Calderdale 013B,Bicycle theft,,
,2023-07,British Transport Police,British Transport Police,-1.853315,53.721446,On or near Halifax (Station),E01010989,Calderdale 018A,Public order,,
,2023-07,British Transport Police,British Transport Police,-1.853315,53.721446,On or near Halifax (Station),E01010989,Calderdale 018A,Public order,,
,2023-07,British Transport Police,British Transport Police,-1.853315,53.721446,On or near Halifax (Station),E01010989,Calderdale 018A,Public order,,
,2023-07,British Transport Police,British Transport Police,-1.853315,53.721446,On or near Halifax (Station),E01010989,Calderdale 018A,Violence and sexual offences,,
,2023-07,British Transport Police,British Transport Police,-1.853315,53.721446,On or near Halifax (Station),E01010989,Calderdale 018A,Violence and sexual offences,,
,2023-07,British Transport Police,British Transport Police,-1.779378,53.698270,On or near Brighouse (Station),E01010949,Calderdale 019E,Violence and sexual offences,,
,2023-07,British Transport Police,British Transport Police,0.136745,52.193262,On or near Cambridge (Station),E01035522,Cambridge 014B,Bicycle theft,,
,2023-07,British Transport Police,British Transport Police,0.136745,52.193262,On or near Cambridge (Station),E01035522,Cambridge 014B,Bicycle theft,,
,2023-07,British Transport Police,British Transport Police,0.136745,52.193262,On or near Cambridge (Station),E01035522,Cambridge 014B,Criminal damage and arson,,
,2023-07,British Transport Police,British Transport Police,0.136745,52.193262,On or near Cambridge (Station),E01035522,Cambridge 014B,Criminal damage and arson,,
,2023-07,British Transport Police,British Transport Police,0.136745,52.193262,On or near Cambridge (Station),E01035522,Cambridge 014B,Other theft,,
,2023-07,British Transport Police,British Transport Police,0.136745,52.193262,On or near Cambridge (Station),E01035522,Cambridge 014B,Other theft,,
,2023-07,British Transport Police,British Transport Police,0.136745,52.193262,On or near Cambridge (Station),E01035522,Cambridge 014B,Public order,,
,2023-07,British Transport Police,British Transport Police,0.136745,52.193262,On or near Cambridge (Station),E01035522,Cambridge 014B,Public order,,
,2023-07,British Transport Police,British Transport Police,0.136745,52.193262,On or near Cambridge (Station),E01035522,Cambridge 014B,Public order,,
,2023-07,British Transport Police,British Transport Police,0.136745,52.193262,On or near Cambridge (Station),E01035522,Cambridge 014B,Theft from the person,,
,2023-07,British Transport Police,British Transport Police,0.136745,52.193262,On or near Cambridge (Station),E01035522,Cambridge 014B,Vehicle crime,,
,2023-07,British Transport Police,British Transport Police,0.136745,52.193262,On or near Cambridge (Station),E01035522,Cambridge 014B,Violence and sexual offences,,
,2023-07,British Transport Police,British Transport Police,0.136745,52.193262,On or near Cambridge (Station),E01035522,Cambridge 014B,Violence and sexual offences,,
,2023-07,British Transport Police,British Transport Police,-0.151256,51.555451,On or near Gospel Oak (Station),E01000912,Camden 001D,Criminal damage and arson,,
,2023-07,British Transport Police,British Transport Police,-0.151256,51.555451,On or near Gospel Oak (Station),E01000912,Camden 001D,Public order,,
,2023-07,British Transport Police,British Transport Police,-0.165527,51.555333,On or near Hampstead Heath (Station),E01000893,Camden 002A,Other theft,,
,2023-07,British Transport Police,British Transport Police,-0.178223,51.556754,On or near Hampstead (Lu Station),E01000895,Camden 002C,Theft from the person,,
,2023-07,British Transport Police,British Transport Police,-0.178223,51.556754,On or near Hampstead (Lu Station),E01000895,Camden 002C,Theft from the person,,
,2023-07,British Transport Police,British Transport Police,-0.164236,51.550491,On or near Belsize Park (Lu Station),E01000898,Camden 008E,Criminal damage and arson,,
,2023-07,British Transport Police,British Transport Police,-0.164236,51.550491,On or near Belsize Park (Lu Station),E01000898,Camden 008E,Possession of weapons,,
,2023-07,British Transport Police,British Transport Police,-0.164236,51.550491,On or near Belsize Park (Lu Station),E01000898,Camden 008E,Public order,,
,2023-07,British Transport Police,British Transport Police,-0.139279,51.550602,On or near Kentish Town (Station),E01000925,Camden 009D,Violence and sexual offences,,
,2023-07,British Transport Police,British Transport Police,-0.180105,51.547281,On or near Finchley Road (Lu Station),E01000972,Camden 010D,Other theft,,
,2023-07,British Transport Police,British Transport Police,-0.180105,51.547281,On or near Finchley Road (Lu Station),E01000972,Camden 010D,Other theft,,
,2023-07,British Transport Police,British Transport Police,-0.180105,51.547281,On or near Finchley Road (Lu Station),E01000972,Camden 010D,Public order,,
,2023-07,British Transport Police,British Transport Police,-0.180105,51.547281,On or near Finchley Road (Lu Station),E01000972,Camden 010D,Public order,,
,2023-07,British Transport Police,British Transport Police,-0.180105,51.547281,On or near Finchley Road (Lu Station),E01000972,Camden 010D,Public order,,
,2023-07,British Transport Police,British Transport Police,-0.180105,51.547281,On or near Finchley Road (Lu Station),E01000972,Camden 010D,Theft from the person,,
,2023-07,British Transport Police,British Transport Police,-0.180105,51.547281,On or near Finchley Road (Lu Station),E01000972,Camden 010D,Theft from the person,,
,2023-07,British Transport Police,British Transport Police,-0.180105,51.547281,On or near Finchley Road (Lu Station),E01000972,Camden 010D,Violence and sexual offences,,
,2023-07,British Transport Police,British Transport Police,-0.180105,51.547281,On or near Finchley Road (Lu Station),E01000972,Camden 010D,Violence and sexual offences,,
,2023-07,British Transport Police,British Transport Police,-0.180105,51.547281,On or near Finchley Road (Lu Station),E01000972,Camden 010D,Violence and sexual offences,,
,2023-07,British Transport Police,British Transport Police,-0.180105,51.547281,On or near Finchley Road (Lu Station),E01000972,Camden 010D,Violence and sexual offences,,
,2023-07,British Transport Police,British Transport Police,-0.192269,51.546767,On or near West Hampstead Thameslink (Station),E01000973,Camden 010E,Other theft,,
,2023-07,British Transport Police,British Transport Police,-0.192269,51.546767,On or near West Hampstead Thameslink (Station),E01000973,Camden 010E,Other theft,,
,2023-07,British Transport Police,British Transport Police,-0.191067,51.547527,On or near West Hampstead (Station),E01000973,Camden 010E,Other theft,,
,2023-07,British Transport Police,British Transport Police,-0.192269,51.546767,On or near West Hampstead Thameslink (Station),E01000973,Camden 010E,Other theft,,
,2023-07,British Transport Police,British Transport Police,-0.192269,51.546767,On or near West Hampstead Thameslink (Station),E01000973,Camden 010E,Public order,,
,2023-07,British Transport Police,British Transport Police,-0.190432,51.546798,On or near West Hampstead (Lu Station),E01000973,Camden 010E,Public order,,
,2023-07,British Transport Police,British Transport Police,-0.190432,51.546798,On or near West Hampstead (Lu Station),E01000973,Camden 010E,Public order,,
,2023-07,British Transport Police,British Transport Police,-0.191067,51.547527,On or near West Hampstead (Station),E01000973,Camden 010E,Public order,,
,2023-07,British Transport Police,British Transport Police,-0.191067,51.547527,On or near West Hampstead (Station),E01000973,Camden 010E,Public order,,
,2023-07,British Transport Police,British Transport Police,-0.192269,51.546767,On or near West Hampstead Thameslink (Station),E01000973,Camden 010E,Theft from the person,,
,2023-07,British Transport Police,British Transport Police,-0.190432,51.546798,On or near West Hampstead (Lu Station),E01000973,Camden 010E,Theft from the person,,
,2023-07,British Transport Police,British Transport Police,-0.190432,51.546798,On or near West Hampstead (Lu Station),E01000973,Camden 010E,Violence and sexual offences,,
,2023-07,British Transport Police,British Transport Police,-0.191067,51.547527,On or near West Hampstead (Station),E01000973,Camden 010E,Violence and sexual offences,,
,2023-07,British Transport Police,British Transport Police,-0.191067,51.547527,On or near West Hampstead (Station),E01000973,Camden 010E,Violence and sexual offences,,
,2023-07,British Transport Police,British Transport Police,-0.191067,51.547527,On or near West Hampstead (Station),E01000973,Camden 010E,Violence and sexual offences,,
,2023-07,British Transport Police,British Transport Police,-0.192269,51.546767,On or near West Hampstead Thameslink (Station),E01000973,Camden 010E,Violence and sexual offences,,
,2023-07,British Transport Police,British Transport Police,-0.153733,51.544150,On or near Chalk Farm (Lu Station),E01000906,Camden 012E,Public order,,
,2023-07,British Transport Police,British Transport Police,-0.153733,51.544150,On or near Chalk Farm (Lu Station),E01000906,Camden 012E,Violence and sexual offences,,
,2023-07,British Transport Police,British Transport Police,-0.179038,51.541397,On or near South Hampstead (Station),E01000961,Camden 017B,Theft from the person,,
,2023-07,British Transport Police,British Transport Police,-0.175604,51.543242,On or near Swiss Cottage (Lu Station),E01000963,Camden 017C,Violence and sexual offences,,
,2023-07,British Transport Police,British Transport Police,-0.138871,51.541976,On or near Camden Road (Station),E01000861,Camden 019B,Public order,,
,2023-07,British Transport Police,British Transport Police,-0.138871,51.541976,On or near Camden Road (Station),E01000861,Camden 019B,Robbery,,
,2023-07,British Transport Police,British Transport Police,-0.138871,51.541976,On or near Camden Road (Station),E01000861,Camden 019B,Theft from the person,,
,2023-07,British Transport Police,British Transport Police,-0.138871,51.541976,On or near Camden Road (Station),E01000861,Camden 019B,Violence and sexual offences,,
,2023-07,British Transport Police,British Transport Police,-0.191766,51.537522,On or near Kilburn High Road (Station),E01000930,Camden 020B,Violence and sexual offences,,
,2023-07,British Transport Police,British Transport Police,-0.142732,51.539470,On or near Camden Town (Lu Station),E01000863,Camden 021A,Criminal damage and arson,,
,2023-07,British Transport Police,British Transport Police,-0.142732,51.539470,On or near Camden Town (Lu Station),E01000863,Camden 021A,Drugs,,
,2023-07,British Transport Police,British Transport Police,-0.142732,51.539470,On or near Camden Town (Lu Station),E01000863,Camden 021A,Other theft,,
,2023-07,British Transport Police,British Transport Police,-0.142732,51.539470,On or near Camden Town (Lu Station),E01000863,Camden 021A,Public order,,
,2023-07,British Transport Police,British Transport Police,-0.142732,51.539470,On or near Camden Town (Lu Station),E01000863,Camden 021A,Public order,,
,2023-07,British Transport Police,British Transport Police,-0.142732,51.539470,On or near Camden Town (Lu Station),E01000863,Camden 021A,Theft from the person,,
,2023-07,British Transport Police,British Transport Police,-0.142732,51.539470,On or near Camden Town (Lu Station),E01000863,Camden 021A,Theft from the person,,
,2023-07,British Transport Police,British Transport Police,-0.142732,51.539470,On or near Camden Town (Lu Station),E01000863,Camden 021A,Theft from the person,,
,2023-07,British Transport Police,British Transport Police,-0.142732,51.539470,On or near Camden Town (Lu Station),E01000863,Camden 021A,Theft from the person,,
,2023-07,British Transport Police,British Transport Police,-0.142732,51.539470,On or near Camden Town (Lu Station),E01000863,Camden 021A,Violence and sexual offences,,
,2023-07,British Transport Police,British Transport Police,-0.142732,51.539470,On or near Camden Town (Lu Station),E01000863,Camden 021A,Violence and sexual offences,,
,2023-07,British Transport Police,British Transport Police,-0.142732,51.539470,On or near Camden Town (Lu Station),E01000863,Camden 021A,Violence and sexual offences,,
,2023-07,British Transport Police,British Transport Police,-0.142732,51.539470,On or near Camden Town (Lu Station),E01000863,Camden 021A,Violence and sexual offences,,
,2023-07,British Transport Police,British Transport Police,-0.138849,51.534275,On or near Mornington Crescent (Lu Station),E01000947,Camden 021C,Other theft,,
,2023-07,British Transport Police,British Transport Police,-0.138849,51.534275,On or near Mornington Crescent (Lu Station),E01000947,Camden 021C,Robbery,,
,2023-07,British Transport Police,British Transport Police,-0.138849,51.534275,On or near Mornington Crescent (Lu Station),E01000947,Camden 021C,Theft from the person,,
,2023-07,British Transport Police,British Transport Police,-0.138849,51.534275,On or near Mornington Crescent (Lu Station),E01000947,Camden 021C,Violence and sexual offences,,
,2023-07,British Transport Police,British Transport Police,-0.138849,51.534275,On or near Mornington Crescent (Lu Station),E01000947,Camden 021C,Violence and sexual offences,,
,2023-07,British Transport Police,British Transport Police,-0.138849,51.534275,On or near Mornington Crescent (Lu Station),E01000947,Camden 021C,Violence and sexual offences,,
,2023-07,British Transport Police,British Transport Police,-0.138849,51.534275,On or near Mornington Crescent (Lu Station),E01000947,Camden 021C,Violence and sexual offences,,
,2023-07,British Transport Police,British Transport Police,-0.138849,51.534275,On or near Mornington Crescent (Lu Station),E01000947,Camden 021C,Violence and sexual offences,,
,2023-07,British Transport Police,British Transport Police,-0.123582,51.530626,On or near Kings Cross St Pancras (Lu Station),E01035708,Camden 022F,Bicycle theft,,
,2023-07,British Transport Police,British Transport Police,-0.124072,51.530350,On or near Kings Cross (Station),E01035708,Camden 022F,Criminal damage and arson,,
,2023-07,British Transport Police,British Transport Police,-0.123582,51.530626,On or near Kings Cross St Pancras (Lu Station),E01035708,Camden 022F,Criminal damage and arson,,
,2023-07,British Transport Police,British Transport Police,-0.123582,51.530626,On or near Kings Cross St Pancras (Lu Station),E01035708,Camden 022F,Drugs,,
,2023-07,British Transport Police,British Transport Police,-0.123582,51.530626,On or near Kings Cross St Pancras (Lu Station),E01035708,Camden 022F,Drugs,,
,2023-07,British Transport Police,British Transport Police,-0.123582,51.530626,On or near Kings Cross St Pancras (Lu Station),E01035708,Camden 022F,Drugs,,
,2023-07,British Transport Police,British Transport Police,-0.123582,51.530626,On or near Kings Cross St Pancras (Lu Station),E01035708,Camden 022F,Drugs,,
,2023-07,British Transport Police,British Transport Police,-0.123582,51.530626,On or near Kings Cross St Pancras (Lu Station),E01035708,Camden 022F,Drugs,,
,2023-07,British Transport Police,British Transport Police,-0.123582,51.530626,On or near Kings Cross St Pancras (Lu Station),E01035708,Camden 022F,Drugs,,
,2023-07,British Transport Police,British Transport Police,-0.123582,51.530626,On or near Kings Cross St Pancras (Lu Station),E01035708,Camden 022F,Drugs,,
,2023-07,British Transport Police,British Transport Police,-0.123582,51.530626,On or near Kings Cross St Pancras (Lu Station),E01035708,Camden 022F,Drugs,,
,2023-07,British Transport Police,British Transport Police,-0.123582,51.530626,On or near Kings Cross St Pancras (Lu Station),E01035708,Camden 022F,Drugs,,
,2023-07,British Transport Police,British Transport Police,-0.123582,51.530626,On or near Kings Cross St Pancras (Lu Station),E01035708,Camden 022F,Drugs,,
,2023-07,British Transport Police,British Transport Police,-0.123582,51.530626,On or near Kings Cross St Pancras (Lu Station),E01035708,Camden 022F,Drugs,,
,2023-07,British Transport Police,British Transport Police,-0.123582,51.530626,On or near Kings Cross St Pancras (Lu Station),E01035708,Camden 022F,Drugs,,
,2023-07,British Transport Police,British Transport Police,-0.123582,51.530626,On or near Kings Cross St Pancras (Lu Station),E01035708,Camden 022F,Drugs,,
,2023-07,British Transport Police,British Transport Police,-0.123582,51.530626,On or near Kings Cross St Pancras (Lu Station),E01035708,Camden 022F,Drugs,,
,2023-07,British Transport Police,British Transport Police,-0.123582,51.530626,On or near Kings Cross St Pancras (Lu Station),E01035708,Camden 022F,Drugs,,
,2023-07,British Transport Police,British Transport Police,-0.124072,51.530350,On or near Kings Cross (Station),E01035708,Camden 022F,Drugs,,
,2023-07,British Transport Police,British Transport Police,-0.124072,51.530350,On or near Kings Cross (Station),E01035708,Camden 022F,Drugs,,
,2023-07,British Transport Police,British Transport Police,-0.124072,51.530350,On or near Kings Cross (Station),E01035708,Camden 022F,Drugs,,
,2023-07,British Transport Police,British Transport Police,-0.124072,51.530350,On or near Kings Cross (Station),E01035708,Camden 022F,Drugs,,
,2023-07,British Transport Police,British Transport Police,-0.124072,51.530350,On or near Kings Cross (Station),E01035708,Camden 022F,Drugs,,
,2023-07,British Transport Police,British Transport Police,-0.124072,51.530350,On or near Kings Cross (Station),E01035708,Camden 022F,Drugs,,
,2023-07,British Transport Police,British Transport Police,-0.124072,51.530350,On or near Kings Cross (Station),E01035708,Camden 022F,Drugs,,
,2023-07,British Transport Police,British Transport Police,-0.124072,51.530350,On or near Kings Cross (Station),E01035708,Camden 022F,Drugs,,
,2023-07,British Transport Police,British Transport Police,-0.124072,51.530350,On or near Kings Cross (Station),E01035708,Camden 022F,Drugs,,
,2023-07,British Transport Police,British Transport Police,-0.123582,51.530626,On or near Kings Cross St Pancras (Lu Station),E01035708,Camden 022F,Drugs,,
,2023-07,British Transport Police,British Transport Police,-0.123582,51.530626,On or near Kings Cross St Pancras (Lu Station),E01035708,Camden 022F,Other theft,,
,2023-07,British Transport Police,British Transport Police,-0.123582,51.530626,On or near Kings Cross St Pancras (Lu Station),E01035708,Camden 022F,Other theft,,
,2023-07,British Transport Police,British Transport Police,-0.123582,51.530626,On or near Kings Cross St Pancras (Lu Station),E01035708,Camden 022F,Other theft,,
,2023-07,British Transport Police,British Transport Police,-0.123582,51.530626,On or near Kings Cross St Pancras (Lu Station),E01035708,Camden 022F,Other theft,,
,2023-07,British Transport Police,British Transport Police,-0.123582,51.530626,On or near Kings Cross St Pancras (Lu Station),E01035708,Camden 022F,Other theft,,
,2023-07,British Transport Police,British Transport Police,-0.123582,51.530626,On or near Kings Cross St Pancras (Lu Station),E01035708,Camden 022F,Other theft,,
,2023-07,British Transport Police,British Transport Police,-0.123582,51.530626,On or near Kings Cross St Pancras (Lu Station),E01035708,Camden 022F,Other theft,,
,2023-07,British Transport Police,British Transport Police,-0.123582,51.530626,On or near Kings Cross St Pancras (Lu Station),E01035708,Camden 022F,Other theft,,
,2023-07,British Transport Police,British Transport Police,-0.123582,51.530626,On or near Kings Cross St Pancras (Lu Station),E01035708,Camden 022F,Other theft,,
,2023-07,British Transport Police,British Transport Police,-0.123582,51.530626,On or near Kings Cross St Pancras (Lu Station),E01035708,Camden 022F,Other theft,,
,2023-07,British Transport Police,British Transport Police,-0.123582,51.530626,On or near Kings Cross St Pancras (Lu Station),E01035708,Camden 022F,Other theft,,
,2023-07,British Transport Police,British Transport Police,-0.123582,51.530626,On or near Kings Cross St Pancras (Lu Station),E01035708,Camden 022F,Other theft,,
,2023-07,British Transport Police,British Transport Police,-0.123582,51.530626,On or near Kings Cross St Pancras (Lu Station),E01035708,Camden 022F,Other theft,,
,2023-07,British Transport Police,British Transport Police,-0.123582,51.530626,On or near Kings Cross St Pancras (Lu Station),E01035708,Camden 022F,Other theft,,
,2023-07,British Transport Police,British Transport Police,-0.123582,51.530626,On or near Kings Cross St Pancras (Lu Station),E01035708,Camden 022F,Other theft,,
,2023-07,British Transport Police,British Transport Police,-0.123582,51.530626,On or near Kings Cross St Pancras (Lu Station),E01035708,Camden 022F,Other theft,,
,2023-07,British Transport Police,British Transport Police,-0.123582,51.530626,On or near Kings Cross St Pancras (Lu Station),E01035708,Camden 022F,Other theft,,
,2023-07,British Transport Police,British Transport Police,-0.123582,51.530626,On or near Kings Cross St Pancras (Lu Station),E01035708,Camden 022F,Other theft,,
,2023-07,British Transport Police,British Transport Police,-0.123582,51.530626,On or near Kings Cross St Pancras (Lu Station),E01035708,Camden 022F,Other theft,,
,2023-07,British Transport Police,British Transport Police,-0.123582,51.530626,On or near Kings Cross St Pancras (Lu Station),E01035708,Camden 022F,Other theft,,
,2023-07,British Transport Police,British Transport Police,-0.123582,51.530626,On or near Kings Cross St Pancras (Lu Station),E01035708,Camden 022F,Other theft,,
,2023-07,British Transport Police,British Transport Police,-0.123582,51.530626,On or near Kings Cross St Pancras (Lu Station),E01035708,Camden 022F,Other theft,,
,2023-07,British Transport Police,British Transport Police,-0.123582,51.530626,On or near Kings Cross St Pancras (Lu Station),E01035708,Camden 022F,Other theft,,
,2023-07,British Transport Police,British Transport Police,-0.123582,51.530626,On or near Kings Cross St Pancras (Lu Station),E01035708,Camden 022F,Other theft,,
,2023-07,British Transport Police,British Transport Police,-0.124072,51.530350,On or near Kings Cross (Station),E01035708,Camden 022F,Other theft,,
,2023-07,British Transport Police,British Transport Police,-0.124072,51.530350,On or near Kings Cross (Station),E01035708,Camden 022F,Other theft,,
,2023-07,British Transport Police,British Transport Police,-0.124072,51.530350,On or near Kings Cross (Station),E01035708,Camden 022F,Other theft,,
,2023-07,British Transport Police,British Transport Police,-0.124072,51.530350,On or near Kings Cross (Station),E01035708,Camden 022F,Other theft,,
,2023-07,British Transport Police,British Transport Police,-0.124072,51.530350,On or near Kings Cross (Station),E01035708,Camden 022F,Other theft,,
,2023-07,British Transport Police,British Transport Police,-0.124072,51.530350,On or near Kings Cross (Station),E01035708,Camden 022F,Other theft,,
,2023-07,British Transport Police,British Transport Police,-0.124072,51.530350,On or near Kings Cross (Station),E01035708,Camden 022F,Other theft,,
,2023-07,British Transport Police,British Transport Police,-0.124072,51.530350,On or near Kings Cross (Station),E01035708,Camden 022F,Other theft,,
,2023-07,British Transport Police,British Transport Police,-0.124072,51.530350,On or near Kings Cross (Station),E01035708,Camden 022F,Other theft,,
,2023-07,British Transport Police,British Transport Police,-0.124072,51.530350,On or near Kings Cross (Station),E01035708,Camden 022F,Other theft,,
,2023-07,British Transport Police,British Transport Police,-0.124072,51.530350,On or near Kings Cross (Station),E01035708,Camden 022F,Other theft,,
,2023-07,British Transport Police,British Transport Police,-0.124072,51.530350,On or near Kings Cross (Station),E01035708,Camden 022F,Other theft,,
,2023-07,British Transport Police,British Transport Police,-0.124072,51.530350,On or near Kings Cross (Station),E01035708,Camden 022F,Other theft,,
,2023-07,British Transport Police,British Transport Police,-0.124072,51.530350,On or near Kings Cross (Station),E01035708,Camden 022F,Other theft,,
,2023-07,British Transport Police,British Transport Police,-0.124072,51.530350,On or near Kings Cross (Station),E01035708,Camden 022F,Other theft,,
,2023-07,British Transport Police,British Transport Police,-0.124072,51.530350,On or near Kings Cross (Station),E01035708,Camden 022F,Other theft,,
,2023-07,British Transport Police,British Transport Police,-0.124072,51.530350,On or near Kings Cross (Station),E01035708,Camden 022F,Other theft,,
,2023-07,British Transport Police,British Transport Police,-0.124072,51.530350,On or near Kings Cross (Station),E01035708,Camden 022F,Other theft,,
,2023-07,British Transport Police,British Transport Police,-0.124072,51.530350,On or near Kings Cross (Station),E01035708,Camden 022F,Other theft,,
,2023-07,British Transport Police,British Transport Police,-0.124072,51.530350,On or near Kings Cross (Station),E01035708,Camden 022F,Other theft,,
,2023-07,British Transport Police,British Transport Police,-0.124072,51.530350,On or near Kings Cross (Station),E01035708,Camden 022F,Other theft,,
,2023-07,British Transport Police,British Transport Police,-0.124072,51.530350,On or near Kings Cross (Station),E01035708,Camden 022F,Other theft,,
,2023-07,British Transport Police,British Transport Police,-0.124072,51.530350,On or near Kings Cross (Station),E01035708,Camden 022F,Other theft,,
,2023-07,British Transport Police,British Transport Police,-0.124072,51.530350,On or near Kings Cross (Station),E01035708,Camden 022F,Other theft,,
,2023-07,British Transport Police,British Transport Police,-0.124072,51.530350,On or near Kings Cross (Station),E01035708,Camden 022F,Other theft,,
,2023-07,British Transport Police,British Transport Police,-0.124072,51.530350,On or near Kings Cross (Station),E01035708,Camden 022F,Other theft,,
,2023-07,British Transport Police,British Transport Police,-0.124072,51.530350,On or near Kings Cross (Station),E01035708,Camden 022F,Other theft,,
,2023-07,British Transport Police,British Transport Police,-0.124072,51.530350,On or near Kings Cross (Station),E01035708,Camden 022F,Other theft,,
,2023-07,British Transport Police,British Transport Police,-0.124072,51.530350,On or near Kings Cross (Station),E01035708,Camden 022F,Other theft,,
,2023-07,British Transport Police,British Transport Police,-0.124072,51.530350,On or near Kings Cross (Station),E01035708,Camden 022F,Other theft,,
,2023-07,British Transport Police,British Transport Police,-0.124072,51.530350,On or near Kings Cross (Station),E01035708,Camden 022F,Other theft,,
,2023-07,British Transport Police,British Transport Police,-0.124072,51.530350,On or near Kings Cross (Station),E01035708,Camden 022F,Other theft,,
,2023-07,British Transport Police,British Transport Police,-0.124072,51.530350,On or near Kings Cross (Station),E01035708,Camden 022F,Other theft,,
,2023-07,British Transport Police,British Transport Police,-0.124072,51.530350,On or near Kings Cross (Station),E01035708,Camden 022F,Other theft,,
,2023-07,British Transport Police,British Transport Police,-0.124072,51.530350,On or near Kings Cross (Station),E01035708,Camden 022F,Other theft,,
,2023-07,British Transport Police,British Transport Police,-0.124072,51.530350,On or near Kings Cross (Station),E01035708,Camden 022F,Other theft,,
,2023-07,British Transport Police,British Transport Police,-0.124072,51.530350,On or near Kings Cross (Station),E01035708,Camden 022F,Other theft,,
,2023-07,British Transport Police,British Transport Police,-0.124072,51.530350,On or near Kings Cross (Station),E01035708,Camden 022F,Other theft,,
,2023-07,British Transport Police,British Transport Police,-0.124072,51.530350,On or near Kings Cross (Station),E01035708,Camden 022F,Other theft,,
,2023-07,British Transport Police,British Transport Police,-0.124072,51.530350,On or near Kings Cross (Station),E01035708,Camden 022F,Other theft,,
,2023-07,British Transport Police,British Transport Police,-0.124072,51.530350,On or near Kings Cross (Station),E01035708,Camden 022F,Other theft,,
,2023-07,British Transport Police,British Transport Police,-0.124072,51.530350,On or near Kings Cross (Station),E01035708,Camden 022F,Other theft,,
,2023-07,British Transport Police,British Transport Police,-0.124072,51.530350,On or near Kings Cross (Station),E01035708,Camden 022F,Other theft,,
,2023-07,British Transport Police,British Transport Police,-0.124072,51.530350,On or near Kings Cross (Station),E01035708,Camden 022F,Other theft,,
,2023-07,British Transport Police,British Transport Police,-0.123582,51.530626,On or near Kings Cross St Pancras (Lu Station),E01035708,Camden 022F,Other theft,,
,2023-07,British Transport Police,British Transport Police,-0.124072,51.530350,On or near Kings Cross (Station),E01035708,Camden 022F,Possession of weapons,,
,2023-07,British Transport Police,British Transport Police,-0.124072,51.530350,On or near Kings Cross (Station),E01035708,Camden 022F,Possession of weapons,,
,2023-07,British Transport Police,British Transport Police,-0.123582,51.530626,On or near Kings Cross St Pancras (Lu Station),E01035708,Camden 022F,Possession of weapons,,
,2023-07,British Transport Police,British Transport Police,-0.123582,51.530626,On or near Kings Cross St Pancras (Lu Station),E01035708,Camden 022F,Possession of weapons,,
,2023-07,British Transport Police,British Transport Police,-0.124072,51.530350,On or near Kings Cross (Station),E01035708,Camden 022F,Public order,,
,2023-07,British Transport Police,British Transport Police,-0.124072,51.530350,On or near Kings Cross (Station),E01035708,Camden 022F,Public order,,
,2023-07,British Transport Police,British Transport Police,-0.124072,51.530350,On or near Kings Cross (Station),E01035708,Camden 022F,Public order,,
,2023-07,British Transport Police,British Transport Police,-0.124072,51.530350,On or near Kings Cross (Station),E01035708,Camden 022F,Public order,,
,2023-07,British Transport Police,British Transport Police,-0.124072,51.530350,On or near Kings Cross (Station),E01035708,Camden 022F,Public order,,
,2023-07,British Transport Police,British Transport Police,-0.124072,51.530350,On or near Kings Cross (Station),E01035708,Camden 022F,Public order,,
,2023-07,British Transport Police,British Transport Police,-0.124072,51.530350,On or near Kings Cross (Station),E01035708,Camden 022F,Public order,,
,2023-07,British Transport Police,British Transport Police,-0.124072,51.530350,On or near Kings Cross (Station),E01035708,Camden 022F,Public order,,
,2023-07,British Transport Police,British Transport Police,-0.123582,51.530626,On or near Kings Cross St Pancras (Lu Station),E01035708,Camden 022F,Public order,,
,2023-07,British Transport Police,British Transport Police,-0.124072,51.530350,On or near Kings Cross (Station),E01035708,Camden 022F,Public order,,
,2023-07,British Transport Police,British Transport Police,-0.123582,51.530626,On or near Kings Cross St Pancras (Lu Station),E01035708,Camden 022F,Public order,,
,2023-07,British Transport Police,British Transport Police,-0.123582,51.530626,On or near Kings Cross St Pancras (Lu Station),E01035708,Camden 022F,Public order,,
,2023-07,British Transport Police,British Transport Police,-0.123582,51.530626,On or near Kings Cross St Pancras (Lu Station),E01035708,Camden 022F,Public order,,
,2023-07,British Transport Police,British Transport Police,-0.124072,51.530350,On or near Kings Cross (Station),E01035708,Camden 022F,Public order,,
,2023-07,British Transport Police,British Transport Police,-0.123582,51.530626,On or near Kings Cross St Pancras (Lu Station),E01035708,Camden 022F,Public order,,
,2023-07,British Transport Police,British Transport Police,-0.123582,51.530626,On or near Kings Cross St Pancras (Lu Station),E01035708,Camden 022F,Public order,,
,2023-07,British Transport Police,British Transport Police,-0.124072,51.530350,On or near Kings Cross (Station),E01035708,Camden 022F,Public order,,
,2023-07,British Transport Police,British Transport Police,-0.124072,51.530350,On or near Kings Cross (Station),E01035708,Camden 022F,Shoplifting,,
,2023-07,British Transport Police,British Transport Police,-0.124072,51.530350,On or near Kings Cross (Station),E01035708,Camden 022F,Shoplifting,,
,2023-07,British Transport Police,British Transport Police,-0.124072,51.530350,On or near Kings Cross (Station),E01035708,Camden 022F,Shoplifting,,
,2023-07,British Transport Police,British Transport Police,-0.124072,51.530350,On or near Kings Cross (Station),E01035708,Camden 022F,Shoplifting,,
,2023-07,British Transport Police,British Transport Police,-0.124072,51.530350,On or near Kings Cross (Station),E01035708,Camden 022F,Shoplifting,,
,2023-07,British Transport Police,British Transport Police,-0.124072,51.530350,On or near Kings Cross (Station),E01035708,Camden 022F,Shoplifting,,
,2023-07,British Transport Police,British Transport Police,-0.124072,51.530350,On or near Kings Cross (Station),E01035708,Camden 022F,Shoplifting,,
,2023-07,British Transport Police,British Transport Police,-0.124072,51.530350,On or near Kings Cross (Station),E01035708,Camden 022F,Shoplifting,,
,2023-07,British Transport Police,British Transport Police,-0.124072,51.530350,On or near Kings Cross (Station),E01035708,Camden 022F,Shoplifting,,
,2023-07,British Transport Police,British Transport Police,-0.124072,51.530350,On or near Kings Cross (Station),E01035708,Camden 022F,Shoplifting,,
,2023-07,British Transport Police,British Transport Police,-0.124072,51.530350,On or near Kings Cross (Station),E01035708,Camden 022F,Shoplifting,,
,2023-07,British Transport Police,British Transport Police,-0.124072,51.530350,On or near Kings Cross (Station),E01035708,Camden 022F,Shoplifting,,
,2023-07,British Transport Police,British Transport Police,-0.124072,51.530350,On or near Kings Cross (Station),E01035708,Camden 022F,Shoplifting,,
,2023-07,British Transport Police,British Transport Police,-0.124072,51.530350,On or near Kings Cross (Station),E01035708,Camden 022F,Shoplifting,,
,2023-07,British Transport Police,British Transport Police,-0.124072,51.530350,On or near Kings Cross (Station),E01035708,Camden 022F,Shoplifting,,
,2023-07,British Transport Police,British Transport Police,-0.124072,51.530350,On or near Kings Cross (Station),E01035708,Camden 022F,Shoplifting,,
,2023-07,British Transport Police,British Transport Police,-0.123582,51.530626,On or near Kings Cross St Pancras (Lu Station),E01035708,Camden 022F,Shoplifting,,
,2023-07,British Transport Police,British Transport Police,-0.123582,51.530626,On or near Kings Cross St Pancras (Lu Station),E01035708,Camden 022F,Shoplifting,,
,2023-07,British Transport Police,British Transport Police,-0.124072,51.530350,On or near Kings Cross (Station),E01035708,Camden 022F,Shoplifting,,
,2023-07,British Transport Police,British Transport Police,-0.124072,51.530350,On or near Kings Cross (Station),E01035708,Camden 022F,Shoplifting,,
,2023-07,British Transport Police,British Transport Police,-0.123582,51.530626,On or near Kings Cross St Pancras (Lu Station),E01035708,Camden 022F,Theft from the person,,
,2023-07,British Transport Police,British Transport Police,-0.123582,51.530626,On or near Kings Cross St Pancras (Lu Station),E01035708,Camden 022F,Theft from the person,,
,2023-07,British Transport Police,British Transport Police,-0.124072,51.530350,On or near Kings Cross (Station),E01035708,Camden 022F,Theft from the person,,
,2023-07,British Transport Police,British Transport Police,-0.124072,51.530350,On or near Kings Cross (Station),E01035708,Camden 022F,Theft from the person,,
,2023-07,British Transport Police,British Transport Police,-0.124072,51.530350,On or near Kings Cross (Station),E01035708,Camden 022F,Theft from the person,,
,2023-07,British Transport Police,British Transport Police,-0.123582,51.530626,On or near Kings Cross St Pancras (Lu Station),E01035708,Camden 022F,Theft from the person,,
,2023-07,British Transport Police,British Transport Police,-0.123582,51.530626,On or near Kings Cross St Pancras (Lu Station),E01035708,Camden 022F,Theft from the person,,
,2023-07,British Transport Police,British Transport Police,-0.124072,51.530350,On or near Kings Cross (Station),E01035708,Camden 022F,Theft from the person,,
,2023-07,British Transport Police,British Transport Police,-0.124072,51.530350,On or near Kings Cross (Station),E01035708,Camden 022F,Theft from the person,,
,2023-07,British Transport Police,British Transport Police,-0.123582,51.530626,On or near Kings Cross St Pancras (Lu Station),E01035708,Camden 022F,Theft from the person,,
,2023-07,British Transport Police,British Transport Police,-0.123582,51.530626,On or near Kings Cross St Pancras (Lu Station),E01035708,Camden 022F,Theft from the person,,
,2023-07,British Transport Police,British Transport Police,-0.123582,51.530626,On or near Kings Cross St Pancras (Lu Station),E01035708,Camden 022F,Theft from the person,,
,2023-07,British Transport Police,British Transport Police,-0.123582,51.530626,On or near Kings Cross St Pancras (Lu Station),E01035708,Camden 022F,Theft from the person,,
,2023-07,British Transport Police,British Transport Police,-0.123582,51.530626,On or near Kings Cross St Pancras (Lu Station),E01035708,Camden 022F,Theft from the person,,
,2023-07,British Transport Police,British Transport Police,-0.123582,51.530626,On or near Kings Cross St Pancras (Lu Station),E01035708,Camden 022F,Theft from the person,,
,2023-07,British Transport Police,British Transport Police,-0.123582,51.530626,On or near Kings Cross St Pancras (Lu Station),E01035708,Camden 022F,Theft from the person,,
,2023-07,British Transport Police,British Transport Police,-0.123582,51.530626,On or near Kings Cross St Pancras (Lu Station),E01035708,Camden 022F,Theft from the person,,
,2023-07,British Transport Police,British Transport Police,-0.123582,51.530626,On or near Kings Cross St Pancras (Lu Station),E01035708,Camden 022F,Theft from the person,,
,2023-07,British Transport Police,British Transport Police,-0.123582,51.530626,On or near Kings Cross St Pancras (Lu Station),E01035708,Camden 022F,Theft from the person,,
,2023-07,British Transport Police,British Transport Police,-0.123582,51.530626,On or near Kings Cross St Pancras (Lu Station),E01035708,Camden 022F,Theft from the person,,
,2023-07,British Transport Police,British Transport Police,-0.123582,51.530626,On or near Kings Cross St Pancras (Lu Station),E01035708,Camden 022F,Theft from the person,,
,2023-07,British Transport Police,British Transport Police,-0.123582,51.530626,On or near Kings Cross St Pancras (Lu Station),E01035708,Camden 022F,Theft from the person,,
,2023-07,British Transport Police,British Transport Police,-0.123582,51.530626,On or near Kings Cross St Pancras (Lu Station),E01035708,Camden 022F,Theft from the person,,
,2023-07,British Transport Police,British Transport Police,-0.123582,51.530626,On or near Kings Cross St Pancras (Lu Station),E01035708,Camden 022F,Theft from the person,,
,2023-07,British Transport Police,British Transport Police,-0.123582,51.530626,On or near Kings Cross St Pancras (Lu Station),E01035708,Camden 022F,Theft from the person,,
,2023-07,British Transport Police,British Transport Police,-0.123582,51.530626,On or near Kings Cross St Pancras (Lu Station),E01035708,Camden 022F,Theft from the person,,
,2023-07,British Transport Police,British Transport Police,-0.123582,51.530626,On or near Kings Cross St Pancras (Lu Station),E01035708,Camden 022F,Theft from the person,,
,2023-07,British Transport Police,British Transport Police,-0.123582,51.530626,On or near Kings Cross St Pancras (Lu Station),E01035708,Camden 022F,Theft from the person,,
,2023-07,British Transport Police,British Transport Police,-0.123582,51.530626,On or near Kings Cross St Pancras (Lu Station),E01035708,Camden 022F,Theft from the person,,
,2023-07,British Transport Police,British Transport Police,-0.123582,51.530626,On or near Kings Cross St Pancras (Lu Station),E01035708,Camden 022F,Theft from the person,,
,2023-07,British Transport Police,British Transport Police,-0.123582,51.530626,On or near Kings Cross St Pancras (Lu Station),E01035708,Camden 022F,Theft from the person,,
,2023-07,British Transport Police,British Transport Police,-0.123582,51.530626,On or near Kings Cross St Pancras (Lu Station),E01035708,Camden 022F,Theft from the person,,
,2023-07,British Transport Police,British Transport Police,-0.123582,51.530626,On or near Kings Cross St Pancras (Lu Station),E01035708,Camden 022F,Theft from the person,,
,2023-07,British Transport Police,British Transport Police,-0.123582,51.530626,On or near Kings Cross St Pancras (Lu Station),E01035708,Camden 022F,Theft from the person,,
,2023-07,British Transport Police,British Transport Police,-0.124072,51.530350,On or near Kings Cross (Station),E01035708,Camden 022F,Theft from the person,,
,2023-07,British Transport Police,British Transport Police,-0.124072,51.530350,On or near Kings Cross (Station),E01035708,Camden 022F,Theft from the person,,
,2023-07,British Transport Police,British Transport Police,-0.124072,51.530350,On or near Kings Cross (Station),E01035708,Camden 022F,Theft from the person,,
,2023-07,British Transport Police,British Transport Police,-0.124072,51.530350,On or near Kings Cross (Station),E01035708,Camden 022F,Theft from the person,,
,2023-07,British Transport Police,British Transport Police,-0.124072,51.530350,On or near Kings Cross (Station),E01035708,Camden 022F,Theft from the person,,
,2023-07,British Transport Police,British Transport Police,-0.124072,51.530350,On or near Kings Cross (Station),E01035708,Camden 022F,Theft from the person,,
,2023-07,British Transport Police,British Transport Police,-0.124072,51.530350,On or near Kings Cross (Station),E01035708,Camden 022F,Theft from the person,,
,2023-07,British Transport Police,British Transport Police,-0.124072,51.530350,On or near Kings Cross (Station),E01035708,Camden 022F,Theft from the person,,
,2023-07,British Transport Police,British Transport Police,-0.124072,51.530350,On or near Kings Cross (Station),E01035708,Camden 022F,Theft from the person,,
,2023-07,British Transport Police,British Transport Police,-0.124072,51.530350,On or near Kings Cross (Station),E01035708,Camden 022F,Violence and sexual offences,,
,2023-07,British Transport Police,British Transport Police,-0.124072,51.530350,On or near Kings Cross (Station),E01035708,Camden 022F,Violence and sexual offences,,
,2023-07,British Transport Police,British Transport Police,-0.123582,51.530626,On or near Kings Cross St Pancras (Lu Station),E01035708,Camden 022F,Violence and sexual offences,,
,2023-07,British Transport Police,British Transport Police,-0.123582,51.530626,On or near Kings Cross St Pancras (Lu Station),E01035708,Camden 022F,Violence and sexual offences,,
,2023-07,British Transport Police,British Transport Police,-0.123582,51.530626,On or near Kings Cross St Pancras (Lu Station),E01035708,Camden 022F,Violence and sexual offences,,
,2023-07,British Transport Police,British Transport Police,-0.123582,51.530626,On or near Kings Cross St Pancras (Lu Station),E01035708,Camden 022F,Violence and sexual offences,,
,2023-07,British Transport Police,British Transport Police,-0.123582,51.530626,On or near Kings Cross St Pancras (Lu Station),E01035708,Camden 022F,Violence and sexual offences,,
,2023-07,British Transport Police,British Transport Police,-0.123582,51.530626,On or near Kings Cross St Pancras (Lu Station),E01035708,Camden 022F,Violence and sexual offences,,
,2023-07,British Transport Police,British Transport Police,-0.123582,51.530626,On or near Kings Cross St Pancras (Lu Station),E01035708,Camden 022F,Violence and sexual offences,,
,2023-07,British Transport Police,British Transport Police,-0.124072,51.530350,On or near Kings Cross (Station),E01035708,Camden 022F,Violence and sexual offences,,
,2023-07,British Transport Police,British Transport Police,-0.124072,51.530350,On or near Kings Cross (Station),E01035708,Camden 022F,Violence and sexual offences,,
,2023-07,British Transport Police,British Transport Police,-0.124072,51.530350,On or near Kings Cross (Station),E01035708,Camden 022F,Violence and sexual offences,,
,2023-07,British Transport Police,British Transport Police,-0.123582,51.530626,On or near Kings Cross St Pancras (Lu Station),E01035708,Camden 022F,Violence and sexual offences,,
,2023-07,British Transport Police,British Transport Police,-0.124072,51.530350,On or near Kings Cross (Station),E01035708,Camden 022F,Violence and sexual offences,,
,2023-07,British Transport Police,British Transport Police,-0.123582,51.530626,On or near Kings Cross St Pancras (Lu Station),E01035708,Camden 022F,Violence and sexual offences,,
,2023-07,British Transport Police,British Transport Police,-0.124072,51.530350,On or near Kings Cross (Station),E01035708,Camden 022F,Violence and sexual offences,,
,2023-07,British Transport Police,British Transport Police,-0.124072,51.530350,On or near Kings Cross (Station),E01035708,Camden 022F,Violence and sexual offences,,
,2023-07,British Transport Police,British Transport Police,-0.123582,51.530626,On or near Kings Cross St Pancras (Lu Station),E01035708,Camden 022F,Violence and sexual offences,,
,2023-07,British Transport Police,British Transport Police,-0.124072,51.530350,On or near Kings Cross (Station),E01035708,Camden 022F,Violence and sexual offences,,
,2023-07,British Transport Police,British Transport Police,-0.124072,51.530350,On or near Kings Cross (Station),E01035708,Camden 022F,Violence and sexual offences,,
,2023-07,British Transport Police,British Transport Police,-0.124072,51.530350,On or near Kings Cross (Station),E01035708,Camden 022F,Violence and sexual offences,,
,2023-07,British Transport Police,British Transport Police,-0.124072,51.530350,On or near Kings Cross (Station),E01035708,Camden 022F,Violence and sexual offences,,
,2023-07,British Transport Police,British Transport Police,-0.124072,51.530350,On or near Kings Cross (Station),E01035708,Camden 022F,Violence and sexual offences,,
,2023-07,British Transport Police,British Transport Police,-0.123582,51.530626,On or near Kings Cross St Pancras (Lu Station),E01035708,Camden 022F,Other crime,,
,2023-07,British Transport Police,British Transport Police,-0.124072,51.530350,On or near Kings Cross (Station),E01035708,Camden 022F,Other crime,,
,2023-07,British Transport Police,British Transport Police,-0.124072,51.530350,On or near Kings Cross (Station),E01035708,Camden 022F,Other crime,,
,2023-07,British Transport Police,British Transport Police,-0.124072,51.530350,On or near Kings Cross (Station),E01035708,Camden 022F,Other crime,,
,2023-07,British Transport Police,British Transport Police,-0.134242,51.527811,On or near Euston (Lu Station),E01035710,Camden 023F,Bicycle theft,,
,2023-07,British Transport Police,British Transport Police,-0.135685,51.525950,On or near St  Pancras International (Station),E01035710,Camden 023F,Bicycle theft,,
,2023-07,British Transport Police,British Transport Police,-0.135685,51.525950,On or near St  Pancras International (Station),E01035710,Camden 023F,Bicycle theft,,
,2023-07,British Transport Police,British Transport Police,-0.135685,51.525950,On or near St  Pancras International (Station),E01035710,Camden 023F,Criminal damage and arson,,
,2023-07,British Transport Police,British Transport Police,-0.135685,51.525950,On or near St  Pancras International (Station),E01035710,Camden 023F,Criminal damage and arson,,
,2023-07,British Transport Police,British Transport Police,-0.134185,51.527599,On or near Euston (Station),E01035710,Camden 023F,Drugs,,
,2023-07,British Transport Police,British Transport Police,-0.134185,51.527599,On or near Euston (Station),E01035710,Camden 023F,Drugs,,
,2023-07,British Transport Police,British Transport Police,-0.135685,51.525950,On or near St  Pancras International (Station),E01035710,Camden 023F,Drugs,,
,2023-07,British Transport Police,British Transport Police,-0.135685,51.525950,On or near St  Pancras International (Station),E01035710,Camden 023F,Drugs,,
,2023-07,British Transport Police,British Transport Police,-0.134185,51.527599,On or near Euston (Station),E01035710,Camden 023F,Other theft,,
,2023-07,British Transport Police,British Transport Police,-0.134185,51.527599,On or near Euston (Station),E01035710,Camden 023F,Other theft,,
,2023-07,British Transport Police,British Transport Police,-0.134242,51.527811,On or near Euston (Lu Station),E01035710,Camden 023F,Other theft,,
,2023-07,British Transport Police,British Transport Police,-0.134242,51.527811,On or near Euston (Lu Station),E01035710,Camden 023F,Other theft,,
,2023-07,British Transport Police,British Transport Police,-0.134185,51.527599,On or near Euston (Station),E01035710,Camden 023F,Other theft,,
,2023-07,British Transport Police,British Transport Police,-0.134185,51.527599,On or near Euston (Station),E01035710,Camden 023F,Other theft,,
,2023-07,British Transport Police,British Transport Police,-0.134185,51.527599,On or near Euston (Station),E01035710,Camden 023F,Other theft,,
,2023-07,British Transport Police,British Transport Police,-0.134185,51.527599,On or near Euston (Station),E01035710,Camden 023F,Other theft,,
,2023-07,British Transport Police,British Transport Police,-0.134185,51.527599,On or near Euston (Station),E01035710,Camden 023F,Other theft,,
,2023-07,British Transport Police,British Transport Police,-0.134185,51.527599,On or near Euston (Station),E01035710,Camden 023F,Other theft,,
,2023-07,British Transport Police,British Transport Police,-0.134185,51.527599,On or near Euston (Station),E01035710,Camden 023F,Other theft,,
,2023-07,British Transport Police,British Transport Police,-0.134185,51.527599,On or near Euston (Station),E01035710,Camden 023F,Other theft,,
,2023-07,British Transport Police,British Transport Police,-0.134185,51.527599,On or near Euston (Station),E01035710,Camden 023F,Other theft,,
,2023-07,British Transport Police,British Transport Police,-0.134185,51.527599,On or near Euston (Station),E01035710,Camden 023F,Other theft,,
,2023-07,British Transport Police,British Transport Police,-0.134185,51.527599,On or near Euston (Station),E01035710,Camden 023F,Other theft,,
,2023-07,British Transport Police,British Transport Police,-0.134185,51.527599,On or near Euston (Station),E01035710,Camden 023F,Other theft,,
,2023-07,British Transport Police,British Transport Police,-0.134185,51.527599,On or near Euston (Station),E01035710,Camden 023F,Other theft,,
,2023-07,British Transport Police,British Transport Police,-0.134185,51.527599,On or near Euston (Station),E01035710,Camden 023F,Other theft,,
,2023-07,British Transport Police,British Transport Police,-0.134185,51.527599,On or near Euston (Station),E01035710,Camden 023F,Other theft,,
,2023-07,British Transport Police,British Transport Police,-0.134185,51.527599,On or near Euston (Station),E01035710,Camden 023F,Other theft,,
,2023-07,British Transport Police,British Transport Police,-0.134242,51.527811,On or near Euston (Lu Station),E01035710,Camden 023F,Other theft,,
,2023-07,British Transport Police,British Transport Police,-0.134185,51.527599,On or near Euston (Station),E01035710,Camden 023F,Other theft,,
,2023-07,British Transport Police,British Transport Police,-0.134185,51.527599,On or near Euston (Station),E01035710,Camden 023F,Other theft,,
,2023-07,British Transport Police,British Transport Police,-0.134185,51.527599,On or near Euston (Station),E01035710,Camden 023F,Other theft,,
,2023-07,British Transport Police,British Transport Police,-0.134185,51.527599,On or near Euston (Station),E01035710,Camden 023F,Other theft,,
,2023-07,British Transport Police,British Transport Police,-0.134185,51.527599,On or near Euston (Station),E01035710,Camden 023F,Other theft,,
,2023-07,British Transport Police,British Transport Police,-0.134242,51.527811,On or near Euston (Lu Station),E01035710,Camden 023F,Other theft,,
,2023-07,British Transport Police,British Transport Police,-0.135685,51.525950,On or near St  Pancras International (Station),E01035710,Camden 023F,Other theft,,
,2023-07,British Transport Police,British Transport Police,-0.135685,51.525950,On or near St  Pancras International (Station),E01035710,Camden 023F,Other theft,,
,2023-07,British Transport Police,British Transport Police,-0.135685,51.525950,On or near St  Pancras International (Station),E01035710,Camden 023F,Other theft,,
,2023-07,British Transport Police,British Transport Police,-0.135685,51.525950,On or near St  Pancras International (Station),E01035710,Camden 023F,Other theft,,
,2023-07,British Transport Police,British Transport Police,-0.135685,51.525950,On or near St  Pancras International (Station),E01035710,Camden 023F,Other theft,,
,2023-07,British Transport Police,British Transport Police,-0.135685,51.525950,On or near St  Pancras International (Station),E01035710,Camden 023F,Other theft,,
,2023-07,British Transport Police,British Transport Police,-0.135685,51.525950,On or near St  Pancras International (Station),E01035710,Camden 023F,Other theft,,
,2023-07,British Transport Police,British Transport Police,-0.135685,51.525950,On or near St  Pancras International (Station),E01035710,Camden 023F,Other theft,,
,2023-07,British Transport Police,British Transport Police,-0.135685,51.525950,On or near St  Pancras International (Station),E01035710,Camden 023F,Other theft,,
,2023-07,British Transport Police,British Transport Police,-0.135685,51.525950,On or near St  Pancras International (Station),E01035710,Camden 023F,Other theft,,
,2023-07,British Transport Police,British Transport Police,-0.135685,51.525950,On or near St  Pancras International (Station),E01035710,Camden 023F,Other theft,,
,2023-07,British Transport Police,British Transport Police,-0.135685,51.525950,On or near St  Pancras International (Station),E01035710,Camden 023F,Other theft,,
,2023-07,British Transport Police,British Transport Police,-0.135685,51.525950,On or near St  Pancras International (Station),E01035710,Camden 023F,Other theft,,
,2023-07,British Transport Police,British Transport Police,-0.135685,51.525950,On or near St  Pancras International (Station),E01035710,Camden 023F,Other theft,,
,2023-07,British Transport Police,British Transport Police,-0.135685,51.525950,On or near St  Pancras International (Station),E01035710,Camden 023F,Other theft,,
,2023-07,British Transport Police,British Transport Police,-0.135685,51.525950,On or near St  Pancras International (Station),E01035710,Camden 023F,Other theft,,
,2023-07,British Transport Police,British Transport Police,-0.135685,51.525950,On or near St  Pancras International (Station),E01035710,Camden 023F,Other theft,,
,2023-07,British Transport Police,British Transport Police,-0.135685,51.525950,On or near St  Pancras International (Station),E01035710,Camden 023F,Other theft,,
,2023-07,British Transport Police,British Transport Police,-0.135685,51.525950,On or near St  Pancras International (Station),E01035710,Camden 023F,Other theft,,
,2023-07,British Transport Police,British Transport Police,-0.135685,51.525950,On or near St  Pancras International (Station),E01035710,Camden 023F,Other theft,,
,2023-07,British Transport Police,British Transport Police,-0.135685,51.525950,On or near St  Pancras International (Station),E01035710,Camden 023F,Other theft,,
,2023-07,British Transport Police,British Transport Police,-0.135685,51.525950,On or near St  Pancras International (Station),E01035710,Camden 023F,Other theft,,
,2023-07,British Transport Police,British Transport Police,-0.135685,51.525950,On or near St  Pancras International (Station),E01035710,Camden 023F,Other theft,,
,2023-07,British Transport Police,British Transport Police,-0.135685,51.525950,On or near St  Pancras International (Station),E01035710,Camden 023F,Other theft,,
,2023-07,British Transport Police,British Transport Police,-0.135685,51.525950,On or near St  Pancras International (Station),E01035710,Camden 023F,Other theft,,
,2023-07,British Transport Police,British Transport Police,-0.135685,51.525950,On or near St  Pancras International (Station),E01035710,Camden 023F,Other theft,,
,2023-07,British Transport Police,British Transport Police,-0.135685,51.525950,On or near St  Pancras International (Station),E01035710,Camden 023F,Other theft,,
,2023-07,British Transport Police,British Transport Police,-0.135685,51.525950,On or near St  Pancras International (Station),E01035710,Camden 023F,Other theft,,
,2023-07,British Transport Police,British Transport Police,-0.135685,51.525950,On or near St  Pancras International (Station),E01035710,Camden 023F,Other theft,,
,2023-07,British Transport Police,British Transport Police,-0.135685,51.525950,On or near St  Pancras International (Station),E01035710,Camden 023F,Other theft,,
,2023-07,British Transport Police,British Transport Police,-0.135685,51.525950,On or near St  Pancras International (Station),E01035710,Camden 023F,Other theft,,
,2023-07,British Transport Police,British Transport Police,-0.135685,51.525950,On or near St  Pancras International (Station),E01035710,Camden 023F,Other theft,,
,2023-07,British Transport Police,British Transport Police,-0.135685,51.525950,On or near St  Pancras International (Station),E01035710,Camden 023F,Other theft,,
,2023-07,British Transport Police,British Transport Police,-0.135685,51.525950,On or near St  Pancras International (Station),E01035710,Camden 023F,Other theft,,
,2023-07,British Transport Police,British Transport Police,-0.135685,51.525950,On or near St  Pancras International (Station),E01035710,Camden 023F,Other theft,,
,2023-07,British Transport Police,British Transport Police,-0.135685,51.525950,On or near St  Pancras International (Station),E01035710,Camden 023F,Other theft,,
,2023-07,British Transport Police,British Transport Police,-0.134185,51.527599,On or near Euston (Station),E01035710,Camden 023F,Other theft,,
,2023-07,British Transport Police,British Transport Police,-0.134185,51.527599,On or near Euston (Station),E01035710,Camden 023F,Other theft,,
,2023-07,British Transport Police,British Transport Police,-0.134185,51.527599,On or near Euston (Station),E01035710,Camden 023F,Other theft,,
,2023-07,British Transport Police,British Transport Police,-0.134185,51.527599,On or near Euston (Station),E01035710,Camden 023F,Other theft,,
,2023-07,British Transport Police,British Transport Police,-0.134185,51.527599,On or near Euston (Station),E01035710,Camden 023F,Other theft,,
,2023-07,British Transport Police,British Transport Police,-0.134185,51.527599,On or near Euston (Station),E01035710,Camden 023F,Other theft,,
,2023-07,British Transport Police,British Transport Police,-0.134185,51.527599,On or near Euston (Station),E01035710,Camden 023F,Other theft,,
,2023-07,British Transport Police,British Transport Police,-0.134185,51.527599,On or near Euston (Station),E01035710,Camden 023F,Other theft,,
,2023-07,British Transport Police,British Transport Police,-0.134185,51.527599,On or near Euston (Station),E01035710,Camden 023F,Other theft,,
,2023-07,British Transport Police,British Transport Police,-0.134185,51.527599,On or near Euston (Station),E01035710,Camden 023F,Other theft,,
,2023-07,British Transport Police,British Transport Police,-0.134185,51.527599,On or near Euston (Station),E01035710,Camden 023F,Other theft,,
,2023-07,British Transport Police,British Transport Police,-0.134185,51.527599,On or near Euston (Station),E01035710,Camden 023F,Other theft,,
,2023-07,British Transport Police,British Transport Police,-0.134185,51.527599,On or near Euston (Station),E01035710,Camden 023F,Other theft,,
,2023-07,British Transport Police,British Transport Police,-0.134185,51.527599,On or near Euston (Station),E01035710,Camden 023F,Other theft,,
,2023-07,British Transport Police,British Transport Police,-0.134185,51.527599,On or near Euston (Station),E01035710,Camden 023F,Other theft,,
,2023-07,British Transport Police,British Transport Police,-0.134185,51.527599,On or near Euston (Station),E01035710,Camden 023F,Other theft,,
,2023-07,British Transport Police,British Transport Police,-0.135685,51.525950,On or near St  Pancras International (Station),E01035710,Camden 023F,Other theft,,
,2023-07,British Transport Police,British Transport Police,-0.135685,51.525950,On or near St  Pancras International (Station),E01035710,Camden 023F,Other theft,,
,2023-07,British Transport Police,British Transport Police,-0.134242,51.527811,On or near Euston (Lu Station),E01035710,Camden 023F,Other theft,,
,2023-07,British Transport Police,British Transport Police,-0.134242,51.527811,On or near Euston (Lu Station),E01035710,Camden 023F,Other theft,,
,2023-07,British Transport Police,British Transport Police,-0.135685,51.525950,On or near St  Pancras International (Station),E01035710,Camden 023F,Other theft,,
,2023-07,British Transport Police,British Transport Police,-0.134185,51.527599,On or near Euston (Station),E01035710,Camden 023F,Other theft,,
,2023-07,British Transport Police,British Transport Police,-0.134185,51.527599,On or near Euston (Station),E01035710,Camden 023F,Possession of weapons,,
,2023-07,British Transport Police,British Transport Police,-0.134242,51.527811,On or near Euston (Lu Station),E01035710,Camden 023F,Public order,,
,2023-07,British Transport Police,British Transport Police,-0.134185,51.527599,On or near Euston (Station),E01035710,Camden 023F,Public order,,
,2023-07,British Transport Police,British Transport Police,-0.134185,51.527599,On or near Euston (Station),E01035710,Camden 023F,Public order,,
,2023-07,British Transport Police,British Transport Police,-0.134185,51.527599,On or near Euston (Station),E01035710,Camden 023F,Public order,,
,2023-07,British Transport Police,British Transport Police,-0.134185,51.527599,On or near Euston (Station),E01035710,Camden 023F,Public order,,
,2023-07,British Transport Police,British Transport Police,-0.134185,51.527599,On or near Euston (Station),E01035710,Camden 023F,Public order,,
,2023-07,British Transport Police,British Transport Police,-0.134242,51.527811,On or near Euston (Lu Station),E01035710,Camden 023F,Public order,,
,2023-07,British Transport Police,British Transport Police,-0.134185,51.527599,On or near Euston (Station),E01035710,Camden 023F,Public order,,
,2023-07,British Transport Police,British Transport Police,-0.134185,51.527599,On or near Euston (Station),E01035710,Camden 023F,Public order,,
,2023-07,British Transport Police,British Transport Police,-0.134185,51.527599,On or near Euston (Station),E01035710,Camden 023F,Public order,,
,2023-07,British Transport Police,British Transport Police,-0.135685,51.525950,On or near St  Pancras International (Station),E01035710,Camden 023F,Public order,,
,2023-07,British Transport Police,British Transport Police,-0.135685,51.525950,On or near St  Pancras International (Station),E01035710,Camden 023F,Public order,,
,2023-07,British Transport Police,British Transport Police,-0.135685,51.525950,On or near St  Pancras International (Station),E01035710,Camden 023F,Public order,,
,2023-07,British Transport Police,British Transport Police,-0.135685,51.525950,On or near St  Pancras International (Station),E01035710,Camden 023F,Public order,,
,2023-07,British Transport Police,British Transport Police,-0.135685,51.525950,On or near St  Pancras International (Station),E01035710,Camden 023F,Public order,,
,2023-07,British Transport Police,British Transport Police,-0.135685,51.525950,On or near St  Pancras International (Station),E01035710,Camden 023F,Public order,,
,2023-07,British Transport Police,British Transport Police,-0.135685,51.525950,On or near St  Pancras International (Station),E01035710,Camden 023F,Public order,,
,2023-07,British Transport Police,British Transport Police,-0.135685,51.525950,On or near St  Pancras International (Station),E01035710,Camden 023F,Public order,,
,2023-07,British Transport Police,British Transport Police,-0.135685,51.525950,On or near St  Pancras International (Station),E01035710,Camden 023F,Public order,,
,2023-07,British Transport Police,British Transport Police,-0.134185,51.527599,On or near Euston (Station),E01035710,Camden 023F,Public order,,
,2023-07,British Transport Police,British Transport Police,-0.134185,51.527599,On or near Euston (Station),E01035710,Camden 023F,Public order,,
,2023-07,British Transport Police,British Transport Police,-0.134185,51.527599,On or near Euston (Station),E01035710,Camden 023F,Robbery,,
,2023-07,British Transport Police,British Transport Police,-0.134185,51.527599,On or near Euston (Station),E01035710,Camden 023F,Robbery,,
,2023-07,British Transport Police,British Transport Police,-0.134185,51.527599,On or near Euston (Station),E01035710,Camden 023F,Robbery,,
,2023-07,British Transport Police,British Transport Police,-0.134185,51.527599,On or near Euston (Station),E01035710,Camden 023F,Shoplifting,,
,2023-07,British Transport Police,British Transport Police,-0.135685,51.525950,On or near St  Pancras International (Station),E01035710,Camden 023F,Shoplifting,,
,2023-07,British Transport Police,British Transport Police,-0.135685,51.525950,On or near St  Pancras International (Station),E01035710,Camden 023F,Shoplifting,,
,2023-07,British Transport Police,British Transport Police,-0.135685,51.525950,On or near St  Pancras International (Station),E01035710,Camden 023F,Shoplifting,,
,2023-07,British Transport Police,British Transport Police,-0.135685,51.525950,On or near St  Pancras International (Station),E01035710,Camden 023F,Shoplifting,,
,2023-07,British Transport Police,British Transport Police,-0.135685,51.525950,On or near St  Pancras International (Station),E01035710,Camden 023F,Shoplifting,,
,2023-07,British Transport Police,British Transport Police,-0.135685,51.525950,On or near St  Pancras International (Station),E01035710,Camden 023F,Shoplifting,,
,2023-07,British Transport Police,British Transport Police,-0.135685,51.525950,On or near St  Pancras International (Station),E01035710,Camden 023F,Shoplifting,,
,2023-07,British Transport Police,British Transport Police,-0.135685,51.525950,On or near St  Pancras International (Station),E01035710,Camden 023F,Shoplifting,,
,2023-07,British Transport Police,British Transport Police,-0.135685,51.525950,On or near St  Pancras International (Station),E01035710,Camden 023F,Shoplifting,,
,2023-07,British Transport Police,British Transport Police,-0.135685,51.525950,On or near St  Pancras International (Station),E01035710,Camden 023F,Shoplifting,,
,2023-07,British Transport Police,British Transport Police,-0.135685,51.525950,On or near St  Pancras International (Station),E01035710,Camden 023F,Shoplifting,,
,2023-07,British Transport Police,British Transport Police,-0.135685,51.525950,On or near St  Pancras International (Station),E01035710,Camden 023F,Shoplifting,,
,2023-07,British Transport Police,British Transport Police,-0.135685,51.525950,On or near St  Pancras International (Station),E01035710,Camden 023F,Shoplifting,,
,2023-07,British Transport Police,British Transport Police,-0.135685,51.525950,On or near St  Pancras International (Station),E01035710,Camden 023F,Shoplifting,,
,2023-07,British Transport Police,British Transport Police,-0.135685,51.525950,On or near St  Pancras International (Station),E01035710,Camden 023F,Shoplifting,,
,2023-07,British Transport Police,British Transport Police,-0.135685,51.525950,On or near St  Pancras International (Station),E01035710,Camden 023F,Shoplifting,,
,2023-07,British Transport Police,British Transport Police,-0.135685,51.525950,On or near St  Pancras International (Station),E01035710,Camden 023F,Shoplifting,,
,2023-07,British Transport Police,British Transport Police,-0.135685,51.525950,On or near St  Pancras International (Station),E01035710,Camden 023F,Shoplifting,,
,2023-07,British Transport Police,British Transport Police,-0.135685,51.525950,On or near St  Pancras International (Station),E01035710,Camden 023F,Shoplifting,,
,2023-07,British Transport Police,British Transport Police,-0.135685,51.525950,On or near St  Pancras International (Station),E01035710,Camden 023F,Shoplifting,,
,2023-07,British Transport Police,British Transport Police,-0.135685,51.525950,On or near St  Pancras International (Station),E01035710,Camden 023F,Shoplifting,,
,2023-07,British Transport Police,British Transport Police,-0.135685,51.525950,On or near St  Pancras International (Station),E01035710,Camden 023F,Shoplifting,,
,2023-07,British Transport Police,British Transport Police,-0.134185,51.527599,On or near Euston (Station),E01035710,Camden 023F,Shoplifting,,
,2023-07,British Transport Police,British Transport Police,-0.134185,51.527599,On or near Euston (Station),E01035710,Camden 023F,Shoplifting,,
,2023-07,British Transport Police,British Transport Police,-0.134185,51.527599,On or near Euston (Station),E01035710,Camden 023F,Shoplifting,,
,2023-07,British Transport Police,British Transport Police,-0.134185,51.527599,On or near Euston (Station),E01035710,Camden 023F,Shoplifting,,
,2023-07,British Transport Police,British Transport Police,-0.135685,51.525950,On or near St  Pancras International (Station),E01035710,Camden 023F,Shoplifting,,
,2023-07,British Transport Police,British Transport Police,-0.134185,51.527599,On or near Euston (Station),E01035710,Camden 023F,Shoplifting,,
,2023-07,British Transport Police,British Transport Police,-0.135685,51.525950,On or near St  Pancras International (Station),E01035710,Camden 023F,Shoplifting,,
,2023-07,British Transport Police,British Transport Police,-0.135685,51.525950,On or near St  Pancras International (Station),E01035710,Camden 023F,Shoplifting,,
,2023-07,British Transport Police,British Transport Police,-0.135685,51.525950,On or near St  Pancras International (Station),E01035710,Camden 023F,Shoplifting,,
,2023-07,British Transport Police,British Transport Police,-0.135685,51.525950,On or near St  Pancras International (Station),E01035710,Camden 023F,Shoplifting,,
,2023-07,British Transport Police,British Transport Police,-0.135685,51.525950,On or near St  Pancras International (Station),E01035710,Camden 023F,Shoplifting,,
,2023-07,British Transport Police,British Transport Police,-0.135685,51.525950,On or near St  Pancras International (Station),E01035710,Camden 023F,Shoplifting,,
,2023-07,British Transport Police,British Transport Police,-0.135685,51.525950,On or near St  Pancras International (Station),E01035710,Camden 023F,Shoplifting,,
,2023-07,British Transport Police,British Transport Police,-0.135685,51.525950,On or near St  Pancras International (Station),E01035710,Camden 023F,Shoplifting,,
,2023-07,British Transport Police,British Transport Police,-0.135685,51.525950,On or near St  Pancras International (Station),E01035710,Camden 023F,Shoplifting,,
,2023-07,British Transport Police,British Transport Police,-0.135685,51.525950,On or near St  Pancras International (Station),E01035710,Camden 023F,Theft from the person,,
,2023-07,British Transport Police,British Transport Police,-0.135685,51.525950,On or near St  Pancras International (Station),E01035710,Camden 023F,Theft from the person,,
,2023-07,British Transport Police,British Transport Police,-0.135685,51.525950,On or near St  Pancras International (Station),E01035710,Camden 023F,Theft from the person,,
,2023-07,British Transport Police,British Transport Police,-0.135685,51.525950,On or near St  Pancras International (Station),E01035710,Camden 023F,Theft from the person,,
,2023-07,British Transport Police,British Transport Police,-0.135685,51.525950,On or near St  Pancras International (Station),E01035710,Camden 023F,Theft from the person,,
,2023-07,British Transport Police,British Transport Police,-0.135685,51.525950,On or near St  Pancras International (Station),E01035710,Camden 023F,Theft from the person,,
,2023-07,British Transport Police,British Transport Police,-0.135685,51.525950,On or near St  Pancras International (Station),E01035710,Camden 023F,Theft from the person,,
,2023-07,British Transport Police,British Transport Police,-0.135685,51.525950,On or near St  Pancras International (Station),E01035710,Camden 023F,Theft from the person,,
,2023-07,British Transport Police,British Transport Police,-0.135685,51.525950,On or near St  Pancras International (Station),E01035710,Camden 023F,Theft from the person,,
,2023-07,British Transport Police,British Transport Police,-0.134185,51.527599,On or near Euston (Station),E01035710,Camden 023F,Theft from the person,,
,2023-07,British Transport Police,British Transport Police,-0.134242,51.527811,On or near Euston (Lu Station),E01035710,Camden 023F,Theft from the person,,
,2023-07,British Transport Police,British Transport Police,-0.134242,51.527811,On or near Euston (Lu Station),E01035710,Camden 023F,Theft from the person,,
,2023-07,British Transport Police,British Transport Police,-0.134242,51.527811,On or near Euston (Lu Station),E01035710,Camden 023F,Theft from the person,,
,2023-07,British Transport Police,British Transport Police,-0.134242,51.527811,On or near Euston (Lu Station),E01035710,Camden 023F,Theft from the person,,
,2023-07,British Transport Police,British Transport Police,-0.134242,51.527811,On or near Euston (Lu Station),E01035710,Camden 023F,Theft from the person,,
,2023-07,British Transport Police,British Transport Police,-0.134242,51.527811,On or near Euston (Lu Station),E01035710,Camden 023F,Theft from the person,,
,2023-07,British Transport Police,British Transport Police,-0.134242,51.527811,On or near Euston (Lu Station),E01035710,Camden 023F,Theft from the person,,
,2023-07,British Transport Police,British Transport Police,-0.134242,51.527811,On or near Euston (Lu Station),E01035710,Camden 023F,Theft from the person,,
,2023-07,British Transport Police,British Transport Police,-0.134242,51.527811,On or near Euston (Lu Station),E01035710,Camden 023F,Theft from the person,,
,2023-07,British Transport Police,British Transport Police,-0.134242,51.527811,On or near Euston (Lu Station),E01035710,Camden 023F,Theft from the person,,
,2023-07,British Transport Police,British Transport Police,-0.134242,51.527811,On or near Euston (Lu Station),E01035710,Camden 023F,Theft from the person,,
,2023-07,British Transport Police,British Transport Police,-0.134242,51.527811,On or near Euston (Lu Station),E01035710,Camden 023F,Theft from the person,,
,2023-07,British Transport Police,British Transport Police,-0.134242,51.527811,On or near Euston (Lu Station),E01035710,Camden 023F,Theft from the person,,
,2023-07,British Transport Police,British Transport Police,-0.134242,51.527811,On or near Euston (Lu Station),E01035710,Camden 023F,Theft from the person,,
,2023-07,British Transport Police,British Transport Police,-0.134242,51.527811,On or near Euston (Lu Station),E01035710,Camden 023F,Theft from the person,,
,2023-07,British Transport Police,British Transport Police,-0.134242,51.527811,On or near Euston (Lu Station),E01035710,Camden 023F,Theft from the person,,
,2023-07,British Transport Police,British Transport Police,-0.134185,51.527599,On or near Euston (Station),E01035710,Camden 023F,Theft from the person,,
,2023-07,British Transport Police,British Transport Police,-0.134185,51.527599,On or near Euston (Station),E01035710,Camden 023F,Theft from the person,,
,2023-07,British Transport Police,British Transport Police,-0.134185,51.527599,On or near Euston (Station),E01035710,Camden 023F,Theft from the person,,
,2023-07,British Transport Police,British Transport Police,-0.134185,51.527599,On or near Euston (Station),E01035710,Camden 023F,Theft from the person,,
,2023-07,British Transport Police,British Transport Police,-0.134242,51.527811,On or near Euston (Lu Station),E01035710,Camden 023F,Theft from the person,,
,2023-07,British Transport Police,British Transport Police,-0.134242,51.527811,On or near Euston (Lu Station),E01035710,Camden 023F,Theft from the person,,
,2023-07,British Transport Police,British Transport Police,-0.134242,51.527811,On or near Euston (Lu Station),E01035710,Camden 023F,Theft from the person,,
,2023-07,British Transport Police,British Transport Police,-0.134242,51.527811,On or near Euston (Lu Station),E01035710,Camden 023F,Theft from the person,,
,2023-07,British Transport Police,British Transport Police,-0.134185,51.527599,On or near Euston (Station),E01035710,Camden 023F,Theft from the person,,
,2023-07,British Transport Police,British Transport Police,-0.134185,51.527599,On or near Euston (Station),E01035710,Camden 023F,Theft from the person,,
,2023-07,British Transport Police,British Transport Police,-0.134185,51.527599,On or near Euston (Station),E01035710,Camden 023F,Theft from the person,,
,2023-07,British Transport Police,British Transport Police,-0.134185,51.527599,On or near Euston (Station),E01035710,Camden 023F,Theft from the person,,
,2023-07,British Transport Police,British Transport Police,-0.135685,51.525950,On or near St  Pancras International (Station),E01035710,Camden 023F,Theft from the person,,
,2023-07,British Transport Police,British Transport Police,-0.134242,51.527811,On or near Euston (Lu Station),E01035710,Camden 023F,Violence and sexual offences,,
,2023-07,British Transport Police,British Transport Police,-0.135685,51.525950,On or near St  Pancras International (Station),E01035710,Camden 023F,Violence and sexual offences,,
,2023-07,British Transport Police,British Transport Police,-0.135685,51.525950,On or near St  Pancras International (Station),E01035710,Camden 023F,Violence and sexual offences,,
,2023-07,British Transport Police,British Transport Police,-0.134185,51.527599,On or near Euston (Station),E01035710,Camden 023F,Violence and sexual offences,,
,2023-07,British Transport Police,British Transport Police,-0.134185,51.527599,On or near Euston (Station),E01035710,Camden 023F,Violence and sexual offences,,
,2023-07,British Transport Police,British Transport Police,-0.134185,51.527599,On or near Euston (Station),E01035710,Camden 023F,Violence and sexual offences,,
,2023-07,British Transport Police,British Transport Police,-0.134185,51.527599,On or near Euston (Station),E01035710,Camden 023F,Violence and sexual offences,,
,2023-07,British Transport Police,British Transport Police,-0.134185,51.527599,On or near Euston (Station),E01035710,Camden 023F,Violence and sexual offences,,
,2023-07,British Transport Police,British Transport Police,-0.134185,51.527599,On or near Euston (Station),E01035710,Camden 023F,Violence and sexual offences,,
,2023-07,British Transport Police,British Transport Police,-0.134185,51.527599,On or near Euston (Station),E01035710,Camden 023F,Violence and sexual offences,,
,2023-07,British Transport Police,British Transport Police,-0.134185,51.527599,On or near Euston (Station),E01035710,Camden 023F,Violence and sexual offences,,
,2023-07,British Transport Police,British Transport Police,-0.134185,51.527599,On or near Euston (Station),E01035710,Camden 023F,Violence and sexual offences,,
,2023-07,British Transport Police,British Transport Police,-0.134185,51.527599,On or near Euston (Station),E01035710,Camden 023F,Violence and sexual offences,,
,2023-07,British Transport Police,British Transport Police,-0.134185,51.527599,On or near Euston (Station),E01035710,Camden 023F,Violence and sexual offences,,
,2023-07,British Transport Police,British Transport Police,-0.134185,51.527599,On or near Euston (Station),E01035710,Camden 023F,Violence and sexual offences,,
,2023-07,British Transport Police,British Transport Police,-0.134185,51.527599,On or near Euston (Station),E01035710,Camden 023F,Violence and sexual offences,,
,2023-07,British Transport Police,British Transport Police,-0.134185,51.527599,On or near Euston (Station),E01035710,Camden 023F,Violence and sexual offences,,
,2023-07,British Transport Police,British Transport Police,-0.135685,51.525950,On or near St  Pancras International (Station),E01035710,Camden 023F,Violence and sexual offences,,
,2023-07,British Transport Police,British Transport Police,-0.135685,51.525950,On or near St  Pancras International (Station),E01035710,Camden 023F,Violence and sexual offences,,
,2023-07,British Transport Police,British Transport Police,-0.135685,51.525950,On or near St  Pancras International (Station),E01035710,Camden 023F,Violence and sexual offences,,
,2023-07,British Transport Police,British Transport Police,-0.135685,51.525950,On or near St  Pancras International (Station),E01035710,Camden 023F,Violence and sexual offences,,
,2023-07,British Transport Police,British Transport Police,-0.135685,51.525950,On or near St  Pancras International (Station),E01035710,Camden 023F,Violence and sexual offences,,
,2023-07,British Transport Police,British Transport Police,-0.135685,51.525950,On or near St  Pancras International (Station),E01035710,Camden 023F,Violence and sexual offences,,
,2023-07,British Transport Police,British Transport Police,-0.135685,51.525950,On or near St  Pancras International (Station),E01035710,Camden 023F,Violence and sexual offences,,
,2023-07,British Transport Police,British Transport Police,-0.135685,51.525950,On or near St  Pancras International (Station),E01035710,Camden 023F,Violence and sexual offences,,
,2023-07,British Transport Police,British Transport Police,-0.135685,51.525950,On or near St  Pancras International (Station),E01035710,Camden 023F,Violence and sexual offences,,
,2023-07,British Transport Police,British Transport Police,-0.135685,51.525950,On or near St  Pancras International (Station),E01035710,Camden 023F,Violence and sexual offences,,
,2023-07,British Transport Police,British Transport Police,-0.135685,51.525950,On or near St  Pancras International (Station),E01035710,Camden 023F,Violence and sexual offences,,
,2023-07,British Transport Police,British Transport Police,-0.135685,51.525950,On or near St  Pancras International (Station),E01035710,Camden 023F,Violence and sexual offences,,
,2023-07,British Transport Police,British Transport Police,-0.135685,51.525950,On or near St  Pancras International (Station),E01035710,Camden 023F,Violence and sexual offences,,
,2023-07,British Transport Police,British Transport Police,-0.134242,51.527811,On or near Euston (Lu Station),E01035710,Camden 023F,Violence and sexual offences,,
,2023-07,British Transport Police,British Transport Police,-0.134242,51.527811,On or near Euston (Lu Station),E01035710,Camden 023F,Violence and sexual offences,,
,2023-07,British Transport Police,British Transport Police,-0.134242,51.527811,On or near Euston (Lu Station),E01035710,Camden 023F,Violence and sexual offences,,
,2023-07,British Transport Police,British Transport Police,-0.135685,51.525950,On or near St  Pancras International (Station),E01035710,Camden 023F,Violence and sexual offences,,
,2023-07,British Transport Police,British Transport Police,-0.134242,51.527811,On or near Euston (Lu Station),E01035710,Camden 023F,Violence and sexual offences,,
,2023-07,British Transport Police,British Transport Police,-0.134242,51.527811,On or near Euston (Lu Station),E01035710,Camden 023F,Violence and sexual offences,,
,2023-07,British Transport Police,British Transport Police,-0.134242,51.527811,On or near Euston (Lu Station),E01035710,Camden 023F,Violence and sexual offences,,
,2023-07,British Transport Police,British Transport Police,-0.135685,51.525950,On or near St  Pancras International (Station),E01035710,Camden 023F,Violence and sexual offences,,
,2023-07,British Transport Police,British Transport Police,-0.135685,51.525950,On or near St  Pancras International (Station),E01035710,Camden 023F,Violence and sexual offences,,
,2023-07,British Transport Police,British Transport Police,-0.135685,51.525950,On or near St  Pancras International (Station),E01035710,Camden 023F,Other crime,,
,2023-07,British Transport Police,British Transport Police,-0.134185,51.527599,On or near Euston (Station),E01035710,Camden 023F,Other crime,,
,2023-07,British Transport Police,British Transport Police,-0.135685,51.525950,On or near St  Pancras International (Station),E01035710,Camden 023F,Other crime,,
,2023-07,British Transport Police,British Transport Police,-0.135685,51.525950,On or near St  Pancras International (Station),E01035710,Camden 023F,Other crime,,
,2023-07,British Transport Police,British Transport Police,-0.134450,51.520544,On or near Goodge Street (Lu Station),E01000851,Camden 026B,Public order,,
,2023-07,British Transport Police,British Transport Police,-0.134450,51.520544,On or near Goodge Street (Lu Station),E01000851,Camden 026B,Theft from the person,,
,2023-07,British Transport Police,British Transport Police,-0.134450,51.520544,On or near Goodge Street (Lu Station),E01000851,Camden 026B,Theft from the person,,
,2023-07,British Transport Police,British Transport Police,-0.134450,51.520544,On or near Goodge Street (Lu Station),E01000851,Camden 026B,Theft from the person,,
,2023-07,British Transport Police,British Transport Police,-0.134450,51.520544,On or near Goodge Street (Lu Station),E01000851,Camden 026B,Other crime,,
,2023-07,British Transport Police,British Transport Police,-0.140151,51.524260,On or near Warren Street (Lu Station),E01035711,Camden 026E,Theft from the person,,
,2023-07,British Transport Police,British Transport Police,-0.140151,51.524260,On or near Warren Street (Lu Station),E01035711,Camden 026E,Theft from the person,,
,2023-07,British Transport Police,British Transport Police,-0.140151,51.524260,On or near Warren Street (Lu Station),E01035711,Camden 026E,Theft from the person,,
,2023-07,British Transport Police,British Transport Police,-0.135125,51.525711,On or near Euston Square (Lu Station),E01035711,Camden 026E,Theft from the person,,
,2023-07,British Transport Police,British Transport Police,-0.140151,51.524260,On or near Warren Street (Lu Station),E01035711,Camden 026E,Theft from the person,,
,2023-07,British Transport Police,British Transport Police,-0.140151,51.524260,On or near Warren Street (Lu Station),E01035711,Camden 026E,Theft from the person,,
,2023-07,British Transport Police,British Transport Police,-0.140151,51.524260,On or near Warren Street (Lu Station),E01035711,Camden 026E,Violence and sexual offences,,
,2023-07,British Transport Police,British Transport Police,-0.124318,51.523001,On or near Russell Square (Lu Station),E01000855,Camden 028A,Other theft,,
,2023-07,British Transport Police,British Transport Police,-0.124318,51.523001,On or near Russell Square (Lu Station),E01000855,Camden 028A,Theft from the person,,
,2023-07,British Transport Police,British Transport Police,-0.124318,51.523001,On or near Russell Square (Lu Station),E01000855,Camden 028A,Theft from the person,,
,2023-07,British Transport Police,British Transport Police,-0.124318,51.523001,On or near Russell Square (Lu Station),E01000855,Camden 028A,Theft from the person,,
,2023-07,British Transport Police,British Transport Police,-0.124318,51.523001,On or near Russell Square (Lu Station),E01000855,Camden 028A,Theft from the person,,
,2023-07,British Transport Police,British Transport Police,-0.124318,51.523001,On or near Russell Square (Lu Station),E01000855,Camden 028A,Theft from the person,,
,2023-07,British Transport Police,British Transport Police,-0.124318,51.523001,On or near Russell Square (Lu Station),E01000855,Camden 028A,Violence and sexual offences,,
,2023-07,British Transport Police,British Transport Police,-0.119723,51.517640,On or near Holborn (Lu Station),E01000914,Camden 028B,Other theft,,
,2023-07,British Transport Police,British Transport Police,-0.119723,51.517640,On or near Holborn (Lu Station),E01000914,Camden 028B,Other theft,,
,2023-07,British Transport Police,British Transport Police,-0.119723,51.517640,On or near Holborn (Lu Station),E01000914,Camden 028B,Other theft,,
,2023-07,British Transport Police,British Transport Police,-0.119723,51.517640,On or near Holborn (Lu Station),E01000914,Camden 028B,Other theft,,
,2023-07,British Transport Police,British Transport Police,-0.119723,51.517640,On or near Holborn (Lu Station),E01000914,Camden 028B,Other theft,,
,2023-07,British Transport Police,British Transport Police,-0.119723,51.517640,On or near Holborn (Lu Station),E01000914,Camden 028B,Other theft,,
,2023-07,British Transport Police,British Transport Police,-0.119723,51.517640,On or near Holborn (Lu Station),E01000914,Camden 028B,Public order,,
,2023-07,British Transport Police,British Transport Police,-0.111596,51.518495,On or near Chancery Lane (Lu Station),E01000914,Camden 028B,Shoplifting,,
,2023-07,British Transport Police,British Transport Police,-0.119723,51.517640,On or near Holborn (Lu Station),E01000914,Camden 028B,Theft from the person,,
,2023-07,British Transport Police,British Transport Police,-0.119723,51.517640,On or near Holborn (Lu Station),E01000914,Camden 028B,Theft from the person,,
,2023-07,British Transport Police,British Transport Police,-0.119723,51.517640,On or near Holborn (Lu Station),E01000914,Camden 028B,Theft from the person,,
,2023-07,British Transport Police,British Transport Police,-0.119723,51.517640,On or near Holborn (Lu Station),E01000914,Camden 028B,Theft from the person,,
,2023-07,British Transport Police,British Transport Police,-0.119723,51.517640,On or near Holborn (Lu Station),E01000914,Camden 028B,Theft from the person,,
,2023-07,British Transport Police,British Transport Police,-0.119723,51.517640,On or near Holborn (Lu Station),E01000914,Camden 028B,Theft from the person,,
,2023-07,British Transport Police,British Transport Police,-0.119723,51.517640,On or near Holborn (Lu Station),E01000914,Camden 028B,Theft from the person,,
,2023-07,British Transport Police,British Transport Police,-0.119723,51.517640,On or near Holborn (Lu Station),E01000914,Camden 028B,Theft from the person,,
,2023-07,British Transport Police,British Transport Police,-0.119723,51.517640,On or near Holborn (Lu Station),E01000914,Camden 028B,Theft from the person,,
,2023-07,British Transport Police,British Transport Police,-0.119723,51.517640,On or near Holborn (Lu Station),E01000914,Camden 028B,Violence and sexual offences,,
,2023-07,British Transport Police,British Transport Police,-0.119723,51.517640,On or near Holborn (Lu Station),E01000914,Camden 028B,Violence and sexual offences,,
,2023-07,British Transport Police,British Transport Police,-0.119723,51.517640,On or near Holborn (Lu Station),E01000914,Camden 028B,Violence and sexual offences,,
,2023-07,British Transport Police,British Transport Police,-0.119723,51.517640,On or near Holborn (Lu Station),E01000914,Camden 028B,Violence and sexual offences,,
,2023-07,British Transport Police,British Transport Police,-0.119723,51.517640,On or near Holborn (Lu Station),E01000914,Camden 028B,Violence and sexual offences,,
,2023-07,British Transport Police,British Transport Police,1.116628,51.364543,On or near Herne Bay (Station),E01024118,Canterbury 003E,Public order,,
,2023-07,British Transport Police,British Transport Police,1.116628,51.364543,On or near Herne Bay (Station),E01024118,Canterbury 003E,Violence and sexual offences,,
,2023-07,British Transport Police,British Transport Police,1.033094,51.357372,On or near Chestfield And Swalecliffe (Station),E01024063,Canterbury 007C,Criminal damage and arson,,
,2023-07,British Transport Police,British Transport Police,1.033094,51.357370,On or near Whitstable (Station),E01024063,Canterbury 007C,Other theft,,
,2023-07,British Transport Police,British Transport Police,1.033094,51.357370,On or near Whitstable (Station),E01024063,Canterbury 007C,Violence and sexual offences,,
,2023-07,British Transport Police,British Transport Police,1.075868,51.274311,On or near Canterbury East (Station),E01024129,Canterbury 019B,Criminal damage and arson,,
,2023-07,British Transport Police,British Transport Police,1.075868,51.274311,On or near Canterbury East (Station),E01024129,Canterbury 019B,Criminal damage and arson,,
,2023-07,British Transport Police,British Transport Police,1.075868,51.274311,On or near Canterbury East (Station),E01024129,Canterbury 019B,Criminal damage and arson,,
,2023-07,British Transport Police,British Transport Police,1.075868,51.274311,On or near Canterbury East (Station),E01024129,Canterbury 019B,Criminal damage and arson,,
,2023-07,British Transport Police,British Transport Police,1.075868,51.274311,On or near Canterbury East (Station),E01024129,Canterbury 019B,Other theft,,
,2023-07,British Transport Police,British Transport Police,1.075868,51.274311,On or near Canterbury East (Station),E01024129,Canterbury 019B,Public order,,
,2023-07,British Transport Police,British Transport Police,1.075868,51.274311,On or near Canterbury East (Station),E01024129,Canterbury 019B,Violence and sexual offences,,
,2023-07,British Transport Police,British Transport Police,1.075868,51.274311,On or near Canterbury East (Station),E01024129,Canterbury 019B,Violence and sexual offences,,
,2023-07,British Transport Police,British Transport Police,1.075868,51.274311,On or near Canterbury East (Station),E01024129,Canterbury 019B,Violence and sexual offences,,
,2023-07,British Transport Police,British Transport Police,1.075868,51.274311,On or near Canterbury East (Station),E01024129,Canterbury 019B,Violence and sexual offences,,
,2023-07,British Transport Police,British Transport Police,1.075451,51.284120,On or near Canterbury West (Station),E01024104,Canterbury 020A,Criminal damage and arson,,
,2023-07,British Transport Police,British Transport Police,1.075451,51.284120,On or near Canterbury West (Station),E01024104,Canterbury 020A,Criminal damage and arson,,
,2023-07,British Transport Police,British Transport Police,1.075451,51.284120,On or near Canterbury West (Station),E01024104,Canterbury 020A,Public order,,
,2023-07,British Transport Police,British Transport Police,1.075451,51.284120,On or near Canterbury West (Station),E01024104,Canterbury 020A,Public order,,
,2023-07,British Transport Police,British Transport Police,1.075451,51.284120,On or near Canterbury West (Station),E01024104,Canterbury 020A,Vehicle crime,,
,2023-07,British Transport Police,British Transport Police,1.075451,51.284120,On or near Canterbury West (Station),E01024104,Canterbury 020A,Violence and sexual offences,,
,2023-07,British Transport Police,British Transport Police,-3.182113,51.515695,On or near Heath Low Level (Station),W01001769,Cardiff 018A,Drugs,,
,2023-07,British Transport Police,British Transport Police,-3.228332,51.508524,On or near Llandaf (Station),W01001789,Cardiff 023E,Violence and sexual offences,,
,2023-07,British Transport Police,British Transport Police,-3.229509,51.488224,On or near Waun-Gron Park (Station),W01001754,Cardiff 031D,Drugs,,
,2023-07,British Transport Police,British Transport Police,-3.229509,51.488224,On or near Waun-Gron Park (Station),W01001754,Cardiff 031D,Drugs,,
,2023-07,British Transport Police,British Transport Police,-3.170683,51.481965,On or near Cardiff Queen Street (Station),W01002019,Cardiff 032H,Criminal damage and arson,,
,2023-07,British Transport Police,British Transport Police,-3.166699,51.467420,On or near Cardiff Bay (Station),W01001699,Cardiff 049A,Public order,,
,2023-07,British Transport Police,British Transport Police,-2.935817,54.890364,On or near Carlisle (Station),E01019211,Carlisle 010B,Other theft,,
,2023-07,British Transport Police,British Transport Police,-2.935817,54.890364,On or near Carlisle (Station),E01019211,Carlisle 010B,Other theft,,
,2023-07,British Transport Police,British Transport Police,-2.935817,54.890364,On or near Carlisle (Station),E01019211,Carlisle 010B,Public order,,
,2023-07,British Transport Police,British Transport Police,-2.935817,54.890364,On or near Carlisle (Station),E01019211,Carlisle 010B,Violence and sexual offences,,
,2023-07,British Transport Police,British Transport Police,0.561442,51.543678,On or near Benfleet (Station),E01021522,Castle Point 007C,Bicycle theft,,
,2023-07,British Transport Police,British Transport Police,0.561442,51.543678,On or near Benfleet (Station),E01021522,Castle Point 007C,Criminal damage and arson,,
,2023-07,British Transport Police,British Transport Police,0.561442,51.543678,On or near Benfleet (Station),E01021522,Castle Point 007C,Criminal damage and arson,,
,2023-07,British Transport Police,British Transport Police,0.561442,51.543678,On or near Benfleet (Station),E01021522,Castle Point 007C,Criminal damage and arson,,
,2023-07,British Transport Police,British Transport Police,0.561442,51.543678,On or near Benfleet (Station),E01021522,Castle Point 007C,Vehicle crime,,
,2023-07,British Transport Police,British Transport Police,-0.261147,52.084881,On or near Biggleswade (Station),E01017385,Central Bedfordshire 005C,Possession of weapons,,
,2023-07,British Transport Police,British Transport Police,-0.266192,52.025938,On or near Arlesey (Station),E01017378,Central Bedfordshire 010C,Vehicle crime,,
,2023-07,British Transport Police,British Transport Police,-0.495243,52.003807,On or near Flitwick (Station),E01017405,Central Bedfordshire 016C,Criminal damage and arson,,
,2023-07,British Transport Police,British Transport Police,-0.495243,52.003807,On or near Flitwick (Station),E01017405,Central Bedfordshire 016C,Other theft,,
,2023-07,British Transport Police,British Transport Police,-0.495243,52.003807,On or near Flitwick (Station),E01017405,Central Bedfordshire 016C,Other theft,,
,2023-07,British Transport Police,British Transport Police,-0.495243,52.003807,On or near Flitwick (Station),E01017405,Central Bedfordshire 016C,Theft from the person,,
,2023-07,British Transport Police,British Transport Police,-0.495243,52.003807,On or near Flitwick (Station),E01017405,Central Bedfordshire 016C,Vehicle crime,,
,2023-07,British Transport Police,British Transport Police,-0.495243,52.003807,On or near Flitwick (Station),E01017405,Central Bedfordshire 016C,Violence and sexual offences,,
,2023-07,British Transport Police,British Transport Police,-0.495243,52.003807,On or near Flitwick (Station),E01017405,Central Bedfordshire 016C,Violence and sexual offences,,
,2023-07,British Transport Police,British Transport Police,-0.495663,51.961576,On or near Harlington (Station),E01017408,Central Bedfordshire 017B,Criminal damage and arson,,
,2023-07,British Transport Police,British Transport Police,-0.495663,51.961576,On or near Harlington (Station),E01017408,Central Bedfordshire 017B,Other theft,,
,2023-07,British Transport Police,British Transport Police,-0.677550,51.915645,On or near Leighton Buzzard (Station),E01017613,Central Bedfordshire 023C,Bicycle theft,,
,2023-07,British Transport Police,British Transport Police,-0.677550,51.915645,On or near Leighton Buzzard (Station),E01017613,Central Bedfordshire 023C,Criminal damage and arson,,
,2023-07,British Transport Police,British Transport Police,-0.677550,51.915645,On or near Leighton Buzzard (Station),E01017613,Central Bedfordshire 023C,Other theft,,
,2023-07,British Transport Police,British Transport Police,-0.677550,51.915645,On or near Leighton Buzzard (Station),E01017613,Central Bedfordshire 023C,Public order,,
,2023-07,British Transport Police,British Transport Police,-4.049778,52.491025,On or near Borth (Station),W01001937,Ceredigion 001F,Drugs,,
,2023-07,British Transport Police,British Transport Police,-4.081649,52.414021,On or near Aberystwyth (Station),W01000513,Ceredigion 002B,Criminal damage and arson,,
,2023-07,British Transport Police,British Transport Police,-1.196391,52.777967,On or near Loughborough (Station),E01025705,Charnwood 002F,Bicycle theft,,
,2023-07,British Transport Police,British Transport Police,-1.196391,52.777967,On or near Loughborough (Station),E01025705,Charnwood 002F,Bicycle theft,,
,2023-07,British Transport Police,British Transport Police,-1.196391,52.777967,On or near Loughborough (Station),E01025705,Charnwood 002F,Other theft,,
,2023-07,British Transport Police,British Transport Police,0.469014,51.736631,On or near Chelmsford (Station),E01034092,Chelmsford 023B,Bicycle theft,,
,2023-07,British Transport Police,British Transport Police,0.469014,51.736631,On or near Chelmsford (Station),E01034092,Chelmsford 023B,Shoplifting,,
,2023-07,British Transport Police,British Transport Police,0.469014,51.736631,On or near Chelmsford (Station),E01034092,Chelmsford 023B,Violence and sexual offences,,
,2023-07,British Transport Police,British Transport Police,0.469014,51.736631,On or near Chelmsford (Station),E01034092,Chelmsford 023B,Violence and sexual offences,,
,2023-07,British Transport Police,British Transport Police,0.469014,51.736631,On or near Chelmsford (Station),E01034092,Chelmsford 023B,Violence and sexual offences,,
,2023-07,British Transport Police,British Transport Police,0.469014,51.736631,On or near Chelmsford (Station),E01034092,Chelmsford 023B,Violence and sexual offences,,
,2023-07,British Transport Police,British Transport Police,0.469014,51.736631,On or near Chelmsford (Station),E01034092,Chelmsford 023B,Violence and sexual offences,,
,2023-07,British Transport Police,British Transport Police,0.469014,51.736631,On or near Chelmsford (Station),E01034092,Chelmsford 023B,Violence and sexual offences,,
,2023-07,British Transport Police,British Transport Police,-2.099605,51.897298,On or near Cheltenham Spa (Station),E01022156,Cheltenham 007E,Bicycle theft,,
,2023-07,British Transport Police,British Transport Police,-2.099605,51.897298,On or near Cheltenham Spa (Station),E01022156,Cheltenham 007E,Bicycle theft,,
,2023-07,British Transport Police,British Transport Police,-2.099605,51.897298,On or near Cheltenham Spa (Station),E01022156,Cheltenham 007E,Bicycle theft,,
,2023-07,British Transport Police,British Transport Police,-2.099605,51.897298,On or near Cheltenham Spa (Station),E01022156,Cheltenham 007E,Other theft,,
,2023-07,British Transport Police,British Transport Police,-2.099605,51.897298,On or near Cheltenham Spa (Station),E01022156,Cheltenham 007E,Violence and sexual offences,,
,2023-07,British Transport Police,British Transport Police,-1.328146,52.060315,On or near Banbury (Station),E01032942,Cherwell 004H,Criminal damage and arson,,
,2023-07,British Transport Police,British Transport Police,-1.328146,52.060315,On or near Banbury (Station),E01032942,Cherwell 004H,Other theft,,
,2023-07,British Transport Police,British Transport Police,-1.328146,52.060315,On or near Banbury (Station),E01032942,Cherwell 004H,Public order,,
,2023-07,British Transport Police,British Transport Police,-1.328146,52.060315,On or near Banbury (Station),E01032942,Cherwell 004H,Public order,,
,2023-07,British Transport Police,British Transport Police,-1.328146,52.060315,On or near Banbury (Station),E01032942,Cherwell 004H,Violence and sexual offences,,
,2023-07,British Transport Police,British Transport Police,-1.149558,51.892551,On or near Bicester Village (Station),E01035736,Cherwell 015F,Public order,,
,2023-07,British Transport Police,British Transport Police,-1.274485,51.804142,On or near Oxford Parkway (Station),E01028511,Cherwell 019C,Burglary,,
,2023-07,British Transport Police,British Transport Police,-1.274485,51.804142,On or near Oxford Parkway (Station),E01028511,Cherwell 019C,Criminal damage and arson,,
,2023-07,British Transport Police,British Transport Police,-1.274485,51.804142,On or near Oxford Parkway (Station),E01028511,Cherwell 019C,Criminal damage and arson,,
,2023-07,British Transport Police,British Transport Police,-1.274485,51.804142,On or near Oxford Parkway (Station),E01028511,Cherwell 019C,Vehicle crime,,
,2023-07,British Transport Police,British Transport Police,-1.274485,51.804142,On or near Oxford Parkway (Station),E01028511,Cherwell 019C,Vehicle crime,,
,2023-07,British Transport Police,British Transport Police,-1.274485,51.804142,On or near Oxford Parkway (Station),E01028511,Cherwell 019C,Vehicle crime,,
,2023-07,British Transport Police,British Transport Police,-1.274485,51.804142,On or near Oxford Parkway (Station),E01028511,Cherwell 019C,Vehicle crime,,
,2023-07,British Transport Police,British Transport Police,-2.213604,53.346565,On or near Handforth (Station),E01018593,Cheshire East 004C,Criminal damage and arson,,
,2023-07,British Transport Police,British Transport Police,-2.213604,53.346565,On or near Handforth (Station),E01018593,Cheshire East 004C,Drugs,,
,2023-07,British Transport Police,British Transport Police,-2.226388,53.326486,On or near Wilmslow (Station),E01018602,Cheshire East 006C,Criminal damage and arson,,
,2023-07,British Transport Police,British Transport Police,-2.419558,53.274917,On or near Plumley (Station),E01018654,Cheshire East 007G,Robbery,,
,2023-07,British Transport Police,British Transport Police,-2.372509,53.301545,On or near Knutsford (Station),E01018606,Cheshire East 010C,Violence and sexual offences,,
,2023-07,British Transport Police,British Transport Police,-2.279621,53.270878,On or near Chelford (Station),E01018581,Cheshire East 012E,Public order,,
,2023-07,British Transport Police,British Transport Police,-2.122192,53.259377,On or near Macclesfield (Station),E01018624,Cheshire East 018C,Bicycle theft,,
,2023-07,British Transport Police,British Transport Police,-2.122192,53.259377,On or near Macclesfield (Station),E01018624,Cheshire East 018C,Drugs,,
,2023-07,British Transport Police,British Transport Police,-2.122192,53.259377,On or near Macclesfield (Station),E01018624,Cheshire East 018C,Violence and sexual offences,,
,2023-07,British Transport Police,British Transport Police,-2.192625,53.157826,On or near Congleton (Station),E01018401,Cheshire East 026D,Criminal damage and arson,,
,2023-07,British Transport Police,British Transport Police,-2.299028,53.093065,On or near Alsager (Station),E01018390,Cheshire East 040D,Violence and sexual offences,,
,2023-07,British Transport Police,British Transport Police,-2.433633,53.088669,On or near Crewe (Station),E01018445,Cheshire East 045A,Drugs,,
,2023-07,British Transport Police,British Transport Police,-2.433633,53.088669,On or near Crewe (Station),E01018445,Cheshire East 045A,Drugs,,
,2023-07,British Transport Police,British Transport Police,-2.433633,53.088669,On or near Crewe (Station),E01018445,Cheshire East 045A,Drugs,,
,2023-07,British Transport Police,British Transport Police,-2.433633,53.088669,On or near Crewe (Station),E01018445,Cheshire East 045A,Drugs,,
,2023-07,British Transport Police,British Transport Police,-2.433633,53.088669,On or near Crewe (Station),E01018445,Cheshire East 045A,Public order,,
,2023-07,British Transport Police,British Transport Police,-2.433633,53.088669,On or near Crewe (Station),E01018445,Cheshire East 045A,Public order,,
,2023-07,British Transport Police,British Transport Police,-2.433633,53.088669,On or near Crewe (Station),E01018445,Cheshire East 045A,Public order,,
,2023-07,British Transport Police,British Transport Police,-2.433633,53.088669,On or near Crewe (Station),E01018445,Cheshire East 045A,Shoplifting,,
,2023-07,British Transport Police,British Transport Police,-2.977009,53.297197,On or near Hooton (Station),E01018570,Cheshire West and Chester 004C,Public order,,
,2023-07,British Transport Police,British Transport Police,-2.977009,53.297197,On or near Hooton (Station),E01018570,Cheshire West and Chester 004C,Violence and sexual offences,,
,2023-07,British Transport Police,British Transport Police,-2.897097,53.282148,On or near Ellesmere Port (Station),E01018520,Cheshire West and Chester 007B,Violence and sexual offences,,
,2023-07,British Transport Police,British Transport Police,-2.924840,53.284004,On or near Overpool (Station),E01018524,Cheshire West and Chester 008B,Other theft,,
,2023-07,British Transport Police,British Transport Police,-2.771283,53.275176,On or near Helsby (Station),E01018696,Cheshire West and Chester 015C,Theft from the person,,
,2023-07,British Transport Police,British Transport Police,-2.771283,53.275176,On or near Helsby (Station),E01018696,Cheshire West and Chester 015C,Theft from the person,,
,2023-07,British Transport Police,British Transport Police,-2.553629,53.241713,On or near Hartford (Station),E01018692,Cheshire West and Chester 024E,Violence and sexual offences,,
,2023-07,British Transport Police,British Transport Police,-2.880064,53.195598,On or near Chester (Station),E01032930,Cheshire West and Chester 033E,Bicycle theft,,
,2023-07,British Transport Police,British Transport Police,-2.880064,53.195598,On or near Chester (Station),E01032930,Cheshire West and Chester 033E,Bicycle theft,,
,2023-07,British Transport Police,British Transport Police,-2.880064,53.195598,On or near Chester (Station),E01032930,Cheshire West and Chester 033E,Drugs,,
,2023-07,British Transport Police,British Transport Police,-2.880064,53.195598,On or near Chester (Station),E01032930,Cheshire West and Chester 033E,Drugs,,
,2023-07,British Transport Police,British Transport Police,-2.880064,53.195598,On or near Chester (Station),E01032930,Cheshire West and Chester 033E,Drugs,,
,2023-07,British Transport Police,British Transport Police,-2.880064,53.195598,On or near Chester (Station),E01032930,Cheshire West and Chester 033E,Drugs,,
,2023-07,British Transport Police,British Transport Police,-2.880064,53.195598,On or near Chester (Station),E01032930,Cheshire West and Chester 033E,Drugs,,
,2023-07,British Transport Police,British Transport Police,-2.880064,53.195598,On or near Chester (Station),E01032930,Cheshire West and Chester 033E,Drugs,,
,2023-07,British Transport Police,British Transport Police,-2.880064,53.195598,On or near Chester (Station),E01032930,Cheshire West and Chester 033E,Drugs,,
,2023-07,British Transport Police,British Transport Police,-2.880064,53.195598,On or near Chester (Station),E01032930,Cheshire West and Chester 033E,Drugs,,
,2023-07,British Transport Police,British Transport Police,-2.880064,53.195598,On or near Chester (Station),E01032930,Cheshire West and Chester 033E,Drugs,,
,2023-07,British Transport Police,British Transport Police,-2.880064,53.195598,On or near Chester (Station),E01032930,Cheshire West and Chester 033E,Drugs,,
,2023-07,British Transport Police,British Transport Police,-2.880064,53.195598,On or near Chester (Station),E01032930,Cheshire West and Chester 033E,Drugs,,
,2023-07,British Transport Police,British Transport Police,-2.880064,53.195598,On or near Chester (Station),E01032930,Cheshire West and Chester 033E,Drugs,,
,2023-07,British Transport Police,British Transport Police,-2.880064,53.195598,On or near Chester (Station),E01032930,Cheshire West and Chester 033E,Drugs,,
,2023-07,British Transport Police,British Transport Police,-2.880064,53.195598,On or near Chester (Station),E01032930,Cheshire West and Chester 033E,Drugs,,
,2023-07,British Transport Police,British Transport Police,-2.880064,53.195598,On or near Chester (Station),E01032930,Cheshire West and Chester 033E,Drugs,,
,2023-07,British Transport Police,British Transport Police,-2.880064,53.195598,On or near Chester (Station),E01032930,Cheshire West and Chester 033E,Drugs,,
,2023-07,British Transport Police,British Transport Police,-2.880064,53.195598,On or near Chester (Station),E01032930,Cheshire West and Chester 033E,Possession of weapons,,
,2023-07,British Transport Police,British Transport Police,-2.880064,53.195598,On or near Chester (Station),E01032930,Cheshire West and Chester 033E,Public order,,
,2023-07,British Transport Police,British Transport Police,-2.880064,53.195598,On or near Chester (Station),E01032930,Cheshire West and Chester 033E,Public order,,
,2023-07,British Transport Police,British Transport Police,-2.880064,53.195598,On or near Chester (Station),E01032930,Cheshire West and Chester 033E,Shoplifting,,
,2023-07,British Transport Police,British Transport Police,-2.880064,53.195598,On or near Chester (Station),E01032930,Cheshire West and Chester 033E,Shoplifting,,
,2023-07,British Transport Police,British Transport Police,-2.880064,53.195598,On or near Chester (Station),E01032930,Cheshire West and Chester 033E,Theft from the person,,
,2023-07,British Transport Police,British Transport Police,-2.880064,53.195598,On or near Chester (Station),E01032930,Cheshire West and Chester 033E,Violence and sexual offences,,
,2023-07,British Transport Police,British Transport Police,-2.880064,53.195598,On or near Chester (Station),E01032930,Cheshire West and Chester 033E,Violence and sexual offences,,
,2023-07,British Transport Police,British Transport Police,-2.880064,53.195598,On or near Chester (Station),E01032930,Cheshire West and Chester 033E,Other crime,,
,2023-07,British Transport Police,British Transport Police,-0.907949,50.848320,On or near Southbourne (Station),E01031531,Chichester 007C,Public order,,
,2023-07,British Transport Police,British Transport Police,-0.907949,50.848320,On or near Southbourne (Station),E01031531,Chichester 007C,Public order,,
,2023-07,British Transport Police,British Transport Police,-0.783169,50.831814,On or near Chichester (Station),E01031490,Chichester 010D,Bicycle theft,,
,2023-07,British Transport Police,British Transport Police,-0.783169,50.831814,On or near Chichester (Station),E01031490,Chichester 010D,Bicycle theft,,
,2023-07,British Transport Police,British Transport Police,-0.783169,50.831814,On or near Chichester (Station),E01031490,Chichester 010D,Bicycle theft,,
,2023-07,British Transport Police,British Transport Police,-0.783169,50.831814,On or near Chichester (Station),E01031490,Chichester 010D,Bicycle theft,,
,2023-07,British Transport Police,British Transport Police,-0.783169,50.831814,On or near Chichester (Station),E01031490,Chichester 010D,Bicycle theft,,
,2023-07,British Transport Police,British Transport Police,-0.783169,50.831814,On or near Chichester (Station),E01031490,Chichester 010D,Bicycle theft,,
,2023-07,British Transport Police,British Transport Police,-0.783169,50.831814,On or near Chichester (Station),E01031490,Chichester 010D,Vehicle crime,,
,2023-07,British Transport Police,British Transport Police,-0.783169,50.831814,On or near Chichester (Station),E01031490,Chichester 010D,Violence and sexual offences,,
,2023-07,British Transport Police,British Transport Police,-0.783169,50.831814,On or near Chichester (Station),E01031490,Chichester 010D,Violence and sexual offences,,
,2023-07,British Transport Police,British Transport Police,-0.783169,50.831814,On or near Chichester (Station),E01031490,Chichester 010D,Violence and sexual offences,,
,2023-07,British Transport Police,British Transport Police,-0.846917,50.842859,On or near Bosham (Station),E01031474,Chichester 011A,Bicycle theft,,
,2023-07,British Transport Police,British Transport Police,-0.846917,50.842859,On or near Bosham (Station),E01031474,Chichester 011A,Violence and sexual offences,,
,2023-07,British Transport Police,British Transport Police,-2.658903,53.673055,On or near Buckshaw Parkway (Station),E01034342,Chorley 008G,Bicycle theft,,
,2023-07,British Transport Police,British Transport Police,-2.658903,53.673055,On or near Buckshaw Parkway (Station),E01034342,Chorley 008G,Violence and sexual offences,,
,2023-07,British Transport Police,British Transport Police,-2.626931,53.651603,On or near Chorley (Station),E01024940,Chorley 010D,Bicycle theft,,
,2023-07,British Transport Police,British Transport Police,-2.626931,53.651603,On or near Chorley (Station),E01024940,Chorley 010D,Bicycle theft,,
,2023-07,British Transport Police,British Transport Police,-2.626931,53.651603,On or near Chorley (Station),E01024940,Chorley 010D,Public order,,
,2023-07,British Transport Police,British Transport Police,-2.626931,53.651603,On or near Chorley (Station),E01024940,Chorley 010D,Theft from the person,,
,2023-07,British Transport Police,British Transport Police,-0.089094,51.518332,On or near Turkey Street (Station),E01000002,City of London 001B,Other theft,,
,2023-07,British Transport Police,British Transport Police,-0.089094,51.518332,On or near Turkey Street (Station),E01000002,City of London 001B,Other theft,,
,2023-07,British Transport Police,British Transport Police,-0.089094,51.518332,On or near Turkey Street (Station),E01000002,City of London 001B,Other theft,,
,2023-07,British Transport Police,British Transport Police,-0.089094,51.518332,On or near Turkey Street (Station),E01000002,City of London 001B,Other theft,,
,2023-07,British Transport Police,British Transport Police,-0.089094,51.518332,On or near Turkey Street (Station),E01000002,City of London 001B,Public order,,
,2023-07,British Transport Police,British Transport Police,-0.089094,51.518332,On or near Turkey Street (Station),E01000002,City of London 001B,Public order,,
,2023-07,British Transport Police,British Transport Police,-0.089094,51.518332,On or near Turkey Street (Station),E01000002,City of London 001B,Theft from the person,,
,2023-07,British Transport Police,British Transport Police,-0.089094,51.518332,On or near Turkey Street (Station),E01000002,City of London 001B,Violence and sexual offences,,
,2023-07,British Transport Police,British Transport Police,-0.089094,51.518332,On or near Turkey Street (Station),E01000002,City of London 001B,Violence and sexual offences,,
,2023-07,British Transport Police,British Transport Police,-0.089094,51.518332,On or near Turkey Street (Station),E01000002,City of London 001B,Violence and sexual offences,,
,2023-07,British Transport Police,British Transport Police,-0.089094,51.518332,On or near Turkey Street (Station),E01000002,City of London 001B,Violence and sexual offences,,
,2023-07,British Transport Police,British Transport Police,-0.075405,51.514271,On or near Aldgate (Lu Station),E01000005,City of London 001E,Other theft,,
,2023-07,British Transport Police,British Transport Police,-0.075405,51.514271,On or near Aldgate (Lu Station),E01000005,City of London 001E,Public order,,
,2023-07,British Transport Police,British Transport Police,-0.075405,51.514271,On or near Aldgate (Lu Station),E01000005,City of London 001E,Theft from the person,,
,2023-07,British Transport Police,British Transport Police,-0.073838,51.510637,On or near Tower Gateway (Dlr),E01000005,City of London 001E,Theft from the person,,
,2023-07,British Transport Police,British Transport Police,-0.089900,51.511476,On or near Cannon Street (Station),E01032739,City of London 001F,Criminal damage and arson,,
,2023-07,British Transport Police,British Transport Police,-0.079465,51.511102,On or near Fenchurch Street (Station),E01032739,City of London 001F,Criminal damage and arson,,
,2023-07,British Transport Police,British Transport Police,-0.089900,51.511476,On or near Cannon Street (Station),E01032739,City of London 001F,Criminal damage and arson,,
,2023-07,British Transport Police,British Transport Police,-0.083311,51.517101,On or near Liverpool Street (Station),E01032739,City of London 001F,Drugs,,
,2023-07,British Transport Police,British Transport Police,-0.083311,51.517101,On or near Liverpool Street (Station),E01032739,City of London 001F,Drugs,,
,2023-07,British Transport Police,British Transport Police,-0.083181,51.517186,On or near Liverpool Street (Lu Station),E01032739,City of London 001F,Drugs,,
,2023-07,British Transport Police,British Transport Police,-0.083311,51.517101,On or near Liverpool Street (Station),E01032739,City of London 001F,Drugs,,
,2023-07,British Transport Police,British Transport Police,-0.083181,51.517186,On or near Liverpool Street (Lu Station),E01032739,City of London 001F,Drugs,,
,2023-07,British Transport Police,British Transport Police,-0.083311,51.517101,On or near Liverpool Street (Station),E01032739,City of London 001F,Drugs,,
,2023-07,British Transport Police,British Transport Police,-0.083311,51.517101,On or near Liverpool Street (Station),E01032739,City of London 001F,Drugs,,
,2023-07,British Transport Police,British Transport Police,-0.083311,51.517101,On or near Liverpool Street (Station),E01032739,City of London 001F,Drugs,,
,2023-07,British Transport Police,British Transport Police,-0.083311,51.517101,On or near Liverpool Street (Station),E01032739,City of London 001F,Drugs,,
,2023-07,British Transport Police,British Transport Police,-0.083311,51.517101,On or near Liverpool Street (Station),E01032739,City of London 001F,Other theft,,
,2023-07,British Transport Police,British Transport Police,-0.083311,51.517101,On or near Liverpool Street (Station),E01032739,City of London 001F,Other theft,,
,2023-07,British Transport Police,British Transport Police,-0.079022,51.509705,On or near Tower Hill (Lu Station),E01032739,City of London 001F,Other theft,,
,2023-07,British Transport Police,British Transport Police,-0.089062,51.513249,On or near Bank (Dlr),E01032739,City of London 001F,Other theft,,
,2023-07,British Transport Police,British Transport Police,-0.083181,51.517186,On or near Liverpool Street (Lu Station),E01032739,City of London 001F,Other theft,,
,2023-07,British Transport Police,British Transport Police,-0.079022,51.509705,On or near Tower Hill (Lu Station),E01032739,City of London 001F,Other theft,,
,2023-07,British Transport Police,British Transport Police,-0.083181,51.517186,On or near Liverpool Street (Lu Station),E01032739,City of London 001F,Other theft,,
,2023-07,British Transport Police,British Transport Police,-0.083181,51.517186,On or near Liverpool Street (Lu Station),E01032739,City of London 001F,Other theft,,
,2023-07,British Transport Police,British Transport Police,-0.083181,51.517186,On or near Liverpool Street (Lu Station),E01032739,City of London 001F,Other theft,,
,2023-07,British Transport Police,British Transport Police,-0.079465,51.511102,On or near Fenchurch Street (Station),E01032739,City of London 001F,Other theft,,
,2023-07,British Transport Police,British Transport Police,-0.089062,51.513249,On or near Bank (Dlr),E01032739,City of London 001F,Other theft,,
,2023-07,British Transport Police,British Transport Police,-0.083181,51.517186,On or near Liverpool Street (Lu Station),E01032739,City of London 001F,Other theft,,
,2023-07,British Transport Police,British Transport Police,-0.089900,51.511476,On or near Cannon Street (Station),E01032739,City of London 001F,Other theft,,
,2023-07,British Transport Police,British Transport Police,-0.089062,51.513249,On or near Bank (Dlr),E01032739,City of London 001F,Other theft,,
,2023-07,British Transport Police,British Transport Police,-0.079022,51.509705,On or near Tower Hill (Lu Station),E01032739,City of London 001F,Other theft,,
,2023-07,British Transport Police,British Transport Police,-0.083181,51.517186,On or near Liverpool Street (Lu Station),E01032739,City of London 001F,Other theft,,
,2023-07,British Transport Police,British Transport Police,-0.079022,51.509705,On or near Tower Hill (Lu Station),E01032739,City of London 001F,Other theft,,
,2023-07,British Transport Police,British Transport Police,-0.083311,51.517101,On or near Liverpool Street (Station),E01032739,City of London 001F,Other theft,,
,2023-07,British Transport Police,British Transport Police,-0.083311,51.517101,On or near Liverpool Street (Station),E01032739,City of London 001F,Other theft,,
,2023-07,British Transport Police,British Transport Police,-0.083311,51.517101,On or near Liverpool Street (Station),E01032739,City of London 001F,Other theft,,
,2023-07,British Transport Police,British Transport Police,-0.083311,51.517101,On or near Liverpool Street (Station),E01032739,City of London 001F,Possession of weapons,,
,2023-07,British Transport Police,British Transport Police,-0.089062,51.513249,On or near Bank (Dlr),E01032739,City of London 001F,Public order,,
,2023-07,British Transport Police,British Transport Police,-0.083181,51.517186,On or near Liverpool Street (Lu Station),E01032739,City of London 001F,Public order,,
,2023-07,British Transport Police,British Transport Police,-0.083311,51.517101,On or near Liverpool Street (Station),E01032739,City of London 001F,Public order,,
,2023-07,British Transport Police,British Transport Police,-0.083311,51.517101,On or near Liverpool Street (Station),E01032739,City of London 001F,Public order,,
,2023-07,British Transport Police,British Transport Police,-0.083311,51.517101,On or near Liverpool Street (Station),E01032739,City of London 001F,Public order,,
,2023-07,British Transport Police,British Transport Police,-0.083311,51.517101,On or near Liverpool Street (Station),E01032739,City of London 001F,Public order,,
,2023-07,British Transport Police,British Transport Police,-0.083311,51.517101,On or near Liverpool Street (Station),E01032739,City of London 001F,Public order,,
,2023-07,British Transport Police,British Transport Police,-0.083311,51.517101,On or near Liverpool Street (Station),E01032739,City of London 001F,Public order,,
,2023-07,British Transport Police,British Transport Police,-0.083311,51.517101,On or near Liverpool Street (Station),E01032739,City of London 001F,Public order,,
,2023-07,British Transport Police,British Transport Police,-0.083311,51.517101,On or near Liverpool Street (Station),E01032739,City of London 001F,Public order,,
,2023-07,British Transport Police,British Transport Police,-0.086053,51.510796,On or near Monument (Gt London) (Lu Station),E01032739,City of London 001F,Public order,,
,2023-07,British Transport Police,British Transport Police,-0.089900,51.511476,On or near Cannon Street (Station),E01032739,City of London 001F,Public order,,
,2023-07,British Transport Police,British Transport Police,-0.079022,51.509705,On or near Tower Hill (Lu Station),E01032739,City of London 001F,Public order,,
,2023-07,British Transport Police,British Transport Police,-0.083181,51.517186,On or near Liverpool Street (Lu Station),E01032739,City of London 001F,Public order,,
,2023-07,British Transport Police,British Transport Police,-0.103737,51.511771,On or near Blackfriars (Lu Station),E01032739,City of London 001F,Robbery,,
,2023-07,British Transport Police,British Transport Police,-0.083311,51.517101,On or near Liverpool Street (Station),E01032739,City of London 001F,Shoplifting,,
,2023-07,British Transport Police,British Transport Police,-0.083311,51.517101,On or near Liverpool Street (Station),E01032739,City of London 001F,Shoplifting,,
,2023-07,British Transport Police,British Transport Police,-0.083311,51.517101,On or near Liverpool Street (Station),E01032739,City of London 001F,Shoplifting,,
,2023-07,British Transport Police,British Transport Police,-0.083311,51.517101,On or near Liverpool Street (Station),E01032739,City of London 001F,Shoplifting,,
,2023-07,British Transport Police,British Transport Police,-0.083311,51.517101,On or near Liverpool Street (Station),E01032739,City of London 001F,Shoplifting,,
,2023-07,British Transport Police,British Transport Police,-0.083311,51.517101,On or near Liverpool Street (Station),E01032739,City of London 001F,Shoplifting,,
,2023-07,British Transport Police,British Transport Police,-0.083311,51.517101,On or near Liverpool Street (Station),E01032739,City of London 001F,Shoplifting,,
,2023-07,British Transport Police,British Transport Police,-0.083311,51.517101,On or near Liverpool Street (Station),E01032739,City of London 001F,Shoplifting,,
,2023-07,British Transport Police,British Transport Police,-0.083311,51.517101,On or near Liverpool Street (Station),E01032739,City of London 001F,Shoplifting,,
,2023-07,British Transport Police,British Transport Police,-0.083311,51.517101,On or near Liverpool Street (Station),E01032739,City of London 001F,Shoplifting,,
,2023-07,British Transport Police,British Transport Police,-0.083311,51.517101,On or near Liverpool Street (Station),E01032739,City of London 001F,Shoplifting,,
,2023-07,British Transport Police,British Transport Police,-0.083311,51.517101,On or near Liverpool Street (Station),E01032739,City of London 001F,Shoplifting,,
,2023-07,British Transport Police,British Transport Police,-0.079022,51.509705,On or near Tower Hill (Lu Station),E01032739,City of London 001F,Theft from the person,,
,2023-07,British Transport Police,British Transport Police,-0.079022,51.509705,On or near Tower Hill (Lu Station),E01032739,City of London 001F,Theft from the person,,
,2023-07,British Transport Police,British Transport Police,-0.083181,51.517186,On or near Liverpool Street (Lu Station),E01032739,City of London 001F,Theft from the person,,
,2023-07,British Transport Police,British Transport Police,-0.083181,51.517186,On or near Liverpool Street (Lu Station),E01032739,City of London 001F,Theft from the person,,
,2023-07,British Transport Police,British Transport Police,-0.083311,51.517101,On or near Liverpool Street (Station),E01032739,City of London 001F,Theft from the person,,
,2023-07,British Transport Police,British Transport Police,-0.089062,51.513249,On or near Bank (Dlr),E01032739,City of London 001F,Theft from the person,,
,2023-07,British Transport Police,British Transport Police,-0.103737,51.511771,On or near Blackfriars (Lu Station),E01032739,City of London 001F,Theft from the person,,
,2023-07,British Transport Police,British Transport Police,-0.089062,51.513249,On or near Bank (Dlr),E01032739,City of London 001F,Theft from the person,,
,2023-07,British Transport Police,British Transport Police,-0.083181,51.517186,On or near Liverpool Street (Lu Station),E01032739,City of London 001F,Theft from the person,,
,2023-07,British Transport Police,British Transport Police,-0.083181,51.517186,On or near Liverpool Street (Lu Station),E01032739,City of London 001F,Theft from the person,,
,2023-07,British Transport Police,British Transport Police,-0.083181,51.517186,On or near Liverpool Street (Lu Station),E01032739,City of London 001F,Theft from the person,,
,2023-07,British Transport Police,British Transport Police,-0.097483,51.514918,On or near St  Paul'S (Lu Station),E01032739,City of London 001F,Theft from the person,,
,2023-07,British Transport Police,British Transport Police,-0.089062,51.513249,On or near Bank (Dlr),E01032739,City of London 001F,Theft from the person,,
,2023-07,British Transport Police,British Transport Police,-0.093935,51.512177,On or near Mansion House (Lu Station),E01032739,City of London 001F,Theft from the person,,
,2023-07,British Transport Police,British Transport Police,-0.083311,51.517101,On or near Liverpool Street (Station),E01032739,City of London 001F,Theft from the person,,
,2023-07,British Transport Police,British Transport Police,-0.083311,51.517101,On or near Liverpool Street (Station),E01032739,City of London 001F,Theft from the person,,
,2023-07,British Transport Police,British Transport Police,-0.097483,51.514918,On or near St  Paul'S (Lu Station),E01032739,City of London 001F,Theft from the person,,
,2023-07,British Transport Police,British Transport Police,-0.079465,51.511102,On or near Fenchurch Street (Station),E01032739,City of London 001F,Theft from the person,,
,2023-07,British Transport Police,British Transport Police,-0.089062,51.513249,On or near Bank (Dlr),E01032739,City of London 001F,Theft from the person,,
,2023-07,British Transport Police,British Transport Police,-0.083181,51.517186,On or near Liverpool Street (Lu Station),E01032739,City of London 001F,Theft from the person,,
,2023-07,British Transport Police,British Transport Police,-0.083311,51.517101,On or near Liverpool Street (Station),E01032739,City of London 001F,Theft from the person,,
,2023-07,British Transport Police,British Transport Police,-0.083311,51.517101,On or near Liverpool Street (Station),E01032739,City of London 001F,Theft from the person,,
,2023-07,British Transport Police,British Transport Police,-0.089062,51.513249,On or near Bank (Dlr),E01032739,City of London 001F,Theft from the person,,
,2023-07,British Transport Police,British Transport Police,-0.089062,51.513249,On or near Bank (Dlr),E01032739,City of London 001F,Theft from the person,,
,2023-07,British Transport Police,British Transport Police,-0.079022,51.509705,On or near Tower Hill (Lu Station),E01032739,City of London 001F,Theft from the person,,
,2023-07,British Transport Police,British Transport Police,-0.079022,51.509705,On or near Tower Hill (Lu Station),E01032739,City of London 001F,Theft from the person,,
,2023-07,British Transport Police,British Transport Police,-0.079022,51.509705,On or near Tower Hill (Lu Station),E01032739,City of London 001F,Theft from the person,,
,2023-07,British Transport Police,British Transport Police,-0.079022,51.509705,On or near Tower Hill (Lu Station),E01032739,City of London 001F,Theft from the person,,
,2023-07,British Transport Police,British Transport Police,-0.089062,51.513249,On or near Bank (Dlr),E01032739,City of London 001F,Violence and sexual offences,,
,2023-07,British Transport Police,British Transport Police,-0.097483,51.514918,On or near St  Paul'S (Lu Station),E01032739,City of London 001F,Violence and sexual offences,,
,2023-07,British Transport Police,British Transport Police,-0.083311,51.517101,On or near Liverpool Street (Station),E01032739,City of London 001F,Violence and sexual offences,,
,2023-07,British Transport Police,British Transport Police,-0.083311,51.517101,On or near Liverpool Street (Station),E01032739,City of London 001F,Violence and sexual offences,,
,2023-07,British Transport Police,British Transport Police,-0.083311,51.517101,On or near Liverpool Street (Station),E01032739,City of London 001F,Violence and sexual offences,,
,2023-07,British Transport Police,British Transport Police,-0.083311,51.517101,On or near Liverpool Street (Station),E01032739,City of London 001F,Violence and sexual offences,,
,2023-07,British Transport Police,British Transport Police,-0.083181,51.517186,On or near Liverpool Street (Lu Station),E01032739,City of London 001F,Violence and sexual offences,,
,2023-07,British Transport Police,British Transport Police,-0.083181,51.517186,On or near Liverpool Street (Lu Station),E01032739,City of London 001F,Violence and sexual offences,,
,2023-07,British Transport Police,British Transport Police,-0.083181,51.517186,On or near Liverpool Street (Lu Station),E01032739,City of London 001F,Violence and sexual offences,,
,2023-07,British Transport Police,British Transport Police,-0.083181,51.517186,On or near Liverpool Street (Lu Station),E01032739,City of London 001F,Violence and sexual offences,,
,2023-07,British Transport Police,British Transport Police,-0.083181,51.517186,On or near Liverpool Street (Lu Station),E01032739,City of London 001F,Violence and sexual offences,,
,2023-07,British Transport Police,British Transport Police,-0.083311,51.517101,On or near Liverpool Street (Station),E01032739,City of London 001F,Violence and sexual offences,,
,2023-07,British Transport Police,British Transport Police,-0.083311,51.517101,On or near Liverpool Street (Station),E01032739,City of London 001F,Violence and sexual offences,,
,2023-07,British Transport Police,British Transport Police,-0.083311,51.517101,On or near Liverpool Street (Station),E01032739,City of London 001F,Violence and sexual offences,,
,2023-07,British Transport Police,British Transport Police,-0.086053,51.510796,On or near Monument (Gt London) (Lu Station),E01032739,City of London 001F,Violence and sexual offences,,
,2023-07,British Transport Police,British Transport Police,-0.083311,51.517101,On or near Liverpool Street (Station),E01032739,City of London 001F,Violence and sexual offences,,
,2023-07,British Transport Police,British Transport Police,-0.083311,51.517101,On or near Liverpool Street (Station),E01032739,City of London 001F,Violence and sexual offences,,
,2023-07,British Transport Police,British Transport Police,-0.083311,51.517101,On or near Liverpool Street (Station),E01032739,City of London 001F,Violence and sexual offences,,
,2023-07,British Transport Police,British Transport Police,-0.083311,51.517101,On or near Liverpool Street (Station),E01032739,City of London 001F,Violence and sexual offences,,
,2023-07,British Transport Police,British Transport Police,-0.083311,51.517101,On or near Liverpool Street (Station),E01032739,City of London 001F,Violence and sexual offences,,
,2023-07,British Transport Police,British Transport Police,-0.083311,51.517101,On or near Liverpool Street (Station),E01032739,City of London 001F,Violence and sexual offences,,
,2023-07,British Transport Police,British Transport Police,-0.083311,51.517101,On or near Liverpool Street (Station),E01032739,City of London 001F,Violence and sexual offences,,
,2023-07,British Transport Police,British Transport Police,-0.083311,51.517101,On or near Liverpool Street (Station),E01032739,City of London 001F,Violence and sexual offences,,
,2023-07,British Transport Police,British Transport Police,-0.083311,51.517101,On or near Liverpool Street (Station),E01032739,City of London 001F,Violence and sexual offences,,
,2023-07,British Transport Police,British Transport Police,-0.083311,51.517101,On or near Liverpool Street (Station),E01032739,City of London 001F,Violence and sexual offences,,
,2023-07,British Transport Police,British Transport Police,-0.083311,51.517101,On or near Liverpool Street (Station),E01032739,City of London 001F,Violence and sexual offences,,
,2023-07,British Transport Police,British Transport Police,-0.083311,51.517101,On or near Liverpool Street (Station),E01032739,City of London 001F,Violence and sexual offences,,
,2023-07,British Transport Police,British Transport Police,-0.083311,51.517101,On or near Liverpool Street (Station),E01032739,City of London 001F,Violence and sexual offences,,
,2023-07,British Transport Police,British Transport Police,-0.086053,51.510796,On or near Monument (Gt London) (Lu Station),E01032739,City of London 001F,Violence and sexual offences,,
,2023-07,British Transport Police,British Transport Police,-0.083181,51.517186,On or near Liverpool Street (Lu Station),E01032739,City of London 001F,Violence and sexual offences,,
,2023-07,British Transport Police,British Transport Police,-0.083181,51.517186,On or near Liverpool Street (Lu Station),E01032739,City of London 001F,Violence and sexual offences,,
,2023-07,British Transport Police,British Transport Police,-0.089900,51.511476,On or near Cannon Street (Station),E01032739,City of London 001F,Violence and sexual offences,,
,2023-07,British Transport Police,British Transport Police,-0.089062,51.513249,On or near Bank (Dlr),E01032739,City of London 001F,Violence and sexual offences,,
,2023-07,British Transport Police,British Transport Police,-0.089062,51.513249,On or near Bank (Dlr),E01032739,City of London 001F,Violence and sexual offences,,
,2023-07,British Transport Police,British Transport Police,-0.089062,51.513249,On or near Bank (Dlr),E01032739,City of London 001F,Violence and sexual offences,,
,2023-07,British Transport Police,British Transport Police,-0.079465,51.511102,On or near Fenchurch Street (Station),E01032739,City of London 001F,Violence and sexual offences,,
,2023-07,British Transport Police,British Transport Police,-0.083181,51.517186,On or near Liverpool Street (Lu Station),E01032739,City of London 001F,Other crime,,
,2023-07,British Transport Police,British Transport Police,-0.103686,51.514033,On or near City Thameslink (Station),E01032740,City of London 001G,Other theft,,
,2023-07,British Transport Police,British Transport Police,0.782805,51.880717,On or near Marks Tey (Station),E01021678,Colchester 010E,Bicycle theft,,
,2023-07,British Transport Police,British Transport Police,0.782805,51.880717,On or near Marks Tey (Station),E01021678,Colchester 010E,Bicycle theft,,
,2023-07,British Transport Police,British Transport Police,0.904374,51.886510,On or near Colchester Town (Station),E01021683,Colchester 011A,Public order,,
,2023-07,British Transport Police,British Transport Police,0.904374,51.886510,On or near Colchester Town (Station),E01021683,Colchester 011A,Public order,,
,2023-07,British Transport Police,British Transport Police,0.955996,51.856579,On or near Wivenhoe (Station),E01021738,Colchester 017C,Other theft,,
,2023-07,British Transport Police,British Transport Police,0.955996,51.856579,On or near Wivenhoe (Station),E01021738,Colchester 017C,Robbery,,
,2023-07,British Transport Police,British Transport Police,0.926301,51.885613,On or near Hythe (Station),E01021706,Colchester 022H,Bicycle theft,,
,2023-07,British Transport Police,British Transport Police,-3.827391,53.319839,On or near Llandudno (Station),W01000169,Conwy 001D,Other theft,,
,2023-07,British Transport Police,British Transport Police,-3.827391,53.319839,On or near Llandudno (Station),W01000169,Conwy 001D,Violence and sexual offences,,
,2023-07,British Transport Police,British Transport Police,-3.725605,53.296650,On or near Colwyn Bay (Station),W01000182,Conwy 007D,Criminal damage and arson,,
,2023-07,British Transport Police,British Transport Police,-3.725605,53.296650,On or near Colwyn Bay (Station),W01000182,Conwy 007D,Public order,,
,2023-07,British Transport Police,British Transport Police,-3.983086,53.257036,On or near Llanfairfechan (Station),W01000123,Conwy 013A,Criminal damage and arson,,
,2023-07,British Transport Police,British Transport Police,-3.587119,54.553047,On or near Whitehaven (Station),E01019260,Copeland 002A,Theft from the person,,
,2023-07,British Transport Police,British Transport Police,-4.470059,50.446828,On or near Liskeard (Station),E01018772,Cornwall 017D,Public order,,
,2023-07,British Transport Police,British Transport Police,-4.662721,50.445938,On or near Bodmin Parkway (Station),E01018766,Cornwall 028D,Criminal damage and arson,,
,2023-07,British Transport Police,British Transport Police,-4.662721,50.445938,On or near Bodmin Parkway (Station),E01018766,Cornwall 028D,Other theft,,
,2023-07,British Transport Police,British Transport Police,-4.662721,50.445938,On or near Bodmin Parkway (Station),E01018766,Cornwall 028D,Violence and sexual offences,,
,2023-07,British Transport Police,British Transport Police,-5.064130,50.263929,On or near Truro (Station),E01018810,Cornwall 044D,Other theft,,
,2023-07,British Transport Police,British Transport Police,-5.064130,50.263929,On or near Truro (Station),E01018810,Cornwall 044D,Violence and sexual offences,,
,2023-07,British Transport Police,British Transport Police,-5.296900,50.210549,On or near Camborne (Station),E01018871,Cornwall 055C,Public order,,
,2023-07,British Transport Police,British Transport Police,-5.296900,50.210549,On or near Camborne (Station),E01018871,Cornwall 055C,Public order,,
,2023-07,British Transport Police,British Transport Police,-5.296900,50.210549,On or near Camborne (Station),E01018871,Cornwall 055C,Violence and sexual offences,,
,2023-07,British Transport Police,British Transport Police,-5.532175,50.122269,On or near Penzance (Station),E01018996,Cornwall 067D,Drugs,,
,2023-07,British Transport Police,British Transport Police,-5.532175,50.122269,On or near Penzance (Station),E01018996,Cornwall 067D,Other theft,,
,2023-07,British Transport Police,British Transport Police,-5.532175,50.122269,On or near Penzance (Station),E01018996,Cornwall 067D,Other theft,,
,2023-07,British Transport Police,British Transport Police,-5.532175,50.122269,On or near Penzance (Station),E01018996,Cornwall 067D,Other theft,,
,2023-07,British Transport Police,British Transport Police,-5.532175,50.122269,On or near Penzance (Station),E01018996,Cornwall 067D,Public order,,
,2023-07,British Transport Police,British Transport Police,-5.532175,50.122269,On or near Penzance (Station),E01018996,Cornwall 067D,Violence and sexual offences,,
,2023-07,British Transport Police,British Transport Police,-1.725475,52.033430,On or near Milton Keynes Central (Station),E01022179,Cotswold 001A,Criminal damage and arson,,
,2023-07,British Transport Police,British Transport Police,-1.725475,52.033430,On or near Milton Keynes Central (Station),E01022179,Cotswold 001A,Other theft,,
,2023-07,British Transport Police,British Transport Police,-1.725475,52.033430,On or near Milton Keynes Central (Station),E01022179,Cotswold 001A,Other theft,,
,2023-07,British Transport Police,British Transport Police,-1.725475,52.033430,On or near Milton Keynes Central (Station),E01022179,Cotswold 001A,Public order,,
,2023-07,British Transport Police,British Transport Police,-1.725475,52.033430,On or near Milton Keynes Central (Station),E01022179,Cotswold 001A,Public order,,
,2023-07,British Transport Police,British Transport Police,-1.725475,52.033430,On or near Milton Keynes Central (Station),E01022179,Cotswold 001A,Public order,,
,2023-07,British Transport Police,British Transport Police,-1.725475,52.033430,On or near Milton Keynes Central (Station),E01022179,Cotswold 001A,Public order,,
,2023-07,British Transport Police,British Transport Police,-1.725475,52.033430,On or near Milton Keynes Central (Station),E01022179,Cotswold 001A,Public order,,
,2023-07,British Transport Police,British Transport Police,-1.725475,52.033430,On or near Milton Keynes Central (Station),E01022179,Cotswold 001A,Theft from the person,,
,2023-07,British Transport Police,British Transport Police,-1.725475,52.033430,On or near Milton Keynes Central (Station),E01022179,Cotswold 001A,Violence and sexual offences,,
,2023-07,British Transport Police,British Transport Police,-1.725475,52.033430,On or near Milton Keynes Central (Station),E01022179,Cotswold 001A,Violence and sexual offences,,
,2023-07,British Transport Police,British Transport Police,-1.725475,52.033430,On or near Milton Keynes Central (Station),E01022179,Cotswold 001A,Violence and sexual offences,,
,2023-07,British Transport Police,British Transport Police,-1.725475,52.033430,On or near Milton Keynes Central (Station),E01022179,Cotswold 001A,Violence and sexual offences,,
,2023-07,British Transport Police,British Transport Police,-1.898922,51.872518,On or near Birmingham Snow Hill (Station),E01022216,Cotswold 004D,Public order,,
,2023-07,British Transport Police,British Transport Police,-1.898922,51.872518,On or near Birmingham Snow Hill (Station),E01022216,Cotswold 004D,Public order,,
,2023-07,British Transport Police,British Transport Police,-1.898922,51.872518,On or near Birmingham Snow Hill (Station),E01022216,Cotswold 004D,Public order,,
,2023-07,British Transport Police,British Transport Police,-1.898922,51.872518,On or near Birmingham Snow Hill (Station),E01022216,Cotswold 004D,Public order,,
,2023-07,British Transport Police,British Transport Police,-1.677823,54.657294,On or near Bishop Auckland (Station),E01020872,County Durham 056C,Public order,,
,2023-07,British Transport Police,British Transport Police,-1.636713,54.625017,On or near Shildon (Station),E01020840,County Durham 059E,Public order,,
,2023-07,British Transport Police,British Transport Police,-1.513544,52.400445,On or near Coventry (Station),E01009548,Coventry 031A,Criminal damage and arson,,
,2023-07,British Transport Police,British Transport Police,-1.513544,52.400445,On or near Coventry (Station),E01009548,Coventry 031A,Drugs,,
,2023-07,British Transport Police,British Transport Police,-1.513544,52.400445,On or near Coventry (Station),E01009548,Coventry 031A,Drugs,,
,2023-07,British Transport Police,British Transport Police,-1.513544,52.400445,On or near Coventry (Station),E01009548,Coventry 031A,Drugs,,
,2023-07,British Transport Police,British Transport Police,-1.513544,52.400445,On or near Coventry (Station),E01009548,Coventry 031A,Drugs,,
,2023-07,British Transport Police,British Transport Police,-1.513544,52.400445,On or near Coventry (Station),E01009548,Coventry 031A,Possession of weapons,,
,2023-07,British Transport Police,British Transport Police,-1.513544,52.400445,On or near Coventry (Station),E01009548,Coventry 031A,Public order,,
,2023-07,British Transport Police,British Transport Police,-1.513544,52.400445,On or near Coventry (Station),E01009548,Coventry 031A,Public order,,
,2023-07,British Transport Police,British Transport Police,-1.513544,52.400445,On or near Coventry (Station),E01009548,Coventry 031A,Public order,,
,2023-07,British Transport Police,British Transport Police,-1.513544,52.400445,On or near Coventry (Station),E01009548,Coventry 031A,Public order,,
,2023-07,British Transport Police,British Transport Police,-1.513544,52.400445,On or near Coventry (Station),E01009548,Coventry 031A,Public order,,
,2023-07,British Transport Police,British Transport Police,-1.513544,52.400445,On or near Coventry (Station),E01009548,Coventry 031A,Shoplifting,,
,2023-07,British Transport Police,British Transport Police,-1.513544,52.400445,On or near Coventry (Station),E01009548,Coventry 031A,Shoplifting,,
,2023-07,British Transport Police,British Transport Police,-1.513544,52.400445,On or near Coventry (Station),E01009548,Coventry 031A,Shoplifting,,
,2023-07,British Transport Police,British Transport Police,-1.513544,52.400445,On or near Coventry (Station),E01009548,Coventry 031A,Shoplifting,,
,2023-07,British Transport Police,British Transport Police,-1.513544,52.400445,On or near Coventry (Station),E01009548,Coventry 031A,Shoplifting,,
,2023-07,British Transport Police,British Transport Police,-1.513544,52.400445,On or near Coventry (Station),E01009548,Coventry 031A,Shoplifting,,
,2023-07,British Transport Police,British Transport Police,-1.513544,52.400445,On or near Coventry (Station),E01009548,Coventry 031A,Shoplifting,,
,2023-07,British Transport Police,British Transport Police,-1.513544,52.400445,On or near Coventry (Station),E01009548,Coventry 031A,Shoplifting,,
,2023-07,British Transport Police,British Transport Police,-1.513544,52.400445,On or near Coventry (Station),E01009548,Coventry 031A,Shoplifting,,
,2023-07,British Transport Police,British Transport Police,-1.513544,52.400445,On or near Coventry (Station),E01009548,Coventry 031A,Shoplifting,,
,2023-07,British Transport Police,British Transport Police,-1.513544,52.400445,On or near Coventry (Station),E01009548,Coventry 031A,Shoplifting,,
,2023-07,British Transport Police,British Transport Police,-1.513544,52.400445,On or near Coventry (Station),E01009548,Coventry 031A,Shoplifting,,
,2023-07,British Transport Police,British Transport Police,-1.513544,52.400445,On or near Coventry (Station),E01009548,Coventry 031A,Violence and sexual offences,,
,2023-07,British Transport Police,British Transport Police,-1.513544,52.400445,On or near Coventry (Station),E01009548,Coventry 031A,Violence and sexual offences,,
,2023-07,British Transport Police,British Transport Police,-1.513544,52.400445,On or near Coventry (Station),E01009548,Coventry 031A,Violence and sexual offences,,
,2023-07,British Transport Police,British Transport Police,-1.513544,52.400445,On or near Coventry (Station),E01009548,Coventry 031A,Violence and sexual offences,,
,2023-07,British Transport Police,British Transport Police,-1.513544,52.400445,On or near Coventry (Station),E01009548,Coventry 031A,Violence and sexual offences,,
,2023-07,British Transport Police,British Transport Police,-0.161042,51.156850,On or near London Gatwick Airport (Station),E01031575,Crawley 001C,Other theft,,
,2023-07,British Transport Police,British Transport Police,-0.161042,51.156850,On or near London Gatwick Airport (Station),E01031575,Crawley 001C,Other theft,,
,2023-07,British Transport Police,British Transport Police,-0.161042,51.156850,On or near London Gatwick Airport (Station),E01031575,Crawley 001C,Other theft,,
,2023-07,British Transport Police,British Transport Police,-0.161042,51.156850,On or near London Gatwick Airport (Station),E01031575,Crawley 001C,Other theft,,
,2023-07,British Transport Police,British Transport Police,-0.161042,51.156850,On or near London Gatwick Airport (Station),E01031575,Crawley 001C,Other theft,,
,2023-07,British Transport Police,British Transport Police,-0.161042,51.156850,On or near London Gatwick Airport (Station),E01031575,Crawley 001C,Other theft,,
,2023-07,British Transport Police,British Transport Police,-0.161042,51.156850,On or near London Gatwick Airport (Station),E01031575,Crawley 001C,Other theft,,
,2023-07,British Transport Police,British Transport Police,-0.161042,51.156850,On or near London Gatwick Airport (Station),E01031575,Crawley 001C,Public order,,
,2023-07,British Transport Police,British Transport Police,-0.161042,51.156850,On or near London Gatwick Airport (Station),E01031575,Crawley 001C,Public order,,
,2023-07,British Transport Police,British Transport Police,-0.161042,51.156850,On or near London Gatwick Airport (Station),E01031575,Crawley 001C,Public order,,
,2023-07,British Transport Police,British Transport Police,-0.161042,51.156850,On or near London Gatwick Airport (Station),E01031575,Crawley 001C,Public order,,
,2023-07,British Transport Police,British Transport Police,-0.161042,51.156850,On or near London Gatwick Airport (Station),E01031575,Crawley 001C,Theft from the person,,
,2023-07,British Transport Police,British Transport Police,-0.161042,51.156850,On or near London Gatwick Airport (Station),E01031575,Crawley 001C,Violence and sexual offences,,
,2023-07,British Transport Police,British Transport Police,-0.161042,51.156850,On or near London Gatwick Airport (Station),E01031575,Crawley 001C,Violence and sexual offences,,
,2023-07,British Transport Police,British Transport Police,-0.161042,51.156850,On or near London Gatwick Airport (Station),E01031575,Crawley 001C,Violence and sexual offences,,
,2023-07,British Transport Police,British Transport Police,-0.161042,51.156850,On or near London Gatwick Airport (Station),E01031575,Crawley 001C,Violence and sexual offences,,
,2023-07,British Transport Police,British Transport Police,-0.161042,51.156850,On or near London Gatwick Airport (Station),E01031575,Crawley 001C,Violence and sexual offences,,
,2023-07,British Transport Police,British Transport Police,-0.185772,51.112226,On or near Crawley (Station),E01031585,Crawley 004C,Drugs,,
,2023-07,British Transport Police,British Transport Police,-0.185772,51.112226,On or near Crawley (Station),E01031585,Crawley 004C,Other theft,,
,2023-07,British Transport Police,British Transport Police,-0.185772,51.112226,On or near Crawley (Station),E01031585,Crawley 004C,Possession of weapons,,
,2023-07,British Transport Police,British Transport Police,-0.185772,51.112226,On or near Crawley (Station),E01031585,Crawley 004C,Public order,,
,2023-07,British Transport Police,British Transport Police,-0.185772,51.112226,On or near Crawley (Station),E01031585,Crawley 004C,Public order,,
,2023-07,British Transport Police,British Transport Police,-0.185772,51.112226,On or near Crawley (Station),E01031585,Crawley 004C,Public order,,
,2023-07,British Transport Police,British Transport Police,-0.185772,51.112226,On or near Crawley (Station),E01031585,Crawley 004C,Public order,,
,2023-07,British Transport Police,British Transport Police,-0.185772,51.112226,On or near Crawley (Station),E01031585,Crawley 004C,Public order,,
,2023-07,British Transport Police,British Transport Police,-0.185772,51.112226,On or near Crawley (Station),E01031585,Crawley 004C,Violence and sexual offences,,
,2023-07,British Transport Police,British Transport Police,-0.185772,51.112226,On or near Crawley (Station),E01031585,Crawley 004C,Violence and sexual offences,,
,2023-07,British Transport Police,British Transport Police,-0.161736,51.117458,On or near Three Bridges (Station),E01031600,Crawley 005D,Other theft,,
,2023-07,British Transport Police,British Transport Police,-0.161736,51.117458,On or near Three Bridges (Station),E01031600,Crawley 005D,Other theft,,
,2023-07,British Transport Police,British Transport Police,-0.161736,51.117458,On or near Three Bridges (Station),E01031600,Crawley 005D,Public order,,
,2023-07,British Transport Police,British Transport Police,-0.161736,51.117458,On or near Three Bridges (Station),E01031600,Crawley 005D,Public order,,
,2023-07,British Transport Police,British Transport Police,-0.161736,51.117458,On or near Three Bridges (Station),E01031600,Crawley 005D,Public order,,
,2023-07,British Transport Police,British Transport Police,-0.161736,51.117458,On or near Three Bridges (Station),E01031600,Crawley 005D,Public order,,
,2023-07,British Transport Police,British Transport Police,-0.161736,51.117458,On or near Three Bridges (Station),E01031600,Crawley 005D,Public order,,
,2023-07,British Transport Police,British Transport Police,-0.161736,51.117458,On or near Three Bridges (Station),E01031600,Crawley 005D,Violence and sexual offences,,
,2023-07,British Transport Police,British Transport Police,-0.161736,51.117458,On or near Three Bridges (Station),E01031600,Crawley 005D,Violence and sexual offences,,
,2023-07,British Transport Police,British Transport Police,-0.161736,51.117458,On or near Three Bridges (Station),E01031600,Crawley 005D,Violence and sexual offences,,
,2023-07,British Transport Police,British Transport Police,-0.161736,51.117458,On or near Three Bridges (Station),E01031600,Crawley 005D,Violence and sexual offences,,
,2023-07,British Transport Police,British Transport Police,-0.161736,51.117458,On or near Three Bridges (Station),E01031600,Crawley 005D,Violence and sexual offences,,
,2023-07,British Transport Police,British Transport Police,-0.161736,51.117458,On or near Three Bridges (Station),E01031600,Crawley 005D,Violence and sexual offences,,
,2023-07,British Transport Police,British Transport Police,-0.161736,51.117458,On or near Three Bridges (Station),E01031600,Crawley 005D,Violence and sexual offences,,
,2023-07,British Transport Police,British Transport Police,-0.161736,51.117458,On or near Three Bridges (Station),E01031600,Crawley 005D,Violence and sexual offences,,
,2023-07,British Transport Police,British Transport Police,-0.161736,51.117458,On or near Three Bridges (Station),E01031600,Crawley 005D,Violence and sexual offences,,
,2023-07,British Transport Police,British Transport Police,-0.161736,51.117458,On or near Three Bridges (Station),E01031600,Crawley 005D,Violence and sexual offences,,
,2023-07,British Transport Police,British Transport Police,-0.214815,51.115613,On or near Ifield (Station),E01031567,Crawley 006D,Criminal damage and arson,,
,2023-07,British Transport Police,British Transport Police,-0.214815,51.115613,On or near Ifield (Station),E01031567,Crawley 006D,Public order,,
,2023-07,British Transport Police,British Transport Police,-0.123109,51.411445,On or near Norbury (Station),E01001089,Croydon 004C,Public order,,
,2023-07,British Transport Police,British Transport Police,-0.123109,51.411445,On or near Norbury (Station),E01001089,Croydon 004C,Public order,,
,2023-07,British Transport Police,British Transport Police,-0.123109,51.411445,On or near Norbury (Station),E01001089,Croydon 004C,Robbery,,
,2023-07,British Transport Police,British Transport Police,-0.074560,51.397368,On or near Norwood Junction (Station),E01001136,Croydon 007A,Robbery,,
,2023-07,British Transport Police,British Transport Police,-0.074560,51.397368,On or near Norwood Junction (Station),E01001136,Croydon 007A,Violence and sexual offences,,
,2023-07,British Transport Police,British Transport Police,-0.074560,51.397368,On or near Norwood Junction (Station),E01001136,Croydon 007A,Violence and sexual offences,,
,2023-07,British Transport Police,British Transport Police,-0.074560,51.397368,On or near Norwood Junction (Station),E01001136,Croydon 007A,Violence and sexual offences,,
,2023-07,British Transport Police,British Transport Police,-0.074560,51.397368,On or near Norwood Junction (Station),E01001136,Croydon 007A,Violence and sexual offences,,
,2023-07,British Transport Police,British Transport Police,-0.101713,51.398584,On or near Thornton Heath (Station),E01000998,Croydon 010A,Other theft,,
,2023-07,British Transport Police,British Transport Police,-0.101713,51.398584,On or near Thornton Heath (Station),E01000998,Croydon 010A,Public order,,
,2023-07,British Transport Police,British Transport Police,-0.101713,51.398584,On or near Thornton Heath (Station),E01000998,Croydon 010A,Violence and sexual offences,,
,2023-07,British Transport Police,British Transport Police,-0.101713,51.398584,On or near Thornton Heath (Station),E01000998,Croydon 010A,Violence and sexual offences,,
,2023-07,British Transport Police,British Transport Police,-0.088458,51.391993,On or near Selhurst (Station),E01001113,Croydon 013D,Public order,,
,2023-07,British Transport Police,British Transport Police,-0.088458,51.391993,On or near Selhurst (Station),E01001113,Croydon 013D,Violence and sexual offences,,
,2023-07,British Transport Police,British Transport Police,-0.123836,51.382358,On or near Ampere Way (Tram Stop),E01001006,Croydon 016A,Other theft,,
,2023-07,British Transport Police,British Transport Police,-0.117846,51.377028,On or near Waddon Marsh (Tram Stop),E01001010,Croydon 019D,Criminal damage and arson,,
,2023-07,British Transport Police,British Transport Police,-0.102643,51.378427,On or near West Croydon (Station),E01001013,Croydon 020B,Criminal damage and arson,,
,2023-07,British Transport Police,British Transport Police,-0.102643,51.378427,On or near West Croydon (Station),E01001013,Croydon 020B,Public order,,
,2023-07,British Transport Police,British Transport Police,-0.102643,51.378427,On or near West Croydon (Station),E01001013,Croydon 020B,Violence and sexual offences,,
,2023-07,British Transport Police,British Transport Police,-0.102643,51.378427,On or near West Croydon (Station),E01001013,Croydon 020B,Violence and sexual offences,,
,2023-07,British Transport Police,British Transport Police,-0.102643,51.378427,On or near West Croydon (Station),E01001013,Croydon 020B,Violence and sexual offences,,
,2023-07,British Transport Police,British Transport Police,-0.102643,51.378427,On or near West Croydon (Station),E01001013,Croydon 020B,Violence and sexual offences,,
,2023-07,British Transport Police,British Transport Police,-0.102643,51.378427,On or near West Croydon (Station),E01001013,Croydon 020B,Violence and sexual offences,,
,2023-07,British Transport Police,British Transport Police,-0.101776,51.378891,On or near West Croydon (Tram Stop),E01034143,Croydon 020H,Other theft,,
,2023-07,British Transport Police,British Transport Police,-0.077712,51.374982,On or near Sandilands (Tram Stop),E01001049,Croydon 023C,Violence and sexual offences,,
,2023-07,British Transport Police,British Transport Police,-0.085380,51.375108,On or near Lebanon Road (Tram Stop),E01001050,Croydon 023D,Robbery,,
,2023-07,British Transport Police,British Transport Police,-0.113410,51.373431,On or near Wandle Park (Tram Stop),E01001165,Croydon 024C,Violence and sexual offences,,
,2023-07,British Transport Police,British Transport Police,-0.113410,51.373431,On or near Wandle Park (Tram Stop),E01001165,Croydon 024C,Violence and sexual offences,,
,2023-07,British Transport Police,British Transport Police,-0.106241,51.374799,On or near Reeves Corner (Tram Stop),E01034145,Croydon 024G,Robbery,,
,2023-07,British Transport Police,British Transport Police,-0.103399,51.376120,On or near Centrale (Tram Stop),E01034145,Croydon 024G,Violence and sexual offences,,
,2023-07,British Transport Police,British Transport Police,-0.042904,51.354602,On or near Gravel Hill (Tram Stop),E01001064,Croydon 026C,Public order,,
,2023-07,British Transport Police,British Transport Police,-0.042904,51.354602,On or near Gravel Hill (Tram Stop),E01001064,Croydon 026C,Public order,,
,2023-07,British Transport Police,British Transport Police,-0.042904,51.354602,On or near Gravel Hill (Tram Stop),E01001064,Croydon 026C,Public order,,
,2023-07,British Transport Police,British Transport Police,-0.042904,51.354602,On or near Gravel Hill (Tram Stop),E01001064,Croydon 026C,Violence and sexual offences,,
,2023-07,British Transport Police,British Transport Police,-0.114174,51.337776,On or near Purley (Station),E01001097,Croydon 037E,Other theft,,
,2023-07,British Transport Police,British Transport Police,-0.114174,51.337776,On or near Purley (Station),E01001097,Croydon 037E,Other theft,,
,2023-07,British Transport Police,British Transport Police,-0.114174,51.337776,On or near Purley (Station),E01001097,Croydon 037E,Public order,,
,2023-07,British Transport Police,British Transport Police,-0.114174,51.337776,On or near Purley (Station),E01001097,Croydon 037E,Public order,,
,2023-07,British Transport Police,British Transport Police,-0.114174,51.337776,On or near Purley (Station),E01001097,Croydon 037E,Robbery,,
,2023-07,British Transport Police,British Transport Police,-0.114174,51.337776,On or near Purley (Station),E01001097,Croydon 037E,Violence and sexual offences,,
,2023-07,British Transport Police,British Transport Police,-0.114174,51.337776,On or near Purley (Station),E01001097,Croydon 037E,Violence and sexual offences,,
,2023-07,British Transport Police,British Transport Police,-0.137975,51.315803,On or near Coulsdon South (Station),E01001023,Croydon 041C,Bicycle theft,,
,2023-07,British Transport Police,British Transport Police,-0.137975,51.315803,On or near Coulsdon South (Station),E01001023,Croydon 041C,Robbery,,
,2023-07,British Transport Police,British Transport Police,-0.059924,51.390948,On or near Arena (Tram Stop),E01001189,Croydon 045B,Robbery,,
,2023-07,British Transport Police,British Transport Police,-0.092675,51.374849,On or near East Croydon (Station),E01034149,Croydon 046C,Drugs,,
,2023-07,British Transport Police,British Transport Police,-0.092675,51.374849,On or near East Croydon (Station),E01034149,Croydon 046C,Other theft,,
,2023-07,British Transport Police,British Transport Police,-0.092675,51.374849,On or near East Croydon (Station),E01034149,Croydon 046C,Other theft,,
,2023-07,British Transport Police,British Transport Police,-0.092675,51.374849,On or near East Croydon (Station),E01034149,Croydon 046C,Other theft,,
,2023-07,British Transport Police,British Transport Police,-0.092675,51.374849,On or near East Croydon (Station),E01034149,Croydon 046C,Other theft,,
,2023-07,British Transport Police,British Transport Police,-0.092675,51.374849,On or near East Croydon (Station),E01034149,Croydon 046C,Other theft,,
,2023-07,British Transport Police,British Transport Police,-0.092675,51.374849,On or near East Croydon (Station),E01034149,Croydon 046C,Other theft,,
,2023-07,British Transport Police,British Transport Police,-0.092675,51.374849,On or near East Croydon (Station),E01034149,Croydon 046C,Possession of weapons,,
,2023-07,British Transport Police,British Transport Police,-0.092676,51.374848,On or near East Croydon (Tram Stop),E01034149,Croydon 046C,Public order,,
,2023-07,British Transport Police,British Transport Police,-0.092675,51.374849,On or near East Croydon (Station),E01034149,Croydon 046C,Public order,,
,2023-07,British Transport Police,British Transport Police,-0.092675,51.374849,On or near East Croydon (Station),E01034149,Croydon 046C,Public order,,
,2023-07,British Transport Police,British Transport Police,-0.092675,51.374849,On or near East Croydon (Station),E01034149,Croydon 046C,Public order,,
,2023-07,British Transport Police,British Transport Police,-0.092675,51.374849,On or near East Croydon (Station),E01034149,Croydon 046C,Public order,,
,2023-07,British Transport Police,British Transport Police,-0.092675,51.374849,On or near East Croydon (Station),E01034149,Croydon 046C,Public order,,
,2023-07,British Transport Police,British Transport Police,-0.092675,51.374849,On or near East Croydon (Station),E01034149,Croydon 046C,Public order,,
,2023-07,British Transport Police,British Transport Police,-0.092675,51.374849,On or near East Croydon (Station),E01034149,Croydon 046C,Public order,,
,2023-07,British Transport Police,British Transport Police,-0.092675,51.374849,On or near East Croydon (Station),E01034149,Croydon 046C,Robbery,,
,2023-07,British Transport Police,British Transport Police,-0.092676,51.374848,On or near East Croydon (Tram Stop),E01034149,Croydon 046C,Robbery,,
,2023-07,British Transport Police,British Transport Police,-0.092676,51.374848,On or near East Croydon (Tram Stop),E01034149,Croydon 046C,Robbery,,
,2023-07,British Transport Police,British Transport Police,-0.092675,51.374849,On or near East Croydon (Station),E01034149,Croydon 046C,Robbery,,
,2023-07,British Transport Police,British Transport Police,-0.092675,51.374849,On or near East Croydon (Station),E01034149,Croydon 046C,Shoplifting,,
,2023-07,British Transport Police,British Transport Police,-0.092675,51.374849,On or near East Croydon (Station),E01034149,Croydon 046C,Shoplifting,,
,2023-07,British Transport Police,British Transport Police,-0.092675,51.374849,On or near East Croydon (Station),E01034149,Croydon 046C,Shoplifting,,
,2023-07,British Transport Police,British Transport Police,-0.092675,51.374849,On or near East Croydon (Station),E01034149,Croydon 046C,Shoplifting,,
,2023-07,British Transport Police,British Transport Police,-0.092675,51.374849,On or near East Croydon (Station),E01034149,Croydon 046C,Shoplifting,,
,2023-07,British Transport Police,British Transport Police,-0.092675,51.374849,On or near East Croydon (Station),E01034149,Croydon 046C,Shoplifting,,
,2023-07,British Transport Police,British Transport Police,-0.092675,51.374849,On or near East Croydon (Station),E01034149,Croydon 046C,Shoplifting,,
,2023-07,British Transport Police,British Transport Police,-0.092675,51.374849,On or near East Croydon (Station),E01034149,Croydon 046C,Theft from the person,,
,2023-07,British Transport Police,British Transport Police,-0.092675,51.374849,On or near East Croydon (Station),E01034149,Croydon 046C,Theft from the person,,
,2023-07,British Transport Police,British Transport Police,-0.092675,51.374849,On or near East Croydon (Station),E01034149,Croydon 046C,Theft from the person,,
,2023-07,British Transport Police,British Transport Police,-0.092676,51.374848,On or near East Croydon (Tram Stop),E01034149,Croydon 046C,Theft from the person,,
,2023-07,British Transport Police,British Transport Police,-0.092675,51.374849,On or near East Croydon (Station),E01034149,Croydon 046C,Violence and sexual offences,,
,2023-07,British Transport Police,British Transport Police,-0.092675,51.374849,On or near East Croydon (Station),E01034149,Croydon 046C,Violence and sexual offences,,
,2023-07,British Transport Police,British Transport Police,-0.092675,51.374849,On or near East Croydon (Station),E01034149,Croydon 046C,Violence and sexual offences,,
,2023-07,British Transport Police,British Transport Police,-0.092675,51.374849,On or near East Croydon (Station),E01034149,Croydon 046C,Violence and sexual offences,,
,2023-07,British Transport Police,British Transport Police,-0.092675,51.374849,On or near East Croydon (Station),E01034149,Croydon 046C,Violence and sexual offences,,
,2023-07,British Transport Police,British Transport Police,-0.092675,51.374849,On or near East Croydon (Station),E01034149,Croydon 046C,Violence and sexual offences,,
,2023-07,British Transport Police,British Transport Police,-0.092675,51.374849,On or near East Croydon (Station),E01034149,Croydon 046C,Violence and sexual offences,,
,2023-07,British Transport Police,British Transport Police,-0.092675,51.374849,On or near East Croydon (Station),E01034149,Croydon 046C,Violence and sexual offences,,
,2023-07,British Transport Police,British Transport Police,-0.092675,51.374849,On or near East Croydon (Station),E01034149,Croydon 046C,Violence and sexual offences,,
,2023-07,British Transport Police,British Transport Police,-0.092675,51.374849,On or near East Croydon (Station),E01034149,Croydon 046C,Violence and sexual offences,,
,2023-07,British Transport Police,British Transport Police,-0.092675,51.374849,On or near East Croydon (Station),E01034149,Croydon 046C,Violence and sexual offences,,
,2023-07,British Transport Police,British Transport Police,-0.092676,51.374848,On or near East Croydon (Tram Stop),E01034149,Croydon 046C,Violence and sexual offences,,
,2023-07,British Transport Police,British Transport Police,-0.092676,51.374848,On or near East Croydon (Tram Stop),E01034149,Croydon 046C,Violence and sexual offences,,
,2023-07,British Transport Police,British Transport Police,-0.092675,51.374849,On or near East Croydon (Station),E01034149,Croydon 046C,Violence and sexual offences,,
,2023-07,British Transport Police,British Transport Police,-0.092675,51.374849,On or near East Croydon (Station),E01034149,Croydon 046C,Violence and sexual offences,,
,2023-07,British Transport Police,British Transport Police,-0.092675,51.374849,On or near East Croydon (Station),E01034149,Croydon 046C,Violence and sexual offences,,
,2023-07,British Transport Police,British Transport Police,-0.093440,51.362676,On or near South Croydon (Station),E01001047,Croydon 047A,Robbery,,
,2023-07,British Transport Police,British Transport Police,-0.622833,51.800674,On or near Tring (Station),E01023352,Dacorum 004A,Bicycle theft,,
,2023-07,British Transport Police,British Transport Police,-0.561954,51.763151,On or near Berkhamsted (Station),E01023361,Dacorum 009A,Bicycle theft,,
,2023-07,British Transport Police,British Transport Police,-0.561954,51.763151,On or near Berkhamsted (Station),E01023361,Dacorum 009A,Bicycle theft,,
,2023-07,British Transport Police,British Transport Police,-0.561954,51.763151,On or near Berkhamsted (Station),E01023361,Dacorum 009A,Criminal damage and arson,,
,2023-07,British Transport Police,British Transport Police,-0.561954,51.763151,On or near Berkhamsted (Station),E01023361,Dacorum 009A,Vehicle crime,,
,2023-07,British Transport Police,British Transport Police,-0.490770,51.742496,On or near Hemel Hempstead (Station),E01023354,Dacorum 018B,Criminal damage and arson,,
,2023-07,British Transport Police,British Transport Police,-0.490770,51.742496,On or near Hemel Hempstead (Station),E01023354,Dacorum 018B,Criminal damage and arson,,
,2023-07,British Transport Police,British Transport Police,-0.490770,51.742496,On or near Hemel Hempstead (Station),E01023354,Dacorum 018B,Criminal damage and arson,,
,2023-07,British Transport Police,British Transport Police,-0.490770,51.742496,On or near Hemel Hempstead (Station),E01023354,Dacorum 018B,Public order,,
,2023-07,British Transport Police,British Transport Police,-0.490770,51.742496,On or near Hemel Hempstead (Station),E01023354,Dacorum 018B,Public order,,
,2023-07,British Transport Police,British Transport Police,-0.462629,51.732147,On or near Apsley (Station),E01023407,Dacorum 022B,Public order,,
,2023-07,British Transport Police,British Transport Police,-0.462629,51.732147,On or near Apsley (Station),E01023407,Dacorum 022B,Theft from the person,,
,2023-07,British Transport Police,British Transport Police,-1.547324,54.516949,On or near Darlington Bank Top (Station),E01012357,Darlington 014B,Drugs,,
,2023-07,British Transport Police,British Transport Police,-1.547324,54.516949,On or near Darlington Bank Top (Station),E01012357,Darlington 014B,Other theft,,
,2023-07,British Transport Police,British Transport Police,-1.547324,54.516949,On or near Darlington Bank Top (Station),E01012357,Darlington 014B,Public order,,
,2023-07,British Transport Police,British Transport Police,-1.547324,54.516949,On or near Darlington Bank Top (Station),E01012357,Darlington 014B,Violence and sexual offences,,
,2023-07,British Transport Police,British Transport Police,-1.467803,54.514957,On or near Dinsdale (Station),E01012344,Darlington 015C,Public order,,
,2023-07,British Transport Police,British Transport Police,0.280475,51.450620,On or near Greenhithe (Station),E01024143,Dartford 002C,Robbery,,
,2023-07,British Transport Police,British Transport Police,0.280475,51.450620,On or near Greenhithe (Station),E01024143,Dartford 002C,Violence and sexual offences,,
,2023-07,British Transport Police,British Transport Police,0.280475,51.450620,On or near Greenhithe (Station),E01024143,Dartford 002C,Violence and sexual offences,,
,2023-07,British Transport Police,British Transport Police,0.219079,51.447293,On or near Dartford (Station),E01024181,Dartford 003B,Bicycle theft,,
,2023-07,British Transport Police,British Transport Police,0.219079,51.447293,On or near Dartford (Station),E01024181,Dartford 003B,Bicycle theft,,
,2023-07,British Transport Police,British Transport Police,0.219079,51.447293,On or near Dartford (Station),E01024181,Dartford 003B,Other theft,,
,2023-07,British Transport Police,British Transport Police,0.219079,51.447293,On or near Dartford (Station),E01024181,Dartford 003B,Public order,,
,2023-07,British Transport Police,British Transport Police,0.219079,51.447293,On or near Dartford (Station),E01024181,Dartford 003B,Theft from the person,,
,2023-07,British Transport Police,British Transport Police,0.219079,51.447293,On or near Dartford (Station),E01024181,Dartford 003B,Violence and sexual offences,,
,2023-07,British Transport Police,British Transport Police,0.264448,51.451335,On or near Stone Crossing (Station),E01024172,Dartford 006D,Public order,,
,2023-07,British Transport Police,British Transport Police,0.264448,51.451335,On or near Stone Crossing (Station),E01024172,Dartford 006D,Violence and sexual offences,,
,2023-07,British Transport Police,British Transport Police,0.300452,51.396180,On or near Longfield (Station),E01024158,Dartford 013B,Violence and sexual offences,,
,2023-07,British Transport Police,British Transport Police,-3.491247,53.316975,On or near Rhyl (Station),W01000240,Denbighshire 004E,Drugs,,
,2023-07,British Transport Police,British Transport Police,-3.491247,53.316975,On or near Rhyl (Station),W01000240,Denbighshire 004E,Drugs,,
,2023-07,British Transport Police,British Transport Police,-3.491247,53.316975,On or near Rhyl (Station),W01000240,Denbighshire 004E,Other theft,,
,2023-07,British Transport Police,British Transport Police,-3.491247,53.316975,On or near Rhyl (Station),W01000240,Denbighshire 004E,Public order,,
,2023-07,British Transport Police,British Transport Police,-3.491247,53.316975,On or near Rhyl (Station),W01000240,Denbighshire 004E,Violence and sexual offences,,
,2023-07,British Transport Police,British Transport Police,-3.491247,53.316975,On or near Rhyl (Station),W01000240,Denbighshire 004E,Violence and sexual offences,,
,2023-07,British Transport Police,British Transport Police,-1.420803,52.947155,On or near Chesterfield (Station),E01013576,Derby 003C,Drugs,,
,2023-07,British Transport Police,British Transport Police,-1.420803,52.947155,On or near Chesterfield (Station),E01013576,Derby 003C,Drugs,,
,2023-07,British Transport Police,British Transport Police,-1.420803,52.947155,On or near Chesterfield (Station),E01013576,Derby 003C,Drugs,,
,2023-07,British Transport Police,British Transport Police,-1.420803,52.947155,On or near Chesterfield (Station),E01013576,Derby 003C,Other theft,,
,2023-07,British Transport Police,British Transport Police,-1.420803,52.947155,On or near Chesterfield (Station),E01013576,Derby 003C,Other theft,,
,2023-07,British Transport Police,British Transport Police,-1.420803,52.947155,On or near Chesterfield (Station),E01013576,Derby 003C,Other theft,,
,2023-07,British Transport Police,British Transport Police,-1.420803,52.947155,On or near Chesterfield (Station),E01013576,Derby 003C,Public order,,
,2023-07,British Transport Police,British Transport Police,-1.420803,52.947155,On or near Chesterfield (Station),E01013576,Derby 003C,Public order,,
,2023-07,British Transport Police,British Transport Police,-1.420803,52.947155,On or near Chesterfield (Station),E01013576,Derby 003C,Public order,,
,2023-07,British Transport Police,British Transport Police,-1.420803,52.947155,On or near Chesterfield (Station),E01013576,Derby 003C,Shoplifting,,
,2023-07,British Transport Police,British Transport Police,-1.420803,52.947155,On or near Chesterfield (Station),E01013576,Derby 003C,Shoplifting,,
,2023-07,British Transport Police,British Transport Police,-1.420803,52.947155,On or near Chesterfield (Station),E01013576,Derby 003C,Violence and sexual offences,,
,2023-07,British Transport Police,British Transport Police,-1.420803,52.947155,On or near Chesterfield (Station),E01013576,Derby 003C,Violence and sexual offences,,
,2023-07,British Transport Police,British Transport Police,-0.957906,53.603282,On or near Thorne South (Station),E01007641,Doncaster 003F,Criminal damage and arson,,
,2023-07,British Transport Police,British Transport Police,-1.140225,53.521864,On or near Doncaster (Station),E01007529,Doncaster 022A,Bicycle theft,,
,2023-07,British Transport Police,British Transport Police,-1.140225,53.521864,On or near Doncaster (Station),E01007529,Doncaster 022A,Burglary,,
,2023-07,British Transport Police,British Transport Police,-1.140225,53.521864,On or near Doncaster (Station),E01007529,Doncaster 022A,Drugs,,
,2023-07,British Transport Police,British Transport Police,-1.140225,53.521864,On or near Doncaster (Station),E01007529,Doncaster 022A,Other theft,,
,2023-07,British Transport Police,British Transport Police,-1.140225,53.521864,On or near Doncaster (Station),E01007529,Doncaster 022A,Other theft,,
,2023-07,British Transport Police,British Transport Police,-1.140225,53.521864,On or near Doncaster (Station),E01007529,Doncaster 022A,Public order,,
,2023-07,British Transport Police,British Transport Police,-1.140225,53.521864,On or near Doncaster (Station),E01007529,Doncaster 022A,Public order,,
,2023-07,British Transport Police,British Transport Police,-1.140225,53.521864,On or near Doncaster (Station),E01007529,Doncaster 022A,Public order,,
,2023-07,British Transport Police,British Transport Police,-1.140225,53.521864,On or near Doncaster (Station),E01007529,Doncaster 022A,Shoplifting,,
,2023-07,British Transport Police,British Transport Police,-1.140225,53.521864,On or near Doncaster (Station),E01007529,Doncaster 022A,Shoplifting,,
,2023-07,British Transport Police,British Transport Police,-1.140225,53.521864,On or near Doncaster (Station),E01007529,Doncaster 022A,Theft from the person,,
,2023-07,British Transport Police,British Transport Police,-1.140225,53.521864,On or near Doncaster (Station),E01007529,Doncaster 022A,Violence and sexual offences,,
,2023-07,British Transport Police,British Transport Police,-1.140225,53.521864,On or near Doncaster (Station),E01007529,Doncaster 022A,Violence and sexual offences,,
,2023-07,British Transport Police,British Transport Police,-1.140225,53.521864,On or near Doncaster (Station),E01007529,Doncaster 022A,Violence and sexual offences,,
,2023-07,British Transport Police,British Transport Police,-1.140225,53.521864,On or near Doncaster (Station),E01007529,Doncaster 022A,Violence and sexual offences,,
,2023-07,British Transport Police,British Transport Police,-2.272738,51.034023,On or near Gillingham (Kent) (Station),E01020443,Dorset 001A,Bicycle theft,,
,2023-07,British Transport Police,British Transport Police,-2.272738,51.034023,On or near Gillingham (Kent) (Station),E01020443,Dorset 001A,Bicycle theft,,
,2023-07,British Transport Police,British Transport Police,-2.272738,51.034023,On or near Gillingham (Kent) (Station),E01020443,Dorset 001A,Bicycle theft,,
,2023-07,British Transport Police,British Transport Police,-2.272738,51.034023,On or near Gillingham (Kent) (Station),E01020443,Dorset 001A,Criminal damage and arson,,
,2023-07,British Transport Police,British Transport Police,-2.272738,51.034023,On or near Gillingham (Kent) (Station),E01020443,Dorset 001A,Drugs,,
,2023-07,British Transport Police,British Transport Police,-2.272738,51.034023,On or near Gillingham (Kent) (Station),E01020443,Dorset 001A,Public order,,
,2023-07,British Transport Police,British Transport Police,-2.272738,51.034023,On or near Gillingham (Kent) (Station),E01020443,Dorset 001A,Public order,,
,2023-07,British Transport Police,British Transport Police,-2.272738,51.034023,On or near Gillingham (Kent) (Station),E01020443,Dorset 001A,Public order,,
,2023-07,British Transport Police,British Transport Police,-2.272738,51.034023,On or near Gillingham (Kent) (Station),E01020443,Dorset 001A,Public order,,
,2023-07,British Transport Police,British Transport Police,-2.272738,51.034023,On or near Gillingham (Kent) (Station),E01020443,Dorset 001A,Public order,,
,2023-07,British Transport Police,British Transport Police,-2.272738,51.034023,On or near Gillingham (Kent) (Station),E01020443,Dorset 001A,Public order,,
,2023-07,British Transport Police,British Transport Police,-2.272738,51.034023,On or near Gillingham (Kent) (Station),E01020443,Dorset 001A,Theft from the person,,
,2023-07,British Transport Police,British Transport Police,-2.272738,51.034023,On or near Gillingham (Kent) (Station),E01020443,Dorset 001A,Vehicle crime,,
,2023-07,British Transport Police,British Transport Police,-2.272738,51.034023,On or near Gillingham (Kent) (Station),E01020443,Dorset 001A,Violence and sexual offences,,
,2023-07,British Transport Police,British Transport Police,-2.513187,50.943994,On or near Sherborne (Station),E01020546,Dorset 004D,Violence and sexual offences,,
,2023-07,British Transport Police,British Transport Police,-2.573897,50.895683,On or near Yetminster (Station),E01020550,Dorset 008D,Criminal damage and arson,,
,2023-07,British Transport Police,British Transport Police,-2.437271,50.709300,On or near Dorchester South (Station),E01032645,Dorset 031C,Public order,,
,2023-07,British Transport Police,British Transport Police,-2.437271,50.709300,On or near Dorchester South (Station),E01032645,Dorset 031C,Public order,,
,2023-07,British Transport Police,British Transport Police,-2.221276,50.681584,On or near Wool (Station),E01020491,Dorset 035C,Criminal damage and arson,,
,2023-07,British Transport Police,British Transport Police,-2.455393,50.615093,On or near Weymouth (Station),E01020554,Dorset 044B,Criminal damage and arson,,
,2023-07,British Transport Police,British Transport Police,-2.455393,50.615093,On or near Weymouth (Station),E01020554,Dorset 044B,Criminal damage and arson,,
,2023-07,British Transport Police,British Transport Police,-2.455393,50.615093,On or near Weymouth (Station),E01020554,Dorset 044B,Other theft,,
,2023-07,British Transport Police,British Transport Police,-2.455393,50.615093,On or near Weymouth (Station),E01020554,Dorset 044B,Violence and sexual offences,,
,2023-07,British Transport Police,British Transport Police,1.340554,51.269939,On or near Sandwich (Station),E01024243,Dover 002C,Other theft,,
,2023-07,British Transport Police,British Transport Police,1.340554,51.269939,On or near Sandwich (Station),E01024243,Dover 002C,Robbery,,
,2023-07,British Transport Police,British Transport Police,1.398822,51.223153,On or near Deal (Station),E01024228,Dover 004A,Other theft,,
,2023-07,British Transport Police,British Transport Police,1.398822,51.223153,On or near Deal (Station),E01024228,Dover 004A,Violence and sexual offences,,
,2023-07,British Transport Police,British Transport Police,1.398822,51.223153,On or near Deal (Station),E01024228,Dover 004A,Violence and sexual offences,,
,2023-07,British Transport Police,British Transport Police,1.382879,51.203385,On or near Walmer (Station),E01024251,Dover 007E,Public order,,
,2023-07,British Transport Police,British Transport Police,1.382879,51.203385,On or near Walmer (Station),E01024251,Dover 007E,Public order,,
,2023-07,British Transport Police,British Transport Police,1.382879,51.203385,On or near Walmer (Station),E01024251,Dover 007E,Violence and sexual offences,,
,2023-07,British Transport Police,British Transport Police,1.305510,51.126124,On or near Dover Priory (Station),E01024215,Dover 013B,Drugs,,
,2023-07,British Transport Police,British Transport Police,1.305510,51.126124,On or near Dover Priory (Station),E01024215,Dover 013B,Public order,,
,2023-07,British Transport Police,British Transport Police,1.305510,51.126124,On or near Dover Priory (Station),E01024215,Dover 013B,Violence and sexual offences,,
,2023-07,British Transport Police,British Transport Police,1.305510,51.126124,On or near Dover Priory (Station),E01024215,Dover 013B,Violence and sexual offences,,
,2023-07,British Transport Police,British Transport Police,-2.133876,52.447468,On or near Stourbridge Junction (Station),E01009857,Dudley 040B,Bicycle theft,,
,2023-07,British Transport Police,British Transport Police,-2.133876,52.447468,On or near Stourbridge Junction (Station),E01009857,Dudley 040B,Bicycle theft,,
,2023-07,British Transport Police,British Transport Police,-2.133876,52.447468,On or near Stourbridge Junction (Station),E01009857,Dudley 040B,Other theft,,
,2023-07,British Transport Police,British Transport Police,-2.133876,52.447468,On or near Stourbridge Junction (Station),E01009857,Dudley 040B,Public order,,
,2023-07,British Transport Police,British Transport Police,-0.369444,51.548213,On or near Northolt (Lu Station),E01001323,Ealing 004D,Criminal damage and arson,,
,2023-07,British Transport Police,British Transport Police,-0.369444,51.548213,On or near Northolt (Lu Station),E01001323,Ealing 004D,Other theft,,
,2023-07,British Transport Police,British Transport Police,-0.346538,51.542079,On or near Greenford (Lu Station),E01001272,Ealing 006D,Bicycle theft,,
,2023-07,British Transport Police,British Transport Police,-0.346538,51.542079,On or near Greenford (Lu Station),E01001272,Ealing 006D,Other theft,,
,2023-07,British Transport Police,British Transport Police,-0.346538,51.542079,On or near Greenford (Lu Station),E01001272,Ealing 006D,Public order,,
,2023-07,British Transport Police,British Transport Police,-0.323852,51.536651,On or near Perivale (Lu Station),E01001344,Ealing 007A,Violence and sexual offences,,
,2023-07,British Transport Police,British Transport Police,-0.396186,51.539512,On or near Luton Airport Parkway (Station),E01001327,Ealing 009B,Criminal damage and arson,,
,2023-07,British Transport Police,British Transport Police,-0.396186,51.539512,On or near Luton Airport Parkway (Station),E01001327,Ealing 009B,Drugs,,
,2023-07,British Transport Police,British Transport Police,-0.396186,51.539512,On or near Luton Airport Parkway (Station),E01001327,Ealing 009B,Other theft,,
,2023-07,British Transport Police,British Transport Police,-0.396186,51.539512,On or near Luton Airport Parkway (Station),E01001327,Ealing 009B,Other theft,,
,2023-07,British Transport Police,British Transport Police,-0.396186,51.539512,On or near Luton Airport Parkway (Station),E01001327,Ealing 009B,Other theft,,
,2023-07,British Transport Police,British Transport Police,-0.396186,51.539512,On or near Luton Airport Parkway (Station),E01001327,Ealing 009B,Other theft,,
,2023-07,British Transport Police,British Transport Police,-0.396186,51.539512,On or near Luton Airport Parkway (Station),E01001327,Ealing 009B,Possession of weapons,,
,2023-07,British Transport Police,British Transport Police,-0.396186,51.539512,On or near Luton Airport Parkway (Station),E01001327,Ealing 009B,Public order,,
,2023-07,British Transport Police,British Transport Police,-0.396186,51.539512,On or near Luton Airport Parkway (Station),E01001327,Ealing 009B,Vehicle crime,,
,2023-07,British Transport Police,British Transport Police,-0.396186,51.539512,On or near Luton Airport Parkway (Station),E01001327,Ealing 009B,Vehicle crime,,
,2023-07,British Transport Police,British Transport Police,-0.396186,51.539512,On or near Luton Airport Parkway (Station),E01001327,Ealing 009B,Vehicle crime,,
,2023-07,British Transport Police,British Transport Police,-0.292996,51.530073,On or near Hanger Lane (Lu Station),E01001278,Ealing 011C,Public order,,
,2023-07,British Transport Police,British Transport Police,-0.284217,51.526968,On or near Park Royal (Lu Station),E01001278,Ealing 011C,Violence and sexual offences,,
,2023-07,British Transport Police,British Transport Police,-0.266756,51.517180,On or near Acton Main Line (Station),E01001196,Ealing 015A,Public order,,
,2023-07,British Transport Police,British Transport Police,-0.266756,51.517180,On or near Acton Main Line (Station),E01001196,Ealing 015A,Theft from the person,,
,2023-07,British Transport Police,British Transport Police,-0.266756,51.517180,On or near Acton Main Line (Station),E01001196,Ealing 015A,Violence and sexual offences,,
,2023-07,British Transport Police,British Transport Police,-0.259730,51.523433,On or near North Acton (Lu Station),E01034026,Ealing 015F,Public order,,
,2023-07,British Transport Police,British Transport Police,-0.259730,51.523433,On or near North Acton (Lu Station),E01034026,Ealing 015F,Public order,,
,2023-07,British Transport Police,British Transport Police,-0.259730,51.523433,On or near North Acton (Lu Station),E01034026,Ealing 015F,Theft from the person,,
,2023-07,British Transport Police,British Transport Police,-0.259730,51.523433,On or near North Acton (Lu Station),E01034026,Ealing 015F,Violence and sexual offences,,
,2023-07,British Transport Police,British Transport Police,-0.259730,51.523433,On or near North Acton (Lu Station),E01034026,Ealing 015F,Violence and sexual offences,,
,2023-07,British Transport Police,British Transport Police,-0.259730,51.523433,On or near North Acton (Lu Station),E01034026,Ealing 015F,Violence and sexual offences,,
,2023-07,British Transport Police,British Transport Police,-0.338644,51.511746,On or near Hanwell (Station),E01001290,Ealing 022D,Bicycle theft,,
,2023-07,British Transport Police,British Transport Police,-0.338644,51.511746,On or near Hanwell (Station),E01001290,Ealing 022D,Other theft,,
,2023-07,British Transport Police,British Transport Police,-0.338644,51.511746,On or near Hanwell (Station),E01001290,Ealing 022D,Theft from the person,,
,2023-07,British Transport Police,British Transport Police,-0.378055,51.506164,On or near Southall (Station),E01001362,Ealing 026C,Criminal damage and arson,,
,2023-07,British Transport Police,British Transport Police,-0.378055,51.506164,On or near Southall (Station),E01001362,Ealing 026C,Drugs,,
,2023-07,British Transport Police,British Transport Police,-0.378055,51.506164,On or near Southall (Station),E01001362,Ealing 026C,Other theft,,
,2023-07,British Transport Police,British Transport Police,-0.378055,51.506164,On or near Southall (Station),E01001362,Ealing 026C,Other theft,,
,2023-07,British Transport Police,British Transport Police,-0.378055,51.506164,On or near Southall (Station),E01001362,Ealing 026C,Theft from the person,,
,2023-07,British Transport Police,British Transport Police,-0.378055,51.506164,On or near Southall (Station),E01001362,Ealing 026C,Violence and sexual offences,,
,2023-07,British Transport Police,British Transport Police,-0.378055,51.506164,On or near Southall (Station),E01001362,Ealing 026C,Violence and sexual offences,,
,2023-07,British Transport Police,British Transport Police,-0.378055,51.506164,On or near Southall (Station),E01001362,Ealing 026C,Violence and sexual offences,,
,2023-07,British Transport Police,British Transport Police,-0.378055,51.506164,On or near Southall (Station),E01001362,Ealing 026C,Violence and sexual offences,,
,2023-07,British Transport Police,British Transport Police,-0.288014,51.510167,On or near Ealing Common (Lu Station),E01001234,Ealing 027B,Criminal damage and arson,,
,2023-07,British Transport Police,British Transport Police,-0.288014,51.510167,On or near Ealing Common (Lu Station),E01001234,Ealing 027B,Criminal damage and arson,,
,2023-07,British Transport Police,British Transport Police,-0.288014,51.510167,On or near Ealing Common (Lu Station),E01001234,Ealing 027B,Public order,,
,2023-07,British Transport Police,British Transport Police,-0.288014,51.510167,On or near Ealing Common (Lu Station),E01001234,Ealing 027B,Violence and sexual offences,,
,2023-07,British Transport Police,British Transport Police,-0.314213,51.499356,On or near Northfields (Lu Station),E01001303,Ealing 032A,Other theft,,
,2023-07,British Transport Police,British Transport Police,-0.314213,51.499356,On or near Northfields (Lu Station),E01001303,Ealing 032A,Other theft,,
,2023-07,British Transport Police,British Transport Police,-0.314213,51.499356,On or near Northfields (Lu Station),E01001303,Ealing 032A,Other theft,,
,2023-07,British Transport Police,British Transport Police,-0.314213,51.499356,On or near Northfields (Lu Station),E01001303,Ealing 032A,Other theft,,
,2023-07,British Transport Police,British Transport Police,-0.314213,51.499356,On or near Northfields (Lu Station),E01001303,Ealing 032A,Public order,,
,2023-07,British Transport Police,British Transport Police,-0.307053,51.501312,On or near South Ealing (Lu Station),E01001303,Ealing 032A,Theft from the person,,
,2023-07,British Transport Police,British Transport Police,-0.279698,51.502910,On or near Acton Town (Lu Station),E01001358,Ealing 033E,Theft from the person,,
,2023-07,British Transport Police,British Transport Police,-0.279698,51.502910,On or near Acton Town (Lu Station),E01001358,Ealing 033E,Theft from the person,,
,2023-07,British Transport Police,British Transport Police,-0.279698,51.502910,On or near Acton Town (Lu Station),E01001358,Ealing 033E,Theft from the person,,
,2023-07,British Transport Police,British Transport Police,-0.279698,51.502910,On or near Acton Town (Lu Station),E01001358,Ealing 033E,Violence and sexual offences,,
,2023-07,British Transport Police,British Transport Police,-0.301752,51.514841,On or near Ealing Broadway (Station),E01001225,Ealing 041A,Bicycle theft,,
,2023-07,British Transport Police,British Transport Police,-0.301752,51.514841,On or near Ealing Broadway (Station),E01001225,Ealing 041A,Other theft,,
,2023-07,British Transport Police,British Transport Police,-0.301752,51.514841,On or near Ealing Broadway (Station),E01001225,Ealing 041A,Other theft,,
,2023-07,British Transport Police,British Transport Police,-0.301752,51.514841,On or near Ealing Broadway (Station),E01001225,Ealing 041A,Other theft,,
,2023-07,British Transport Police,British Transport Police,-0.301752,51.514841,On or near Ealing Broadway (Station),E01001225,Ealing 041A,Public order,,
,2023-07,British Transport Police,British Transport Police,-0.301752,51.514841,On or near Ealing Broadway (Station),E01001225,Ealing 041A,Public order,,
,2023-07,British Transport Police,British Transport Police,-0.301752,51.514841,On or near Ealing Broadway (Station),E01001225,Ealing 041A,Public order,,
,2023-07,British Transport Police,British Transport Police,-0.301752,51.514841,On or near Ealing Broadway (Station),E01001225,Ealing 041A,Public order,,
,2023-07,British Transport Police,British Transport Police,-0.301752,51.514841,On or near Ealing Broadway (Station),E01001225,Ealing 041A,Public order,,
,2023-07,British Transport Police,British Transport Police,-0.301752,51.514841,On or near Ealing Broadway (Station),E01001225,Ealing 041A,Theft from the person,,
,2023-07,British Transport Police,British Transport Police,-0.301752,51.514841,On or near Ealing Broadway (Station),E01001225,Ealing 041A,Theft from the person,,
,2023-07,British Transport Police,British Transport Police,-0.301752,51.514841,On or near Ealing Broadway (Station),E01001225,Ealing 041A,Theft from the person,,
,2023-07,British Transport Police,British Transport Police,-0.301752,51.514841,On or near Ealing Broadway (Station),E01001225,Ealing 041A,Theft from the person,,
,2023-07,British Transport Police,British Transport Police,-0.301752,51.514841,On or near Ealing Broadway (Station),E01001225,Ealing 041A,Theft from the person,,
,2023-07,British Transport Police,British Transport Police,-0.301752,51.514841,On or near Ealing Broadway (Station),E01001225,Ealing 041A,Violence and sexual offences,,
,2023-07,British Transport Police,British Transport Police,-0.301752,51.514841,On or near Ealing Broadway (Station),E01001225,Ealing 041A,Violence and sexual offences,,
,2023-07,British Transport Police,British Transport Police,-0.301752,51.514841,On or near Ealing Broadway (Station),E01001225,Ealing 041A,Violence and sexual offences,,
,2023-07,British Transport Police,British Transport Police,-0.280967,51.517973,On or near West Acton (Lu Station),E01001274,Ealing 041E,Criminal damage and arson,,
,2023-07,British Transport Police,British Transport Police,-0.280967,51.517973,On or near West Acton (Lu Station),E01001274,Ealing 041E,Public order,,
,2023-07,British Transport Police,British Transport Police,0.279312,50.796388,On or near Hampden Park (Station),E01020922,Eastbourne 004C,Criminal damage and arson,,
,2023-07,British Transport Police,British Transport Police,0.279312,50.796388,On or near Hampden Park (Station),E01020922,Eastbourne 004C,Other theft,,
,2023-07,British Transport Police,British Transport Police,0.279312,50.796388,On or near Hampden Park (Station),E01020922,Eastbourne 004C,Public order,,
,2023-07,British Transport Police,British Transport Police,0.279312,50.796388,On or near Hampden Park (Station),E01020922,Eastbourne 004C,Public order,,
,2023-07,British Transport Police,British Transport Police,0.279312,50.796388,On or near Hampden Park (Station),E01020922,Eastbourne 004C,Violence and sexual offences,,
,2023-07,British Transport Police,British Transport Police,0.279312,50.796388,On or near Hampden Park (Station),E01020922,Eastbourne 004C,Violence and sexual offences,,
,2023-07,British Transport Police,British Transport Police,0.281356,50.769551,On or near Eastbourne (Station),E01020968,Eastbourne 011D,Criminal damage and arson,,
,2023-07,British Transport Police,British Transport Police,0.281356,50.769551,On or near Eastbourne (Station),E01020968,Eastbourne 011D,Other theft,,
,2023-07,British Transport Police,British Transport Police,0.281356,50.769551,On or near Eastbourne (Station),E01020968,Eastbourne 011D,Other theft,,
,2023-07,British Transport Police,British Transport Police,0.281356,50.769551,On or near Eastbourne (Station),E01020968,Eastbourne 011D,Other theft,,
,2023-07,British Transport Police,British Transport Police,0.281356,50.769551,On or near Eastbourne (Station),E01020968,Eastbourne 011D,Other theft,,
,2023-07,British Transport Police,British Transport Police,0.281356,50.769551,On or near Eastbourne (Station),E01020968,Eastbourne 011D,Other theft,,
,2023-07,British Transport Police,British Transport Police,0.281356,50.769551,On or near Eastbourne (Station),E01020968,Eastbourne 011D,Public order,,
,2023-07,British Transport Police,British Transport Police,0.281356,50.769551,On or near Eastbourne (Station),E01020968,Eastbourne 011D,Public order,,
,2023-07,British Transport Police,British Transport Police,0.281356,50.769551,On or near Eastbourne (Station),E01020968,Eastbourne 011D,Public order,,
,2023-07,British Transport Police,British Transport Police,0.281356,50.769551,On or near Eastbourne (Station),E01020968,Eastbourne 011D,Public order,,
,2023-07,British Transport Police,British Transport Police,0.281356,50.769551,On or near Eastbourne (Station),E01020968,Eastbourne 011D,Public order,,
,2023-07,British Transport Police,British Transport Police,0.281356,50.769551,On or near Eastbourne (Station),E01020968,Eastbourne 011D,Shoplifting,,
,2023-07,British Transport Police,British Transport Police,0.281356,50.769551,On or near Eastbourne (Station),E01020968,Eastbourne 011D,Theft from the person,,
,2023-07,British Transport Police,British Transport Police,0.281356,50.769551,On or near Eastbourne (Station),E01020968,Eastbourne 011D,Violence and sexual offences,,
,2023-07,British Transport Police,British Transport Police,0.281356,50.769551,On or near Eastbourne (Station),E01020968,Eastbourne 011D,Violence and sexual offences,,
,2023-07,British Transport Police,British Transport Police,0.266093,52.390243,On or near Ely (Station),E01018026,East Cambridgeshire 004C,Public order,,
,2023-07,British Transport Police,British Transport Police,0.266093,52.390243,On or near Ely (Station),E01018026,East Cambridgeshire 004C,Public order,,
,2023-07,British Transport Police,British Transport Police,0.266093,52.390243,On or near Ely (Station),E01018026,East Cambridgeshire 004C,Public order,,
,2023-07,British Transport Police,British Transport Police,0.266093,52.390243,On or near Ely (Station),E01018026,East Cambridgeshire 004C,Public order,,
,2023-07,British Transport Police,British Transport Police,0.266093,52.390243,On or near Ely (Station),E01018026,East Cambridgeshire 004C,Public order,,
,2023-07,British Transport Police,British Transport Police,0.266093,52.390243,On or near Ely (Station),E01018026,East Cambridgeshire 004C,Violence and sexual offences,,
,2023-07,British Transport Police,British Transport Police,-3.181216,50.829464,On or near Cardiff Central (Station),E01019938,East Devon 001B,Drugs,,
,2023-07,British Transport Police,British Transport Police,-3.181216,50.829464,On or near Cardiff Central (Station),E01019938,East Devon 001B,Drugs,,
,2023-07,British Transport Police,British Transport Police,-3.181216,50.829464,On or near Cardiff Central (Station),E01019938,East Devon 001B,Drugs,,
,2023-07,British Transport Police,British Transport Police,-3.181216,50.829464,On or near Cardiff Central (Station),E01019938,East Devon 001B,Other theft,,
,2023-07,British Transport Police,British Transport Police,-3.181216,50.829464,On or near Cardiff Central (Station),E01019938,East Devon 001B,Other theft,,
,2023-07,British Transport Police,British Transport Police,-3.181216,50.829464,On or near Cardiff Central (Station),E01019938,East Devon 001B,Other theft,,
,2023-07,British Transport Police,British Transport Police,-3.181216,50.829464,On or near Cardiff Central (Station),E01019938,East Devon 001B,Other theft,,
,2023-07,British Transport Police,British Transport Police,-3.181216,50.829464,On or near Cardiff Central (Station),E01019938,East Devon 001B,Public order,,
,2023-07,British Transport Police,British Transport Police,-3.181216,50.829464,On or near Cardiff Central (Station),E01019938,East Devon 001B,Public order,,
,2023-07,British Transport Police,British Transport Police,-3.181216,50.829464,On or near Cardiff Central (Station),E01019938,East Devon 001B,Public order,,
,2023-07,British Transport Police,British Transport Police,-3.181216,50.829464,On or near Cardiff Central (Station),E01019938,East Devon 001B,Public order,,
,2023-07,British Transport Police,British Transport Police,-3.181216,50.829464,On or near Cardiff Central (Station),E01019938,East Devon 001B,Public order,,
,2023-07,British Transport Police,British Transport Police,-3.181216,50.829464,On or near Cardiff Central (Station),E01019938,East Devon 001B,Public order,,
,2023-07,British Transport Police,British Transport Police,-3.181216,50.829464,On or near Cardiff Central (Station),E01019938,East Devon 001B,Public order,,
,2023-07,British Transport Police,British Transport Police,-3.181216,50.829464,On or near Cardiff Central (Station),E01019938,East Devon 001B,Public order,,
,2023-07,British Transport Police,British Transport Police,-3.181216,50.829464,On or near Cardiff Central (Station),E01019938,East Devon 001B,Public order,,
,2023-07,British Transport Police,British Transport Police,-3.181216,50.829464,On or near Cardiff Central (Station),E01019938,East Devon 001B,Shoplifting,,
,2023-07,British Transport Police,British Transport Police,-3.181216,50.829464,On or near Cardiff Central (Station),E01019938,East Devon 001B,Shoplifting,,
,2023-07,British Transport Police,British Transport Police,-3.181216,50.829464,On or near Cardiff Central (Station),E01019938,East Devon 001B,Vehicle crime,,
,2023-07,British Transport Police,British Transport Police,-3.181216,50.829464,On or near Cardiff Central (Station),E01019938,East Devon 001B,Violence and sexual offences,,
,2023-07,British Transport Police,British Transport Police,-3.181216,50.829464,On or near Cardiff Central (Station),E01019938,East Devon 001B,Violence and sexual offences,,
,2023-07,British Transport Police,British Transport Police,-3.181216,50.829464,On or near Cardiff Central (Station),E01019938,East Devon 001B,Violence and sexual offences,,
,2023-07,British Transport Police,British Transport Police,-3.181216,50.829464,On or near Cardiff Central (Station),E01019938,East Devon 001B,Violence and sexual offences,,
,2023-07,British Transport Police,British Transport Police,-3.181216,50.829464,On or near Cardiff Central (Station),E01019938,East Devon 001B,Violence and sexual offences,,
,2023-07,British Transport Police,British Transport Police,-3.181216,50.829464,On or near Cardiff Central (Station),E01019938,East Devon 001B,Violence and sexual offences,,
,2023-07,British Transport Police,British Transport Police,-3.181216,50.829464,On or near Cardiff Central (Station),E01019938,East Devon 001B,Violence and sexual offences,,
,2023-07,British Transport Police,British Transport Police,-3.181216,50.829464,On or near Cardiff Central (Station),E01019938,East Devon 001B,Violence and sexual offences,,
,2023-07,British Transport Police,British Transport Police,-3.181216,50.829464,On or near Cardiff Central (Station),E01019938,East Devon 001B,Violence and sexual offences,,
,2023-07,British Transport Police,British Transport Police,-3.181216,50.829464,On or near Cardiff Central (Station),E01019938,East Devon 001B,Violence and sexual offences,,
,2023-07,British Transport Police,British Transport Police,-3.186846,50.796587,On or near Honiton (Station),E01019934,East Devon 002D,Burglary,,
,2023-07,British Transport Police,British Transport Police,-3.186846,50.796587,On or near Honiton (Station),E01019934,East Devon 002D,Criminal damage and arson,,
,2023-07,British Transport Police,British Transport Police,-3.186846,50.796587,On or near Honiton (Station),E01019934,East Devon 002D,Criminal damage and arson,,
,2023-07,British Transport Police,British Transport Police,-0.967242,51.151953,On or near Alton (Station),E01022574,East Hampshire 002A,Vehicle crime,,
,2023-07,British Transport Police,British Transport Police,-0.967242,51.151953,On or near Alton (Station),E01022574,East Hampshire 002A,Vehicle crime,,
,2023-07,British Transport Police,British Transport Police,-0.800170,51.071387,On or near Liphook (Station),E01022583,East Hampshire 009A,Possession of weapons,,
,2023-07,British Transport Police,British Transport Police,-0.941209,51.006664,On or near Petersfield (Station),E01032665,East Hampshire 012G,Bicycle theft,,
,2023-07,British Transport Police,British Transport Police,-0.941209,51.006664,On or near Petersfield (Station),E01032665,East Hampshire 012G,Public order,,
,2023-07,British Transport Police,British Transport Police,-0.941209,51.006664,On or near Petersfield (Station),E01032665,East Hampshire 012G,Violence and sexual offences,,
,2023-07,British Transport Police,British Transport Police,-0.941209,51.006664,On or near Petersfield (Station),E01032665,East Hampshire 012G,Violence and sexual offences,,
,2023-07,British Transport Police,British Transport Police,-0.941209,51.006664,On or near Petersfield (Station),E01032665,East Hampshire 012G,Violence and sexual offences,,
,2023-07,British Transport Police,British Transport Police,-0.957537,50.892406,On or near Rowland'S Castle (Station),E01022629,East Hampshire 016C,Other theft,,
,2023-07,British Transport Police,British Transport Police,-0.957537,50.892406,On or near Rowland'S Castle (Station),E01022629,East Hampshire 016C,Violence and sexual offences,,
,2023-07,British Transport Police,British Transport Police,-0.957537,50.892406,On or near Rowland'S Castle (Station),E01022629,East Hampshire 016C,Violence and sexual offences,,
,2023-07,British Transport Police,British Transport Police,0.164896,51.866799,On or near Bishops Stortford (Station),E01035595,East Hertfordshire 007H,Criminal damage and arson,,
,2023-07,British Transport Police,British Transport Police,0.164896,51.866799,On or near Bishops Stortford (Station),E01035595,East Hertfordshire 007H,Other theft,,
,2023-07,British Transport Police,British Transport Police,0.164896,51.866799,On or near Bishops Stortford (Station),E01035595,East Hertfordshire 007H,Other theft,,
,2023-07,British Transport Police,British Transport Police,0.164896,51.866799,On or near Bishops Stortford (Station),E01035595,East Hertfordshire 007H,Public order,,
,2023-07,British Transport Police,British Transport Police,0.164896,51.866799,On or near Bishops Stortford (Station),E01035595,East Hertfordshire 007H,Public order,,
,2023-07,British Transport Police,British Transport Police,0.164896,51.866799,On or near Bishops Stortford (Station),E01035595,East Hertfordshire 007H,Public order,,
,2023-07,British Transport Police,British Transport Police,0.164896,51.866799,On or near Bishops Stortford (Station),E01035595,East Hertfordshire 007H,Public order,,
,2023-07,British Transport Police,British Transport Police,0.164896,51.866799,On or near Bishops Stortford (Station),E01035595,East Hertfordshire 007H,Shoplifting,,
,2023-07,British Transport Police,British Transport Police,0.164896,51.866799,On or near Bishops Stortford (Station),E01035595,East Hertfordshire 007H,Theft from the person,,
,2023-07,British Transport Police,British Transport Police,0.164896,51.866799,On or near Bishops Stortford (Station),E01035595,East Hertfordshire 007H,Vehicle crime,,
,2023-07,British Transport Police,British Transport Police,0.164896,51.866799,On or near Bishops Stortford (Station),E01035595,East Hertfordshire 007H,Vehicle crime,,
,2023-07,British Transport Police,British Transport Police,0.164896,51.866799,On or near Bishops Stortford (Station),E01035595,East Hertfordshire 007H,Violence and sexual offences,,
,2023-07,British Transport Police,British Transport Police,0.164896,51.866799,On or near Bishops Stortford (Station),E01035595,East Hertfordshire 007H,Violence and sexual offences,,
,2023-07,British Transport Police,British Transport Police,-0.119358,51.856372,On or near Watton-At-Stone (Station),E01033609,East Hertfordshire 010E,Violence and sexual offences,,
,2023-07,British Transport Police,British Transport Police,0.160369,51.814375,On or near Sawbridgeworth (Station),E01023502,East Hertfordshire 011D,Bicycle theft,,
,2023-07,British Transport Police,British Transport Police,0.160369,51.814375,On or near Sawbridgeworth (Station),E01023502,East Hertfordshire 011D,Bicycle theft,,
,2023-07,British Transport Police,British Transport Police,0.160369,51.814375,On or near Sawbridgeworth (Station),E01023502,East Hertfordshire 011D,Theft from the person,,
,2023-07,British Transport Police,British Transport Police,-0.028793,51.808023,On or near Ware (Station),E01023511,East Hertfordshire 013B,Bicycle theft,,
,2023-07,British Transport Police,British Transport Police,-0.028793,51.808023,On or near Ware (Station),E01023511,East Hertfordshire 013B,Criminal damage and arson,,
,2023-07,British Transport Police,British Transport Police,-0.028793,51.808023,On or near Ware (Station),E01023511,East Hertfordshire 013B,Other theft,,
,2023-07,British Transport Police,British Transport Police,-0.091894,51.798759,On or near Hertford North (Station),E01023479,East Hertfordshire 017E,Bicycle theft,,
,2023-07,British Transport Police,British Transport Police,-0.091894,51.798759,On or near Hertford North (Station),E01023479,East Hertfordshire 017E,Other theft,,
,2023-07,British Transport Police,British Transport Police,-0.072893,51.799151,On or near Hertford East (Station),E01035596,East Hertfordshire 017F,Bicycle theft,,
,2023-07,British Transport Police,British Transport Police,-0.072893,51.799151,On or near Hertford East (Station),E01035596,East Hertfordshire 017F,Robbery,,
,2023-07,British Transport Police,British Transport Police,-0.072893,51.799151,On or near Hertford East (Station),E01035596,East Hertfordshire 017F,Shoplifting,,
,2023-07,British Transport Police,British Transport Police,-0.072893,51.799151,On or near Hertford East (Station),E01035596,East Hertfordshire 017F,Theft from the person,,
,2023-07,British Transport Police,British Transport Police,-1.363077,50.950996,On or near Southampton Airport (Parkway) (Station),E01035437,Eastleigh 006J,Bicycle theft,,
,2023-07,British Transport Police,British Transport Police,-1.363077,50.950996,On or near Southampton Airport (Parkway) (Station),E01035437,Eastleigh 006J,Bicycle theft,,
,2023-07,British Transport Police,British Transport Police,-1.363077,50.950996,On or near Southampton Airport (Parkway) (Station),E01035437,Eastleigh 006J,Criminal damage and arson,,
,2023-07,British Transport Police,British Transport Police,-1.363077,50.950996,On or near Southampton Airport (Parkway) (Station),E01035437,Eastleigh 006J,Vehicle crime,,
,2023-07,British Transport Police,British Transport Police,-1.350086,50.969114,On or near Eastleigh (Station),E01022671,Eastleigh 007D,Bicycle theft,,
,2023-07,British Transport Police,British Transport Police,-1.350086,50.969114,On or near Eastleigh (Station),E01022671,Eastleigh 007D,Bicycle theft,,
,2023-07,British Transport Police,British Transport Police,-1.350086,50.969114,On or near Eastleigh (Station),E01022671,Eastleigh 007D,Bicycle theft,,
,2023-07,British Transport Police,British Transport Police,-1.350086,50.969114,On or near Eastleigh (Station),E01022671,Eastleigh 007D,Bicycle theft,,
,2023-07,British Transport Police,British Transport Police,-1.350086,50.969114,On or near Eastleigh (Station),E01022671,Eastleigh 007D,Criminal damage and arson,,
,2023-07,British Transport Police,British Transport Police,-1.350086,50.969114,On or near Eastleigh (Station),E01022671,Eastleigh 007D,Criminal damage and arson,,
,2023-07,British Transport Police,British Transport Police,-1.350086,50.969114,On or near Eastleigh (Station),E01022671,Eastleigh 007D,Criminal damage and arson,,
,2023-07,British Transport Police,British Transport Police,-1.350086,50.969114,On or near Eastleigh (Station),E01022671,Eastleigh 007D,Criminal damage and arson,,
,2023-07,British Transport Police,British Transport Police,-1.341846,50.874873,On or near Netley (Station),E01022712,Eastleigh 014C,Violence and sexual offences,,
,2023-07,British Transport Police,British Transport Police,-1.328467,50.871298,On or near Hamble (Station),E01022689,Eastleigh 015B,Criminal damage and arson,,
,2023-07,British Transport Police,British Transport Police,0.334854,53.143440,On or near Skegness (Station),E01026093,East Lindsey 014B,Vehicle crime,,
,2023-07,British Transport Police,British Transport Police,-0.199300,54.084167,On or near Bridlington (Station),E01012948,East Riding of Yorkshire 005C,Violence and sexual offences,,
,2023-07,British Transport Police,British Transport Police,-0.423471,53.841470,On or near Beverley (Station),E01013036,East Riding of Yorkshire 019A,Bicycle theft,,
,2023-07,British Transport Police,British Transport Police,-0.423471,53.841470,On or near Beverley (Station),E01013036,East Riding of Yorkshire 019A,Public order,,
,2023-07,British Transport Police,British Transport Police,-0.406438,53.781548,On or near Cottingham (Station),E01012962,East Riding of Yorkshire 023D,Bicycle theft,,
,2023-07,British Transport Police,British Transport Police,-0.406438,53.781548,On or near Cottingham (Station),E01012962,East Riding of Yorkshire 023D,Criminal damage and arson,,
,2023-07,British Transport Police,British Transport Police,-0.406438,53.781548,On or near Cottingham (Station),E01012962,East Riding of Yorkshire 023D,Violence and sexual offences,,
,2023-07,British Transport Police,British Transport Police,-0.875100,53.704608,On or near Goole (Station),E01013001,East Riding of Yorkshire 040D,Other theft,,
,2023-07,British Transport Police,British Transport Police,-0.875100,53.704608,On or near Goole (Station),E01013001,East Riding of Yorkshire 040D,Public order,,
,2023-07,British Transport Police,British Transport Police,-1.028233,53.693085,On or near Snaith (Station),E01013073,East Riding of Yorkshire 042B,Vehicle crime,,
,2023-07,British Transport Police,British Transport Police,-0.436260,54.000093,On or near Driffield (Station),E01012980,East Riding of Yorkshire 045C,Public order,,
,2023-07,British Transport Police,British Transport Police,1.749614,52.474367,On or near Lowestoft (Station),E01030250,East Suffolk 004D,Other theft,,
,2023-07,British Transport Police,British Transport Police,1.749614,52.474367,On or near Lowestoft (Station),E01030250,East Suffolk 004D,Violence and sexual offences,,
,2023-07,British Transport Police,British Transport Police,1.319821,51.976637,On or near Trimley (Station),E01030216,East Suffolk 027D,Other theft,,
,2023-07,British Transport Police,British Transport Police,-2.758570,54.661762,On or near Penrith (Station),E01019335,Eden 003D,Public order,,
,2023-07,British Transport Police,British Transport Police,-2.758570,54.661762,On or near Penrith (Station),E01019335,Eden 003D,Public order,,
,2023-07,British Transport Police,British Transport Police,-0.342754,51.402394,On or near Hampton Court (Station),E01030326,Elmbridge 002A,Violence and sexual offences,,
,2023-07,British Transport Police,British Transport Police,-0.352834,51.379902,On or near Esher (Station),E01030321,Elmbridge 009C,Bicycle theft,,
,2023-07,British Transport Police,British Transport Police,-0.352834,51.379902,On or near Esher (Station),E01030321,Elmbridge 009C,Bicycle theft,,
,2023-07,British Transport Police,British Transport Police,-0.352834,51.379902,On or near Esher (Station),E01030321,Elmbridge 009C,Public order,,
,2023-07,British Transport Police,British Transport Police,-0.352834,51.379902,On or near Esher (Station),E01030321,Elmbridge 009C,Violence and sexual offences,,
,2023-07,British Transport Police,British Transport Police,-0.414403,51.372980,On or near Walton-On-Thames (Station),E01030366,Elmbridge 010C,Bicycle theft,,
,2023-07,British Transport Police,British Transport Police,-0.414403,51.372980,On or near Walton-On-Thames (Station),E01030366,Elmbridge 010C,Bicycle theft,,
,2023-07,British Transport Police,British Transport Police,-0.414403,51.372980,On or near Walton-On-Thames (Station),E01030366,Elmbridge 010C,Public order,,
,2023-07,British Transport Police,British Transport Police,-0.414403,51.372980,On or near Walton-On-Thames (Station),E01030366,Elmbridge 010C,Violence and sexual offences,,
,2023-07,British Transport Police,British Transport Police,-0.414403,51.372980,On or near Walton-On-Thames (Station),E01030366,Elmbridge 010C,Violence and sexual offences,,
,2023-07,British Transport Police,British Transport Police,-0.459667,51.360798,On or near Weybridge (Station),E01030376,Elmbridge 012F,Criminal damage and arson,,
,2023-07,British Transport Police,British Transport Police,-0.459667,51.360798,On or near Weybridge (Station),E01030376,Elmbridge 012F,Criminal damage and arson,,
,2023-07,British Transport Police,British Transport Police,-0.389376,51.318065,On or near Cobham And Stoke D'Abernon (Station),E01030343,Elmbridge 018C,Bicycle theft,,
,2023-07,British Transport Police,British Transport Police,-0.389376,51.318065,On or near Cobham And Stoke D'Abernon (Station),E01030343,Elmbridge 018C,Criminal damage and arson,,
,2023-07,British Transport Police,British Transport Police,-0.389376,51.318065,On or near Cobham And Stoke D'Abernon (Station),E01030343,Elmbridge 018C,Public order,,
,2023-07,British Transport Police,British Transport Police,-0.389376,51.318065,On or near Cobham And Stoke D'Abernon (Station),E01030343,Elmbridge 018C,Vehicle crime,,
,2023-07,British Transport Police,British Transport Police,-0.389376,51.318065,On or near Cobham And Stoke D'Abernon (Station),E01030343,Elmbridge 018C,Vehicle crime,,
,2023-07,British Transport Police,British Transport Police,-0.362420,51.336386,On or near Oxshott (Station),E01030344,Elmbridge 018D,Bicycle theft,,
,2023-07,British Transport Police,British Transport Police,-0.362420,51.336386,On or near Oxshott (Station),E01030344,Elmbridge 018D,Bicycle theft,,
,2023-07,British Transport Police,British Transport Police,-0.362420,51.336386,On or near Oxshott (Station),E01030344,Elmbridge 018D,Bicycle theft,,
,2023-07,British Transport Police,British Transport Police,-0.362420,51.336386,On or near Oxshott (Station),E01030344,Elmbridge 018D,Violence and sexual offences,,
,2023-07,British Transport Police,British Transport Police,-0.028464,51.670840,On or near Enfield Lock (Station),E01001449,Enfield 003E,Robbery,,
,2023-07,British Transport Police,British Transport Police,-0.028464,51.670840,On or near Enfield Lock (Station),E01001449,Enfield 003E,Violence and sexual offences,,
,2023-07,British Transport Police,British Transport Police,-0.031017,51.655308,On or near Brimsdown (Station),E01001438,Enfield 007E,Other theft,,
,2023-07,British Transport Police,British Transport Police,-0.094257,51.663833,On or near Gordon Hill (Station),E01001540,Enfield 008C,Criminal damage and arson,,
,2023-07,British Transport Police,British Transport Police,-0.090900,51.653230,On or near Enfield Chase (Station),E01001457,Enfield 010A,Violence and sexual offences,,
,2023-07,British Transport Police,British Transport Police,-0.149442,51.651603,On or near Cockfosters (Lu Station),E01001415,Enfield 011A,Other theft,,
,2023-07,British Transport Police,British Transport Police,-0.149442,51.651603,On or near Cockfosters (Lu Station),E01001415,Enfield 011A,Theft from the person,,
,2023-07,British Transport Police,British Transport Police,-0.149442,51.651603,On or near Cockfosters (Lu Station),E01001415,Enfield 011A,Theft from the person,,
,2023-07,British Transport Police,British Transport Police,-0.149442,51.651603,On or near Cockfosters (Lu Station),E01001415,Enfield 011A,Theft from the person,,
,2023-07,British Transport Police,British Transport Police,-0.149442,51.651603,On or near Cockfosters (Lu Station),E01001415,Enfield 011A,Violence and sexual offences,,
,2023-07,British Transport Police,British Transport Police,-0.176427,51.668653,On or near Hadley Wood (Station),E01001422,Enfield 011D,Other theft,,
,2023-07,British Transport Police,British Transport Police,-0.052415,51.648883,On or near Southbury (Station),E01001513,Enfield 012F,Theft from the person,,
,2023-07,British Transport Police,British Transport Police,-0.069162,51.641553,On or near Bush Hill Park (Station),E01001406,Enfield 015B,Other theft,,
,2023-07,British Transport Police,British Transport Police,-0.069162,51.641553,On or near Bush Hill Park (Station),E01001406,Enfield 015B,Public order,,
,2023-07,British Transport Police,British Transport Police,-0.079366,51.652141,On or near Enfield Town (Station),E01001450,Enfield 015C,Other theft,,
,2023-07,British Transport Police,British Transport Police,-0.079366,51.652141,On or near Enfield Town (Station),E01001450,Enfield 015C,Possession of weapons,,
,2023-07,British Transport Police,British Transport Police,-0.079366,51.652141,On or near Enfield Town (Station),E01001450,Enfield 015C,Public order,,
,2023-07,British Transport Police,British Transport Police,-0.079366,51.652141,On or near Enfield Town (Station),E01001450,Enfield 015C,Violence and sexual offences,,
,2023-07,British Transport Police,British Transport Police,-0.131869,51.647603,On or near Oakwood (Lu Station),E01001419,Enfield 020A,Other theft,,
,2023-07,British Transport Police,British Transport Police,-0.131869,51.647603,On or near Oakwood (Lu Station),E01001419,Enfield 020A,Vehicle crime,,
,2023-07,British Transport Police,British Transport Police,-0.127846,51.632288,On or near Southgate (Lu Station),E01033927,Enfield 020F,Other theft,,
,2023-07,British Transport Police,British Transport Police,-0.127846,51.632288,On or near Southgate (Lu Station),E01033927,Enfield 020F,Public order,,
,2023-07,British Transport Police,British Transport Police,-0.127846,51.632288,On or near Southgate (Lu Station),E01033927,Enfield 020F,Theft from the person,,
,2023-07,British Transport Police,British Transport Police,-0.067151,51.614732,On or near Silver Street (Station),E01001425,Enfield 027B,Robbery,,
,2023-07,British Transport Police,British Transport Police,-0.067151,51.614732,On or near Silver Street (Station),E01001425,Enfield 027B,Violence and sexual offences,,
,2023-07,British Transport Police,British Transport Police,-0.060999,51.624916,On or near Edmonton Green (Station),E01001429,Enfield 030D,Bicycle theft,,
,2023-07,British Transport Police,British Transport Police,-0.060999,51.624916,On or near Edmonton Green (Station),E01001429,Enfield 030D,Other theft,,
,2023-07,British Transport Police,British Transport Police,-0.060999,51.624916,On or near Edmonton Green (Station),E01001429,Enfield 030D,Public order,,
,2023-07,British Transport Police,British Transport Police,-0.133412,51.616369,On or near Arnos Grove (Lu Station),E01001534,Enfield 032E,Other theft,,
,2023-07,British Transport Police,British Transport Police,0.036166,51.775515,On or near Roydon (Station),E01021801,Epping Forest 002E,Criminal damage and arson,,
,2023-07,British Transport Police,British Transport Police,0.113871,51.693741,On or near Epping (Lu Station),E01021757,Epping Forest 006B,Bicycle theft,,
,2023-07,British Transport Police,British Transport Police,0.113871,51.693741,On or near Epping (Lu Station),E01021757,Epping Forest 006B,Criminal damage and arson,,
,2023-07,British Transport Police,British Transport Police,0.113871,51.693741,On or near Epping (Lu Station),E01021757,Epping Forest 006B,Vehicle crime,,
,2023-07,British Transport Police,British Transport Police,0.113871,51.693741,On or near Epping (Lu Station),E01021757,Epping Forest 006B,Vehicle crime,,
,2023-07,British Transport Police,British Transport Police,0.113871,51.693741,On or near Epping (Lu Station),E01021757,Epping Forest 006B,Vehicle crime,,
,2023-07,British Transport Police,British Transport Police,0.113871,51.693741,On or near Epping (Lu Station),E01021757,Epping Forest 006B,Vehicle crime,,
,2023-07,British Transport Police,British Transport Police,0.083743,51.645484,On or near Debden (Lu Station),E01021776,Epping Forest 011C,Criminal damage and arson,,
,2023-07,British Transport Police,British Transport Police,0.083743,51.645484,On or near Debden (Lu Station),E01021776,Epping Forest 011C,Other theft,,
,2023-07,British Transport Police,British Transport Police,0.043818,51.617141,On or near Loughton (Lu Station),E01021744,Epping Forest 015C,Criminal damage and arson,,
,2023-07,British Transport Police,British Transport Police,0.043818,51.617141,On or near Loughton (Lu Station),E01021744,Epping Forest 015C,Criminal damage and arson,,
,2023-07,British Transport Police,British Transport Police,0.043818,51.617141,On or near Loughton (Lu Station),E01021744,Epping Forest 015C,Criminal damage and arson,,
,2023-07,British Transport Police,British Transport Police,0.043818,51.617141,On or near Loughton (Lu Station),E01021744,Epping Forest 015C,Other theft,,
,2023-07,British Transport Police,British Transport Police,0.043818,51.617141,On or near Loughton (Lu Station),E01021744,Epping Forest 015C,Public order,,
,2023-07,British Transport Police,British Transport Police,0.043818,51.617141,On or near Loughton (Lu Station),E01021744,Epping Forest 015C,Theft from the person,,
,2023-07,British Transport Police,British Transport Police,0.043818,51.617141,On or near Loughton (Lu Station),E01021744,Epping Forest 015C,Vehicle crime,,
,2023-07,British Transport Police,British Transport Police,0.043818,51.617141,On or near Loughton (Lu Station),E01021744,Epping Forest 015C,Vehicle crime,,
,2023-07,British Transport Police,British Transport Police,0.043818,51.617141,On or near Loughton (Lu Station),E01021744,Epping Forest 015C,Violence and sexual offences,,
,2023-07,British Transport Police,British Transport Police,0.043818,51.617141,On or near Loughton (Lu Station),E01021744,Epping Forest 015C,Violence and sexual offences,,
,2023-07,British Transport Police,British Transport Police,0.043818,51.617141,On or near Loughton (Lu Station),E01021744,Epping Forest 015C,Violence and sexual offences,,
,2023-07,British Transport Police,British Transport Police,0.043818,51.617141,On or near Loughton (Lu Station),E01021744,Epping Forest 015C,Violence and sexual offences,,
,2023-07,British Transport Police,British Transport Police,0.046713,51.627118,On or near Buckhurst Hill (Lu Station),E01021747,Epping Forest 015F,Bicycle theft,,
,2023-07,British Transport Police,British Transport Police,-0.269798,51.334335,On or near Epsom (Station),E01034289,Epsom and Ewell 008E,Bicycle theft,,
,2023-07,British Transport Police,British Transport Police,-0.269798,51.334335,On or near Epsom (Station),E01034289,Epsom and Ewell 008E,Criminal damage and arson,,
,2023-07,British Transport Police,British Transport Police,-0.269798,51.334335,On or near Epsom (Station),E01034289,Epsom and Ewell 008E,Other theft,,
,2023-07,British Transport Police,British Transport Police,-0.269798,51.334335,On or near Epsom (Station),E01034289,Epsom and Ewell 008E,Other theft,,
,2023-07,British Transport Police,British Transport Police,-0.269798,51.334335,On or near Epsom (Station),E01034289,Epsom and Ewell 008E,Public order,,
,2023-07,British Transport Police,British Transport Police,-0.269798,51.334335,On or near Epsom (Station),E01034289,Epsom and Ewell 008E,Public order,,
,2023-07,British Transport Police,British Transport Police,-0.269798,51.334335,On or near Epsom (Station),E01034289,Epsom and Ewell 008E,Public order,,
,2023-07,British Transport Police,British Transport Police,-0.256909,51.350204,On or near Ewell West (Station),E01030390,Epsom and Ewell 010B,Bicycle theft,,
,2023-07,British Transport Police,British Transport Police,-0.241573,51.345300,On or near Ewell East (Station),E01030396,Epsom and Ewell 010D,Public order,,
,2023-07,British Transport Police,British Transport Police,-3.533990,50.725712,On or near Exeter Central (Station),E01020017,Exeter 008D,Criminal damage and arson,,
,2023-07,British Transport Police,British Transport Police,-3.533990,50.725712,On or near Exeter Central (Station),E01020017,Exeter 008D,Other theft,,
,2023-07,British Transport Police,British Transport Police,-3.533990,50.725712,On or near Exeter Central (Station),E01020017,Exeter 008D,Public order,,
,2023-07,British Transport Police,British Transport Police,-3.543711,50.727983,On or near Exeter St  David'S (Station),E01020017,Exeter 008D,Violence and sexual offences,,
,2023-07,British Transport Police,British Transport Police,-3.463955,50.685744,On or near Topsham (Station),E01033235,Exeter 015E,Violence and sexual offences,,
,2023-07,British Transport Police,British Transport Police,-1.265132,50.875634,On or near Swanwick (Station),E01022754,Fareham 002C,Bicycle theft,,
,2023-07,British Transport Police,British Transport Police,-1.265132,50.875634,On or near Swanwick (Station),E01022754,Fareham 002C,Other theft,,
,2023-07,British Transport Police,British Transport Police,-1.265132,50.875634,On or near Swanwick (Station),E01022754,Fareham 002C,Public order,,
,2023-07,British Transport Police,British Transport Police,-1.193130,50.852905,On or near Fareham (Station),E01022727,Fareham 004D,Bicycle theft,,
,2023-07,British Transport Police,British Transport Police,-1.193130,50.852905,On or near Fareham (Station),E01022727,Fareham 004D,Bicycle theft,,
,2023-07,British Transport Police,British Transport Police,-1.193130,50.852905,On or near Fareham (Station),E01022727,Fareham 004D,Bicycle theft,,
,2023-07,British Transport Police,British Transport Police,-1.193130,50.852905,On or near Fareham (Station),E01022727,Fareham 004D,Public order,,
,2023-07,British Transport Police,British Transport Police,-1.193130,50.852905,On or near Fareham (Station),E01022727,Fareham 004D,Violence and sexual offences,,
,2023-07,British Transport Police,British Transport Police,0.090924,52.559675,On or near March (Station),E01018084,Fenland 005D,Violence and sexual offences,,
,2023-07,British Transport Police,British Transport Police,-3.038425,53.212557,On or near Shotton (Station),W01000337,Flintshire 009F,Violence and sexual offences,,
,2023-07,British Transport Police,British Transport Police,-3.037225,53.116984,On or near Hope (Clwyd) (Station),W01000307,Flintshire 020B,Public order,,
,2023-07,British Transport Police,British Transport Police,1.154025,51.084594,On or near Folkestone West (Station),E01024514,Folkestone and Hythe 006D,Violence and sexual offences,,
,2023-07,British Transport Police,British Transport Police,1.066203,51.090411,On or near Sandling (Station),E01024550,Folkestone and Hythe 008D,Criminal damage and arson,,
,2023-07,British Transport Police,British Transport Police,1.168535,51.082814,On or near Folkestone Central (Station),E01024517,Folkestone and Hythe 015D,Criminal damage and arson,,
,2023-07,British Transport Police,British Transport Police,1.168535,51.082814,On or near Folkestone Central (Station),E01024517,Folkestone and Hythe 015D,Violence and sexual offences,,
,2023-07,British Transport Police,British Transport Police,1.168535,51.082814,On or near Folkestone Central (Station),E01024517,Folkestone and Hythe 015D,Violence and sexual offences,,
,2023-07,British Transport Police,British Transport Police,-2.530893,51.714180,On or near Lydney (Station),E01022226,Forest of Dean 009A,Bicycle theft,,
,2023-07,British Transport Police,British Transport Police,-2.883332,53.786876,On or near Kirkham & Wesham (Station),E01025013,Fylde 002F,Bicycle theft,,
,2023-07,British Transport Police,British Transport Police,-2.883332,53.786876,On or near Kirkham & Wesham (Station),E01025013,Fylde 002F,Drugs,,
,2023-07,British Transport Police,British Transport Police,-2.883332,53.786876,On or near Kirkham & Wesham (Station),E01025013,Fylde 002F,Other theft,,
,2023-07,British Transport Police,British Transport Police,-3.050099,53.777109,On or near Squires Gate (Station),E01025024,Fylde 004D,Criminal damage and arson,,
,2023-07,British Transport Police,British Transport Police,-2.238370,51.865520,On or near Gloucester (Station),E01022311,Gloucester 002C,Other theft,,
,2023-07,British Transport Police,British Transport Police,-2.238370,51.865520,On or near Gloucester (Station),E01022311,Gloucester 002C,Public order,,
,2023-07,British Transport Police,British Transport Police,-2.238370,51.865520,On or near Gloucester (Station),E01022311,Gloucester 002C,Public order,,
,2023-07,British Transport Police,British Transport Police,-2.238370,51.865520,On or near Gloucester (Station),E01022311,Gloucester 002C,Public order,,
,2023-07,British Transport Police,British Transport Police,-2.238370,51.865520,On or near Gloucester (Station),E01022311,Gloucester 002C,Public order,,
,2023-07,British Transport Police,British Transport Police,-2.238370,51.865520,On or near Gloucester (Station),E01022311,Gloucester 002C,Violence and sexual offences,,
,2023-07,British Transport Police,British Transport Police,0.324349,51.445873,On or near Northfleet (Station),E01024278,Gravesham 001C,Public order,,
,2023-07,British Transport Police,British Transport Police,0.365838,51.441094,On or near Gravesend (Station),E01032799,Gravesham 002F,Bicycle theft,,
,2023-07,British Transport Police,British Transport Police,0.365838,51.441094,On or near Gravesend (Station),E01032799,Gravesham 002F,Other theft,,
,2023-07,British Transport Police,British Transport Police,0.365838,51.441094,On or near Gravesend (Station),E01032799,Gravesham 002F,Violence and sexual offences,,
,2023-07,British Transport Police,British Transport Police,0.365838,51.441094,On or near Gravesend (Station),E01032799,Gravesham 002F,Violence and sexual offences,,
,2023-07,British Transport Police,British Transport Police,0.365838,51.441094,On or near Gravesend (Station),E01032799,Gravesham 002F,Violence and sexual offences,,
,2023-07,British Transport Police,British Transport Police,0.466348,51.426529,On or near Higham (Station),E01024267,Gravesham 010C,Bicycle theft,,
,2023-07,British Transport Police,British Transport Police,0.466348,51.426529,On or near Higham (Station),E01024267,Gravesham 010C,Criminal damage and arson,,
,2023-07,British Transport Police,British Transport Police,0.357621,51.386358,On or near Meopham (Station),E01024270,Gravesham 012C,Vehicle crime,,
,2023-07,British Transport Police,British Transport Police,0.119609,51.490889,On or near Abbey Wood (Station),E01001578,Greenwich 003D,Drugs,,
,2023-07,British Transport Police,British Transport Police,0.119609,51.490889,On or near Abbey Wood (Station),E01001578,Greenwich 003D,Other theft,,
,2023-07,British Transport Police,British Transport Police,0.119609,51.490889,On or near Abbey Wood (Station),E01001578,Greenwich 003D,Other theft,,
,2023-07,British Transport Police,British Transport Police,0.119609,51.490889,On or near Abbey Wood (Station),E01001578,Greenwich 003D,Public order,,
,2023-07,British Transport Police,British Transport Police,0.119609,51.490889,On or near Abbey Wood (Station),E01001578,Greenwich 003D,Public order,,
,2023-07,British Transport Police,British Transport Police,0.119609,51.490889,On or near Abbey Wood (Station),E01001578,Greenwich 003D,Robbery,,
,2023-07,British Transport Police,British Transport Police,0.119609,51.490889,On or near Abbey Wood (Station),E01001578,Greenwich 003D,Shoplifting,,
,2023-07,British Transport Police,British Transport Police,0.119609,51.490889,On or near Abbey Wood (Station),E01001578,Greenwich 003D,Shoplifting,,
,2023-07,British Transport Police,British Transport Police,0.119609,51.490889,On or near Abbey Wood (Station),E01001578,Greenwich 003D,Shoplifting,,
,2023-07,British Transport Police,British Transport Police,0.119609,51.490889,On or near Abbey Wood (Station),E01001578,Greenwich 003D,Violence and sexual offences,,
,2023-07,British Transport Police,British Transport Police,0.119609,51.490889,On or near Abbey Wood (Station),E01001578,Greenwich 003D,Violence and sexual offences,,
,2023-07,British Transport Police,British Transport Police,0.055101,51.491278,On or near Woolwich Dockyard (Station),E01001705,Greenwich 005A,Public order,,
,2023-07,British Transport Police,British Transport Police,0.084682,51.489809,On or near Plumstead (Station),E01001631,Greenwich 007B,Criminal damage and arson,,
,2023-07,British Transport Police,British Transport Police,0.084682,51.489809,On or near Plumstead (Station),E01001631,Greenwich 007B,Criminal damage and arson,,
,2023-07,British Transport Police,British Transport Police,0.084682,51.489809,On or near Plumstead (Station),E01001631,Greenwich 007B,Public order,,
,2023-07,British Transport Police,British Transport Police,0.084682,51.489809,On or near Plumstead (Station),E01001631,Greenwich 007B,Theft from the person,,
,2023-07,British Transport Police,British Transport Police,0.068914,51.489610,On or near Woolwich Arsenal (Station),E01001696,Greenwich 011B,Criminal damage and arson,,
,2023-07,British Transport Police,British Transport Police,0.068914,51.489610,On or near Woolwich Arsenal (Station),E01001696,Greenwich 011B,Criminal damage and arson,,
,2023-07,British Transport Police,British Transport Police,0.068914,51.489610,On or near Woolwich Arsenal (Station),E01001696,Greenwich 011B,Criminal damage and arson,,
,2023-07,British Transport Police,British Transport Police,0.068914,51.489610,On or near Woolwich Arsenal (Station),E01001696,Greenwich 011B,Drugs,,
,2023-07,British Transport Police,British Transport Police,0.068914,51.489610,On or near Woolwich Arsenal (Station),E01001696,Greenwich 011B,Other theft,,
,2023-07,British Transport Police,British Transport Police,0.068914,51.489610,On or near Woolwich Arsenal (Station),E01001696,Greenwich 011B,Other theft,,
,2023-07,British Transport Police,British Transport Police,0.068914,51.489610,On or near Woolwich Arsenal (Station),E01001696,Greenwich 011B,Other theft,,
,2023-07,British Transport Police,British Transport Police,0.068914,51.489610,On or near Woolwich Arsenal (Station),E01001696,Greenwich 011B,Public order,,
,2023-07,British Transport Police,British Transport Police,0.068914,51.489610,On or near Woolwich Arsenal (Station),E01001696,Greenwich 011B,Vehicle crime,,
,2023-07,British Transport Police,British Transport Police,0.068914,51.489610,On or near Woolwich Arsenal (Station),E01001696,Greenwich 011B,Vehicle crime,,
,2023-07,British Transport Police,British Transport Police,0.068914,51.489610,On or near Woolwich Arsenal (Station),E01001696,Greenwich 011B,Violence and sexual offences,,
,2023-07,British Transport Police,British Transport Police,0.068914,51.489610,On or near Woolwich Arsenal (Station),E01001696,Greenwich 011B,Violence and sexual offences,,
,2023-07,British Transport Police,British Transport Police,0.068914,51.489610,On or near Woolwich Arsenal (Station),E01001696,Greenwich 011B,Violence and sexual offences,,
,2023-07,British Transport Police,British Transport Police,0.051321,51.455329,On or near Eltham (Station),E01001604,Greenwich 027A,Criminal damage and arson,,
,2023-07,British Transport Police,British Transport Police,0.051321,51.455329,On or near Eltham (Station),E01001604,Greenwich 027A,Vehicle crime,,
,2023-07,British Transport Police,British Transport Police,0.049937,51.440268,On or near Mottingham (Station),E01001615,Greenwich 028C,Violence and sexual offences,,
,2023-07,British Transport Police,British Transport Police,0.070358,51.438117,On or near New Eltham (Station),E01001617,Greenwich 028D,Public order,,
,2023-07,British Transport Police,British Transport Police,0.070358,51.438117,On or near New Eltham (Station),E01001617,Greenwich 028D,Violence and sexual offences,,
,2023-07,British Transport Police,British Transport Police,0.027706,51.461718,On or near Kidbrooke (Station),E01034175,Greenwich 034G,Violence and sexual offences,,
,2023-07,British Transport Police,British Transport Police,-0.010967,51.481690,On or near Cutty Sark (Dlr),E01034179,Greenwich 035F,Public order,,
,2023-07,British Transport Police,British Transport Police,-0.010967,51.481690,On or near Cutty Sark (Dlr),E01034179,Greenwich 035F,Robbery,,
,2023-07,British Transport Police,British Transport Police,-0.010967,51.481690,On or near Cutty Sark (Dlr),E01034179,Greenwich 035F,Robbery,,
,2023-07,British Transport Police,British Transport Police,-0.010967,51.481690,On or near Cutty Sark (Dlr),E01034179,Greenwich 035F,Robbery,,
,2023-07,British Transport Police,British Transport Police,-0.010967,51.481690,On or near Cutty Sark (Dlr),E01034179,Greenwich 035F,Theft from the person,,
,2023-07,British Transport Police,British Transport Police,-0.015738,51.477958,On or near Greenwich (Station),E01034181,Greenwich 035H,Other theft,,
,2023-07,British Transport Police,British Transport Police,-0.015738,51.477958,On or near Greenwich (Station),E01034181,Greenwich 035H,Public order,,
,2023-07,British Transport Police,British Transport Police,-0.015738,51.477958,On or near Greenwich (Station),E01034181,Greenwich 035H,Public order,,
,2023-07,British Transport Police,British Transport Police,-0.015738,51.477958,On or near Greenwich (Station),E01034181,Greenwich 035H,Violence and sexual offences,,
,2023-07,British Transport Police,British Transport Police,0.003723,51.482681,On or near Maze Hill (Station),E01001664,Greenwich 037B,Criminal damage and arson,,
,2023-07,British Transport Police,British Transport Police,0.003528,51.500229,On or near North Greenwich (Lu Station),E01034188,Greenwich 040A,Bicycle theft,,
,2023-07,British Transport Police,British Transport Police,0.003528,51.500229,On or near North Greenwich (Lu Station),E01034188,Greenwich 040A,Drugs,,
,2023-07,British Transport Police,British Transport Police,0.003528,51.500229,On or near North Greenwich (Lu Station),E01034188,Greenwich 040A,Drugs,,
,2023-07,British Transport Police,British Transport Police,0.003528,51.500229,On or near North Greenwich (Lu Station),E01034188,Greenwich 040A,Drugs,,
,2023-07,British Transport Police,British Transport Police,0.003528,51.500229,On or near North Greenwich (Lu Station),E01034188,Greenwich 040A,Drugs,,
,2023-07,British Transport Police,British Transport Police,0.003528,51.500229,On or near North Greenwich (Lu Station),E01034188,Greenwich 040A,Other theft,,
,2023-07,British Transport Police,British Transport Police,0.003528,51.500229,On or near North Greenwich (Lu Station),E01034188,Greenwich 040A,Other theft,,
,2023-07,British Transport Police,British Transport Police,0.003528,51.500229,On or near North Greenwich (Lu Station),E01034188,Greenwich 040A,Public order,,
,2023-07,British Transport Police,British Transport Police,0.003528,51.500229,On or near North Greenwich (Lu Station),E01034188,Greenwich 040A,Public order,,
,2023-07,British Transport Police,British Transport Police,0.003528,51.500229,On or near North Greenwich (Lu Station),E01034188,Greenwich 040A,Robbery,,
,2023-07,British Transport Police,British Transport Police,0.003528,51.500229,On or near North Greenwich (Lu Station),E01034188,Greenwich 040A,Shoplifting,,
,2023-07,British Transport Police,British Transport Police,0.003528,51.500229,On or near North Greenwich (Lu Station),E01034188,Greenwich 040A,Theft from the person,,
,2023-07,British Transport Police,British Transport Police,0.003528,51.500229,On or near North Greenwich (Lu Station),E01034188,Greenwich 040A,Theft from the person,,
,2023-07,British Transport Police,British Transport Police,0.003528,51.500229,On or near North Greenwich (Lu Station),E01034188,Greenwich 040A,Theft from the person,,
,2023-07,British Transport Police,British Transport Police,0.003528,51.500229,On or near North Greenwich (Lu Station),E01034188,Greenwich 040A,Theft from the person,,
,2023-07,British Transport Police,British Transport Police,0.003528,51.500229,On or near North Greenwich (Lu Station),E01034188,Greenwich 040A,Vehicle crime,,
,2023-07,British Transport Police,British Transport Police,0.003528,51.500229,On or near North Greenwich (Lu Station),E01034188,Greenwich 040A,Violence and sexual offences,,
,2023-07,British Transport Police,British Transport Police,0.003528,51.500229,On or near North Greenwich (Lu Station),E01034188,Greenwich 040A,Violence and sexual offences,,
,2023-07,British Transport Police,British Transport Police,0.003528,51.500229,On or near North Greenwich (Lu Station),E01034188,Greenwich 040A,Violence and sexual offences,,
,2023-07,British Transport Police,British Transport Police,0.003528,51.500229,On or near North Greenwich (Lu Station),E01034188,Greenwich 040A,Violence and sexual offences,,
,2023-07,British Transport Police,British Transport Police,0.003528,51.500229,On or near North Greenwich (Lu Station),E01034188,Greenwich 040A,Violence and sexual offences,,
,2023-07,British Transport Police,British Transport Police,0.029073,51.486590,On or near Charlton (Station),E01001666,Greenwich 041G,Theft from the person,,
,2023-07,British Transport Police,British Transport Police,-0.721693,51.272208,On or near Ash Vale (Station),E01030428,Guildford 004C,Bicycle theft,,
,2023-07,British Transport Police,British Transport Police,-0.731184,51.275821,On or near North Camp (Station),E01030428,Guildford 004C,Bicycle theft,,
,2023-07,British Transport Police,British Transport Police,-0.721693,51.272208,On or near Ash Vale (Station),E01030428,Guildford 004C,Violence and sexual offences,,
,2023-07,British Transport Police,British Transport Police,-0.564754,51.240636,On or near London Road Guildford (Station),E01030455,Guildford 013E,Criminal damage and arson,,
,2023-07,British Transport Police,British Transport Police,-0.582769,51.236663,On or near Guildford (Station),E01030452,Guildford 015A,Bicycle theft,,
,2023-07,British Transport Police,British Transport Police,-0.582769,51.236663,On or near Guildford (Station),E01030452,Guildford 015A,Bicycle theft,,
,2023-07,British Transport Police,British Transport Police,-0.582769,51.236663,On or near Guildford (Station),E01030452,Guildford 015A,Criminal damage and arson,,
,2023-07,British Transport Police,British Transport Police,-0.582769,51.236663,On or near Guildford (Station),E01030452,Guildford 015A,Criminal damage and arson,,
,2023-07,British Transport Police,British Transport Police,-0.582769,51.236663,On or near Guildford (Station),E01030452,Guildford 015A,Criminal damage and arson,,
,2023-07,British Transport Police,British Transport Police,-0.582769,51.236663,On or near Guildford (Station),E01030452,Guildford 015A,Drugs,,
,2023-07,British Transport Police,British Transport Police,-0.582769,51.236663,On or near Guildford (Station),E01030452,Guildford 015A,Drugs,,
,2023-07,British Transport Police,British Transport Police,-0.582769,51.236663,On or near Guildford (Station),E01030452,Guildford 015A,Other theft,,
,2023-07,British Transport Police,British Transport Police,-0.582769,51.236663,On or near Guildford (Station),E01030452,Guildford 015A,Other theft,,
,2023-07,British Transport Police,British Transport Police,-0.582769,51.236663,On or near Guildford (Station),E01030452,Guildford 015A,Public order,,
,2023-07,British Transport Police,British Transport Police,-0.582769,51.236663,On or near Guildford (Station),E01030452,Guildford 015A,Public order,,
,2023-07,British Transport Police,British Transport Police,-0.582769,51.236663,On or near Guildford (Station),E01030452,Guildford 015A,Public order,,
,2023-07,British Transport Police,British Transport Police,-0.582769,51.236663,On or near Guildford (Station),E01030452,Guildford 015A,Shoplifting,,
,2023-07,British Transport Police,British Transport Police,-0.582769,51.236663,On or near Guildford (Station),E01030452,Guildford 015A,Theft from the person,,
,2023-07,British Transport Police,British Transport Police,-0.582769,51.236663,On or near Guildford (Station),E01030452,Guildford 015A,Violence and sexual offences,,
,2023-07,British Transport Police,British Transport Police,-0.582769,51.236663,On or near Guildford (Station),E01030452,Guildford 015A,Violence and sexual offences,,
,2023-07,British Transport Police,British Transport Police,-0.582769,51.236663,On or near Guildford (Station),E01030452,Guildford 015A,Violence and sexual offences,,
,2023-07,British Transport Police,British Transport Police,-0.582769,51.236663,On or near Guildford (Station),E01030452,Guildford 015A,Violence and sexual offences,,
,2023-07,British Transport Police,British Transport Police,-0.441735,51.219478,On or near Gomshall (Station),E01030492,Guildford 018C,Vehicle crime,,
,2023-07,British Transport Police,British Transport Police,-4.135435,53.223005,On or near Bangor (Station),W01000092,Gwynedd 001E,Criminal damage and arson,,
,2023-07,British Transport Police,British Transport Police,-4.135435,53.223005,On or near Bangor (Station),W01000092,Gwynedd 001E,Criminal damage and arson,,
,2023-07,British Transport Police,British Transport Police,-4.135435,53.223005,On or near Bangor (Station),W01000092,Gwynedd 001E,Drugs,,
,2023-07,British Transport Police,British Transport Police,-4.135435,53.223005,On or near Bangor (Station),W01000092,Gwynedd 001E,Public order,,
,2023-07,British Transport Police,British Transport Police,-4.135435,53.223005,On or near Bangor (Station),W01000092,Gwynedd 001E,Violence and sexual offences,,
,2023-07,British Transport Police,British Transport Police,-4.135418,52.930563,On or near Porthmadog (Station),W01000106,Gwynedd 010D,Criminal damage and arson,,
,2023-07,British Transport Police,British Transport Police,-4.416914,52.887992,On or near Pwllheli (Station),W01000108,Gwynedd 012D,Violence and sexual offences,,
,2023-07,British Transport Police,British Transport Police,-4.093287,52.585446,On or near Tywyn (Station),W01000116,Gwynedd 017D,Violence and sexual offences,,
,2023-07,British Transport Police,British Transport Police,-0.095947,51.570699,On or near Manor House (Lu Station),E01001714,Hackney 002A,Bicycle theft,,
,2023-07,British Transport Police,British Transport Police,-0.095947,51.570699,On or near Manor House (Lu Station),E01001714,Hackney 002A,Public order,,
,2023-07,British Transport Police,British Transport Police,-0.095947,51.570699,On or near Manor House (Lu Station),E01001714,Hackney 002A,Theft from the person,,
,2023-07,British Transport Police,British Transport Police,-0.095947,51.570699,On or near Manor House (Lu Station),E01001714,Hackney 002A,Theft from the person,,
,2023-07,British Transport Police,British Transport Police,-0.095947,51.570699,On or near Manor House (Lu Station),E01001714,Hackney 002A,Violence and sexual offences,,
,2023-07,British Transport Police,British Transport Police,-0.060679,51.548828,On or near Hackney Downs (Station),E01001761,Hackney 016F,Theft from the person,,
,2023-07,British Transport Police,British Transport Police,-0.056865,51.547117,On or near Hackney Central (Station),E01001760,Hackney 017C,Criminal damage and arson,,
,2023-07,British Transport Police,British Transport Police,-0.056865,51.547117,On or near Hackney Central (Station),E01001760,Hackney 017C,Other theft,,
,2023-07,British Transport Police,British Transport Police,-0.056865,51.547117,On or near Hackney Central (Station),E01001760,Hackney 017C,Public order,,
,2023-07,British Transport Police,British Transport Police,-0.056865,51.547117,On or near Hackney Central (Station),E01001760,Hackney 017C,Public order,,
,2023-07,British Transport Police,British Transport Police,-0.056865,51.547117,On or near Hackney Central (Station),E01001760,Hackney 017C,Theft from the person,,
,2023-07,British Transport Police,British Transport Police,-0.056865,51.547117,On or near Hackney Central (Station),E01001760,Hackney 017C,Violence and sexual offences,,
,2023-07,British Transport Police,British Transport Police,-0.024021,51.543512,On or near Hackney Wick (Station),E01001849,Hackney 018D,Theft from the person,,
,2023-07,British Transport Police,British Transport Police,-0.024021,51.543512,On or near Hackney Wick (Station),E01001849,Hackney 018D,Violence and sexual offences,,
,2023-07,British Transport Police,British Transport Police,-0.042247,51.546956,On or near Homerton (Station),E01001729,Hackney 019A,Other theft,,
,2023-07,British Transport Police,British Transport Police,-0.057833,51.540965,On or near London Fields (Station),E01033704,Hackney 023F,Other theft,,
,2023-07,British Transport Police,British Transport Police,-0.057049,51.561400,On or near Clapton (Station),E01001798,Hackney 028A,Public order,,
,2023-07,British Transport Police,British Transport Police,-0.075745,51.548122,On or near Dalston (Kingsland) (Station),E01033699,Hackney 030A,Theft from the person,,
,2023-07,British Transport Police,British Transport Police,-0.075745,51.548122,On or near Dalston (Kingsland) (Station),E01033699,Hackney 030A,Violence and sexual offences,,
,2023-07,British Transport Police,British Transport Police,-0.075180,51.546125,On or near Dalston Junction (Station),E01033700,Hackney 030B,Bicycle theft,,
,2023-07,British Transport Police,British Transport Police,-0.075180,51.546125,On or near Dalston Junction (Station),E01033700,Hackney 030B,Criminal damage and arson,,
,2023-07,British Transport Police,British Transport Police,-0.075180,51.546125,On or near Dalston Junction (Station),E01033700,Hackney 030B,Criminal damage and arson,,
,2023-07,British Transport Police,British Transport Police,-0.075180,51.546125,On or near Dalston Junction (Station),E01033700,Hackney 030B,Criminal damage and arson,,
,2023-07,British Transport Police,British Transport Police,-0.075180,51.546125,On or near Dalston Junction (Station),E01033700,Hackney 030B,Other theft,,
,2023-07,British Transport Police,British Transport Police,-0.075452,51.538666,On or near Haggerston (Station),E01035650,Hackney 031C,Other theft,,
,2023-07,British Transport Police,British Transport Police,-0.075452,51.538666,On or near Haggerston (Station),E01035650,Hackney 031C,Theft from the person,,
,2023-07,British Transport Police,British Transport Police,-0.075589,51.531321,On or near Hoxton (Station),E01001777,Hackney 033A,Bicycle theft,,
,2023-07,British Transport Police,British Transport Police,-0.075589,51.531321,On or near Hoxton (Station),E01001777,Hackney 033A,Bicycle theft,,
,2023-07,British Transport Police,British Transport Police,-0.075589,51.531321,On or near Hoxton (Station),E01001777,Hackney 033A,Criminal damage and arson,,
,2023-07,British Transport Police,British Transport Police,-2.775142,53.372454,On or near Hough Green (Station),E01012377,Halton 004A,Criminal damage and arson,,
,2023-07,British Transport Police,British Transport Police,-2.775142,53.372454,On or near Hough Green (Station),E01012377,Halton 004A,Criminal damage and arson,,
,2023-07,British Transport Police,British Transport Police,-2.740089,53.338594,On or near Runcorn (Station),E01035382,Halton 012G,Violence and sexual offences,,
,2023-07,British Transport Police,British Transport Police,-1.372649,54.228123,On or near Thirsk (Station),E01027632,Hambleton 008D,Criminal damage and arson,,
,2023-07,British Transport Police,British Transport Police,-1.441280,54.333027,On or near Northallerton (Station),E01027606,Hambleton 012E,Other theft,,
,2023-07,British Transport Police,British Transport Police,-1.441280,54.333027,On or near Northallerton (Station),E01027606,Hambleton 012E,Public order,,
,2023-07,British Transport Police,British Transport Police,-0.247421,51.516641,On or near East Acton (Lu Station),E01001875,Hammersmith and Fulham 001B,Public order,,
,2023-07,British Transport Police,British Transport Police,-0.247421,51.516641,On or near East Acton (Lu Station),E01001875,Hammersmith and Fulham 001B,Theft from the person,,
,2023-07,British Transport Police,British Transport Police,-0.245269,51.532045,On or near Willesden Junction (Station),E01001877,Hammersmith and Fulham 001D,Criminal damage and arson,,
,2023-07,British Transport Police,British Transport Police,-0.245269,51.532045,On or near Willesden Junction (Station),E01001877,Hammersmith and Fulham 001D,Drugs,,
,2023-07,British Transport Police,British Transport Police,-0.245269,51.532045,On or near Willesden Junction (Station),E01001877,Hammersmith and Fulham 001D,Other theft,,
,2023-07,British Transport Police,British Transport Police,-0.245269,51.532045,On or near Willesden Junction (Station),E01001877,Hammersmith and Fulham 001D,Other theft,,
,2023-07,British Transport Police,British Transport Police,-0.245269,51.532045,On or near Willesden Junction (Station),E01001877,Hammersmith and Fulham 001D,Public order,,
,2023-07,British Transport Police,British Transport Police,-0.245269,51.532045,On or near Willesden Junction (Station),E01001877,Hammersmith and Fulham 001D,Public order,,
,2023-07,British Transport Police,British Transport Police,-0.245269,51.532045,On or near Willesden Junction (Station),E01001877,Hammersmith and Fulham 001D,Public order,,
,2023-07,British Transport Police,British Transport Police,-0.245269,51.532045,On or near Willesden Junction (Station),E01001877,Hammersmith and Fulham 001D,Public order,,
,2023-07,British Transport Police,British Transport Police,-0.245269,51.532045,On or near Willesden Junction (Station),E01001877,Hammersmith and Fulham 001D,Robbery,,
,2023-07,British Transport Police,British Transport Police,-0.245269,51.532045,On or near Willesden Junction (Station),E01001877,Hammersmith and Fulham 001D,Theft from the person,,
,2023-07,British Transport Police,British Transport Police,-0.245269,51.532045,On or near Willesden Junction (Station),E01001877,Hammersmith and Fulham 001D,Theft from the person,,
,2023-07,British Transport Police,British Transport Police,-0.245269,51.532045,On or near Willesden Junction (Station),E01001877,Hammersmith and Fulham 001D,Violence and sexual offences,,
,2023-07,British Transport Police,British Transport Police,-0.245269,51.532045,On or near Willesden Junction (Station),E01001877,Hammersmith and Fulham 001D,Violence and sexual offences,,
,2023-07,British Transport Police,British Transport Police,-0.224250,51.512039,On or near White City (Lu Station),E01035485,Hammersmith and Fulham 001G,Criminal damage and arson,,
,2023-07,British Transport Police,British Transport Police,-0.224250,51.512039,On or near White City (Lu Station),E01035485,Hammersmith and Fulham 001G,Other theft,,
,2023-07,British Transport Police,British Transport Police,-0.224250,51.512039,On or near White City (Lu Station),E01035485,Hammersmith and Fulham 001G,Other theft,,
,2023-07,British Transport Police,British Transport Police,-0.224315,51.510016,On or near Wood Lane (Lu Station),E01035485,Hammersmith and Fulham 001G,Other theft,,
,2023-07,British Transport Police,British Transport Police,-0.224315,51.510016,On or near Wood Lane (Lu Station),E01035485,Hammersmith and Fulham 001G,Other theft,,
,2023-07,British Transport Police,British Transport Police,-0.224250,51.512039,On or near White City (Lu Station),E01035485,Hammersmith and Fulham 001G,Public order,,
,2023-07,British Transport Police,British Transport Police,-0.224250,51.512039,On or near White City (Lu Station),E01035485,Hammersmith and Fulham 001G,Public order,,
,2023-07,British Transport Police,British Transport Police,-0.224250,51.512039,On or near White City (Lu Station),E01035485,Hammersmith and Fulham 001G,Public order,,
,2023-07,British Transport Police,British Transport Police,-0.224250,51.512039,On or near White City (Lu Station),E01035485,Hammersmith and Fulham 001G,Theft from the person,,
,2023-07,British Transport Police,British Transport Police,-0.224250,51.512039,On or near White City (Lu Station),E01035485,Hammersmith and Fulham 001G,Theft from the person,,
,2023-07,British Transport Police,British Transport Police,-0.224250,51.512039,On or near White City (Lu Station),E01035485,Hammersmith and Fulham 001G,Theft from the person,,
,2023-07,British Transport Police,British Transport Police,-0.224250,51.512039,On or near White City (Lu Station),E01035485,Hammersmith and Fulham 001G,Violence and sexual offences,,
,2023-07,British Transport Police,British Transport Police,-0.224250,51.512039,On or near White City (Lu Station),E01035485,Hammersmith and Fulham 001G,Violence and sexual offences,,
,2023-07,British Transport Police,British Transport Police,-0.224250,51.512039,On or near White City (Lu Station),E01035485,Hammersmith and Fulham 001G,Violence and sexual offences,,
,2023-07,British Transport Police,British Transport Police,-0.224315,51.510016,On or near Wood Lane (Lu Station),E01035485,Hammersmith and Fulham 001G,Violence and sexual offences,,
,2023-07,British Transport Police,British Transport Police,-0.218684,51.504733,On or near Shepherd'S Bush (Lu Station),E01001943,Hammersmith and Fulham 004A,Bicycle theft,,
,2023-07,British Transport Police,British Transport Police,-0.218684,51.504733,On or near Shepherd'S Bush (Lu Station),E01001943,Hammersmith and Fulham 004A,Other theft,,
,2023-07,British Transport Police,British Transport Police,-0.218684,51.504733,On or near Shepherd'S Bush (Lu Station),E01001943,Hammersmith and Fulham 004A,Public order,,
,2023-07,British Transport Police,British Transport Police,-0.218684,51.504733,On or near Shepherd'S Bush (Lu Station),E01001943,Hammersmith and Fulham 004A,Public order,,
,2023-07,British Transport Police,British Transport Police,-0.218684,51.504733,On or near Shepherd'S Bush (Lu Station),E01001943,Hammersmith and Fulham 004A,Public order,,
,2023-07,British Transport Police,British Transport Police,-0.218684,51.504733,On or near Shepherd'S Bush (Lu Station),E01001943,Hammersmith and Fulham 004A,Public order,,
,2023-07,British Transport Police,British Transport Police,-0.217550,51.505094,On or near Shepherd'S Bush (Station),E01001943,Hammersmith and Fulham 004A,Robbery,,
,2023-07,British Transport Police,British Transport Police,-0.218684,51.504733,On or near Shepherd'S Bush (Lu Station),E01001943,Hammersmith and Fulham 004A,Theft from the person,,
,2023-07,British Transport Police,British Transport Police,-0.218684,51.504733,On or near Shepherd'S Bush (Lu Station),E01001943,Hammersmith and Fulham 004A,Violence and sexual offences,,
,2023-07,British Transport Police,British Transport Police,-0.218684,51.504733,On or near Shepherd'S Bush (Lu Station),E01001943,Hammersmith and Fulham 004A,Violence and sexual offences,,
,2023-07,British Transport Police,British Transport Police,-0.226326,51.506099,On or near Shepherds Bush Market (Lu Staion),E01001943,Hammersmith and Fulham 004A,Violence and sexual offences,,
,2023-07,British Transport Police,British Transport Police,-0.226326,51.506099,On or near Shepherds Bush Market (Lu Staion),E01001943,Hammersmith and Fulham 004A,Violence and sexual offences,,
,2023-07,British Transport Police,British Transport Police,-0.218684,51.504733,On or near Shepherd'S Bush (Lu Station),E01001943,Hammersmith and Fulham 004A,Violence and sexual offences,,
,2023-07,British Transport Police,British Transport Police,-0.218684,51.504733,On or near Shepherd'S Bush (Lu Station),E01001943,Hammersmith and Fulham 004A,Violence and sexual offences,,
,2023-07,British Transport Police,British Transport Police,-0.218684,51.504733,On or near Shepherd'S Bush (Lu Station),E01001943,Hammersmith and Fulham 004A,Violence and sexual offences,,
,2023-07,British Transport Police,British Transport Police,-0.224372,51.491924,On or near Hammersmith (Lu Station),E01001898,Hammersmith and Fulham 013C,Criminal damage and arson,,
,2023-07,British Transport Police,British Transport Police,-0.224939,51.493932,On or near Hammersmith  (Hammersmith And City Line) (Lu Station),E01001898,Hammersmith and Fulham 013C,Criminal damage and arson,,
,2023-07,British Transport Police,British Transport Police,-0.224372,51.491924,On or near Hammersmith (Lu Station),E01001898,Hammersmith and Fulham 013C,Other theft,,
,2023-07,British Transport Police,British Transport Police,-0.224372,51.491924,On or near Hammersmith (Lu Station),E01001898,Hammersmith and Fulham 013C,Other theft,,
,2023-07,British Transport Police,British Transport Police,-0.224372,51.491924,On or near Hammersmith (Lu Station),E01001898,Hammersmith and Fulham 013C,Theft from the person,,
,2023-07,British Transport Police,British Transport Police,-0.224372,51.491924,On or near Hammersmith (Lu Station),E01001898,Hammersmith and Fulham 013C,Theft from the person,,
,2023-07,British Transport Police,British Transport Police,-0.224372,51.491924,On or near Hammersmith (Lu Station),E01001898,Hammersmith and Fulham 013C,Theft from the person,,
,2023-07,British Transport Police,British Transport Police,-0.224939,51.493932,On or near Hammersmith  (Hammersmith And City Line) (Lu Station),E01001898,Hammersmith and Fulham 013C,Theft from the person,,
,2023-07,British Transport Police,British Transport Police,-0.213329,51.490373,On or near Barons Court (Lu Station),E01001889,Hammersmith and Fulham 014A,Robbery,,
,2023-07,British Transport Police,British Transport Police,-0.213329,51.490373,On or near Barons Court (Lu Station),E01001889,Hammersmith and Fulham 014A,Robbery,,
,2023-07,British Transport Police,British Transport Police,-0.213329,51.490373,On or near Barons Court (Lu Station),E01001889,Hammersmith and Fulham 014A,Theft from the person,,
,2023-07,British Transport Police,British Transport Police,-0.213329,51.490373,On or near Barons Court (Lu Station),E01001889,Hammersmith and Fulham 014A,Theft from the person,,
,2023-07,British Transport Police,British Transport Police,-0.213329,51.490373,On or near Barons Court (Lu Station),E01001889,Hammersmith and Fulham 014A,Violence and sexual offences,,
,2023-07,British Transport Police,British Transport Police,-0.206488,51.490564,On or near West Kensington (Lu Station),E01001914,Hammersmith and Fulham 014D,Criminal damage and arson,,
,2023-07,British Transport Police,British Transport Police,-0.206488,51.490564,On or near West Kensington (Lu Station),E01001914,Hammersmith and Fulham 014D,Theft from the person,,
,2023-07,British Transport Police,British Transport Police,-0.194969,51.480595,On or near Fulham Broadway (Lu Station),E01001880,Hammersmith and Fulham 017A,Public order,,
,2023-07,British Transport Police,British Transport Police,-0.202505,51.474632,On or near Parsons Green (Lu Station),E01001948,Hammersmith and Fulham 021B,Criminal damage and arson,,
,2023-07,British Transport Police,British Transport Police,-0.202505,51.474632,On or near Parsons Green (Lu Station),E01001948,Hammersmith and Fulham 021B,Criminal damage and arson,,
,2023-07,British Transport Police,British Transport Police,-0.202505,51.474632,On or near Parsons Green (Lu Station),E01001948,Hammersmith and Fulham 021B,Criminal damage and arson,,
,2023-07,British Transport Police,British Transport Police,-0.202505,51.474632,On or near Parsons Green (Lu Station),E01001948,Hammersmith and Fulham 021B,Other theft,,
,2023-07,British Transport Police,British Transport Police,-0.202505,51.474632,On or near Parsons Green (Lu Station),E01001948,Hammersmith and Fulham 021B,Public order,,
,2023-07,British Transport Police,British Transport Police,-0.208753,51.468071,On or near Putney Bridge (Lu Station),E01001916,Hammersmith and Fulham 024B,Public order,,
,2023-07,British Transport Police,British Transport Police,-0.909665,52.479347,On or near Market Harborough (Station),E01025796,Harborough 008B,Violence and sexual offences,,
,2023-07,British Transport Police,British Transport Police,-0.120505,51.607135,On or near Bowes Park (Station),E01001974,Haringey 001C,Violence and sexual offences,,
,2023-07,British Transport Police,British Transport Police,-0.124230,51.607151,On or near Bounds Green (Lu Station),E01001970,Haringey 004B,Other theft,,
,2023-07,British Transport Police,British Transport Police,-0.124230,51.607151,On or near Bounds Green (Lu Station),E01001970,Haringey 004B,Public order,,
,2023-07,British Transport Police,British Transport Police,-0.124230,51.607151,On or near Bounds Green (Lu Station),E01001970,Haringey 004B,Theft from the person,,
,2023-07,British Transport Police,British Transport Police,-0.124230,51.607151,On or near Bounds Green (Lu Station),E01001970,Haringey 004B,Violence and sexual offences,,
,2023-07,British Transport Police,British Transport Police,-0.109720,51.597502,On or near Wood Green (Lu Station),E01002105,Haringey 007D,Possession of weapons,,
,2023-07,British Transport Police,British Transport Police,-0.109720,51.597502,On or near Wood Green (Lu Station),E01002105,Haringey 007D,Public order,,
,2023-07,British Transport Police,British Transport Police,-0.109720,51.597502,On or near Wood Green (Lu Station),E01002105,Haringey 007D,Theft from the person,,
,2023-07,British Transport Police,British Transport Police,-0.109720,51.597502,On or near Wood Green (Lu Station),E01002105,Haringey 007D,Violence and sexual offences,,
,2023-07,British Transport Police,British Transport Police,-0.119911,51.596636,On or near Alexandra Palace (Station),E01001964,Haringey 009B,Theft from the person,,
,2023-07,British Transport Police,British Transport Police,-0.119911,51.596636,On or near Alexandra Palace (Station),E01001964,Haringey 009B,Violence and sexual offences,,
,2023-07,British Transport Police,British Transport Police,-0.069822,51.594003,On or near Bruce Grove (Station),E01001979,Haringey 011D,Violence and sexual offences,,
,2023-07,British Transport Police,British Transport Police,-0.069822,51.594003,On or near Bruce Grove (Station),E01001979,Haringey 011D,Violence and sexual offences,,
,2023-07,British Transport Police,British Transport Police,-0.069822,51.594003,On or near Bruce Grove (Station),E01001979,Haringey 011D,Violence and sexual offences,,
,2023-07,British Transport Police,British Transport Police,-0.054445,51.601787,On or near Northumberland Park (Station),E01002075,Haringey 015A,Criminal damage and arson,,
,2023-07,British Transport Police,British Transport Police,-0.060367,51.588207,On or near Tottenham Hale (Lu Station),E01033944,Haringey 015F,Other theft,,
,2023-07,British Transport Police,British Transport Police,-0.060367,51.588207,On or near Tottenham Hale (Lu Station),E01033944,Haringey 015F,Violence and sexual offences,,
,2023-07,British Transport Police,British Transport Police,-0.102805,51.590393,On or near Turnpike Lane (Lu Station),E01002085,Haringey 019C,Other theft,,
,2023-07,British Transport Police,British Transport Police,-0.102805,51.590393,On or near Turnpike Lane (Lu Station),E01002085,Haringey 019C,Other theft,,
,2023-07,British Transport Police,British Transport Police,-0.102805,51.590393,On or near Turnpike Lane (Lu Station),E01002085,Haringey 019C,Public order,,
,2023-07,British Transport Police,British Transport Police,-0.102805,51.590393,On or near Turnpike Lane (Lu Station),E01002085,Haringey 019C,Public order,,
,2023-07,British Transport Police,British Transport Police,-0.102805,51.590393,On or near Turnpike Lane (Lu Station),E01002085,Haringey 019C,Public order,,
,2023-07,British Transport Police,British Transport Police,-0.102805,51.590393,On or near Turnpike Lane (Lu Station),E01002085,Haringey 019C,Theft from the person,,
,2023-07,British Transport Police,British Transport Police,-0.102805,51.590393,On or near Turnpike Lane (Lu Station),E01002085,Haringey 019C,Violence and sexual offences,,
,2023-07,British Transport Police,British Transport Police,-0.102805,51.590393,On or near Turnpike Lane (Lu Station),E01002085,Haringey 019C,Violence and sexual offences,,
,2023-07,British Transport Police,British Transport Police,-0.111873,51.586477,On or near Hornsey (Station),E01002014,Haringey 020B,Criminal damage and arson,,
,2023-07,British Transport Police,British Transport Police,-0.111873,51.586477,On or near Hornsey (Station),E01002014,Haringey 020B,Criminal damage and arson,,
,2023-07,British Transport Police,British Transport Police,-0.111873,51.586477,On or near Hornsey (Station),E01002014,Haringey 020B,Other theft,,
,2023-07,British Transport Police,British Transport Police,-0.074916,51.582459,On or near Seven Sisters (Lu Station),E01002073,Haringey 024D,Criminal damage and arson,,
,2023-07,British Transport Police,British Transport Police,-0.074916,51.582459,On or near Seven Sisters (Lu Station),E01002073,Haringey 024D,Criminal damage and arson,,
,2023-07,British Transport Police,British Transport Police,-0.074916,51.582459,On or near Seven Sisters (Lu Station),E01002073,Haringey 024D,Other theft,,
,2023-07,British Transport Police,British Transport Police,-0.074916,51.582459,On or near Seven Sisters (Lu Station),E01002073,Haringey 024D,Other theft,,
,2023-07,British Transport Police,British Transport Police,-0.074916,51.582459,On or near Seven Sisters (Lu Station),E01002073,Haringey 024D,Other theft,,
,2023-07,British Transport Police,British Transport Police,-0.074916,51.582459,On or near Seven Sisters (Lu Station),E01002073,Haringey 024D,Public order,,
,2023-07,British Transport Police,British Transport Police,-0.074916,51.582459,On or near Seven Sisters (Lu Station),E01002073,Haringey 024D,Public order,,
,2023-07,British Transport Police,British Transport Police,-0.074916,51.582459,On or near Seven Sisters (Lu Station),E01002073,Haringey 024D,Public order,,
,2023-07,British Transport Police,British Transport Police,-0.074916,51.582459,On or near Seven Sisters (Lu Station),E01002073,Haringey 024D,Robbery,,
,2023-07,British Transport Police,British Transport Police,-0.074916,51.582459,On or near Seven Sisters (Lu Station),E01002073,Haringey 024D,Robbery,,
,2023-07,British Transport Police,British Transport Police,-0.074916,51.582459,On or near Seven Sisters (Lu Station),E01002073,Haringey 024D,Shoplifting,,
,2023-07,British Transport Police,British Transport Police,-0.074916,51.582459,On or near Seven Sisters (Lu Station),E01002073,Haringey 024D,Shoplifting,,
,2023-07,British Transport Police,British Transport Police,-0.074916,51.582459,On or near Seven Sisters (Lu Station),E01002073,Haringey 024D,Theft from the person,,
,2023-07,British Transport Police,British Transport Police,-0.074916,51.582459,On or near Seven Sisters (Lu Station),E01002073,Haringey 024D,Theft from the person,,
,2023-07,British Transport Police,British Transport Police,-0.074916,51.582459,On or near Seven Sisters (Lu Station),E01002073,Haringey 024D,Theft from the person,,
,2023-07,British Transport Police,British Transport Police,-0.074916,51.582459,On or near Seven Sisters (Lu Station),E01002073,Haringey 024D,Theft from the person,,
,2023-07,British Transport Police,British Transport Police,-0.074916,51.582459,On or near Seven Sisters (Lu Station),E01002073,Haringey 024D,Theft from the person,,
,2023-07,British Transport Police,British Transport Police,-0.074916,51.582459,On or near Seven Sisters (Lu Station),E01002073,Haringey 024D,Theft from the person,,
,2023-07,British Transport Police,British Transport Police,-0.074916,51.582459,On or near Seven Sisters (Lu Station),E01002073,Haringey 024D,Violence and sexual offences,,
,2023-07,British Transport Police,British Transport Police,-0.074916,51.582459,On or near Seven Sisters (Lu Station),E01002073,Haringey 024D,Violence and sexual offences,,
,2023-07,British Transport Police,British Transport Police,-0.063017,51.588107,On or near Tottenham Hale (Station),E01002068,Haringey 025B,Other theft,,
,2023-07,British Transport Police,British Transport Police,-0.063017,51.588107,On or near Tottenham Hale (Station),E01002068,Haringey 025B,Other theft,,
,2023-07,British Transport Police,British Transport Police,-0.063017,51.588107,On or near Tottenham Hale (Station),E01002068,Haringey 025B,Other theft,,
,2023-07,British Transport Police,British Transport Police,-0.063017,51.588107,On or near Tottenham Hale (Station),E01002068,Haringey 025B,Other theft,,
,2023-07,British Transport Police,British Transport Police,-0.063017,51.588107,On or near Tottenham Hale (Station),E01002068,Haringey 025B,Other theft,,
,2023-07,British Transport Police,British Transport Police,-0.063017,51.588107,On or near Tottenham Hale (Station),E01002068,Haringey 025B,Public order,,
,2023-07,British Transport Police,British Transport Police,-0.063017,51.588107,On or near Tottenham Hale (Station),E01002068,Haringey 025B,Robbery,,
,2023-07,British Transport Police,British Transport Police,-0.063017,51.588107,On or near Tottenham Hale (Station),E01002068,Haringey 025B,Shoplifting,,
,2023-07,British Transport Police,British Transport Police,-0.063017,51.588107,On or near Tottenham Hale (Station),E01002068,Haringey 025B,Shoplifting,,
,2023-07,British Transport Police,British Transport Police,-0.063017,51.588107,On or near Tottenham Hale (Station),E01002068,Haringey 025B,Theft from the person,,
,2023-07,British Transport Police,British Transport Police,-0.063017,51.588107,On or near Tottenham Hale (Station),E01002068,Haringey 025B,Theft from the person,,
,2023-07,British Transport Police,British Transport Police,-0.063017,51.588107,On or near Tottenham Hale (Station),E01002068,Haringey 025B,Theft from the person,,
,2023-07,British Transport Police,British Transport Police,-0.063017,51.588107,On or near Tottenham Hale (Station),E01002068,Haringey 025B,Violence and sexual offences,,
,2023-07,British Transport Police,British Transport Police,-0.072352,51.580286,On or near South Tottenham (Station),E01002051,Haringey 029B,Robbery,,
,2023-07,British Transport Police,British Transport Police,-0.072352,51.580286,On or near South Tottenham (Station),E01002051,Haringey 029B,Violence and sexual offences,,
,2023-07,British Transport Police,British Transport Police,-0.072352,51.580286,On or near South Tottenham (Station),E01002051,Haringey 029B,Violence and sexual offences,,
,2023-07,British Transport Police,British Transport Police,-0.145648,51.577698,On or near Highgate (Lu Station),E01002011,Haringey 030D,Criminal damage and arson,,
,2023-07,British Transport Police,British Transport Police,-0.145648,51.577698,On or near Highgate (Lu Station),E01002011,Haringey 030D,Criminal damage and arson,,
,2023-07,British Transport Police,British Transport Police,-0.145648,51.577698,On or near Highgate (Lu Station),E01002011,Haringey 030D,Other theft,,
,2023-07,British Transport Police,British Transport Police,-0.145648,51.577698,On or near Highgate (Lu Station),E01002011,Haringey 030D,Public order,,
,2023-07,British Transport Police,British Transport Police,-0.145648,51.577698,On or near Highgate (Lu Station),E01002011,Haringey 030D,Robbery,,
,2023-07,British Transport Police,British Transport Police,-0.145648,51.577698,On or near Highgate (Lu Station),E01002011,Haringey 030D,Robbery,,
,2023-07,British Transport Police,British Transport Police,-0.145648,51.577698,On or near Highgate (Lu Station),E01002011,Haringey 030D,Robbery,,
,2023-07,British Transport Police,British Transport Police,-0.145648,51.577698,On or near Highgate (Lu Station),E01002011,Haringey 030D,Vehicle crime,,
,2023-07,British Transport Police,British Transport Police,-0.070756,51.604964,On or near White Hart Lane (Station),E01002034,Haringey 037A,Violence and sexual offences,,
,2023-07,British Transport Police,British Transport Police,0.095021,51.781042,On or near Harlow Town (Station),E01021853,Harlow 003E,Other theft,,
,2023-07,British Transport Police,British Transport Police,0.095021,51.781042,On or near Harlow Town (Station),E01021853,Harlow 003E,Public order,,
,2023-07,British Transport Police,British Transport Police,0.095021,51.781042,On or near Harlow Town (Station),E01021853,Harlow 003E,Violence and sexual offences,,
,2023-07,British Transport Police,British Transport Police,0.095021,51.781042,On or near Harlow Town (Station),E01021853,Harlow 003E,Violence and sexual offences,,
,2023-07,British Transport Police,British Transport Police,0.095021,51.781042,On or near Harlow Town (Station),E01021853,Harlow 003E,Violence and sexual offences,,
,2023-07,British Transport Police,British Transport Police,-1.537429,53.993022,On or near Harrogate (Station),E01027678,Harrogate 015E,Drugs,,
,2023-07,British Transport Police,British Transport Police,-1.537429,53.993022,On or near Harrogate (Station),E01027678,Harrogate 015E,Public order,,
,2023-07,British Transport Police,British Transport Police,-0.294536,51.607645,On or near Canons Park (Lu Station),E01002118,Harrow 002E,Violence and sexual offences,,
,2023-07,British Transport Police,British Transport Police,-0.335294,51.592302,On or near Harrow & Wealdstone (Lu Station),E01034592,Harrow 013G,Other theft,,
,2023-07,British Transport Police,British Transport Police,-0.335294,51.592302,On or near Harrow & Wealdstone (Lu Station),E01034592,Harrow 013G,Other theft,,
,2023-07,British Transport Police,British Transport Police,-0.335294,51.592302,On or near Harrow & Wealdstone (Lu Station),E01034592,Harrow 013G,Public order,,
,2023-07,British Transport Police,British Transport Police,-0.335294,51.592302,On or near Harrow & Wealdstone (Lu Station),E01034592,Harrow 013G,Robbery,,
,2023-07,British Transport Police,British Transport Police,-0.335294,51.592302,On or near Harrow & Wealdstone (Lu Station),E01034592,Harrow 013G,Theft from the person,,
,2023-07,British Transport Police,British Transport Police,-0.380603,51.592851,On or near Pinner (Lu Station),E01002189,Harrow 016B,Other theft,,
,2023-07,British Transport Police,British Transport Police,-0.362206,51.584868,On or near North Harrow (Lu Station),E01002157,Harrow 019C,Criminal damage and arson,,
,2023-07,British Transport Police,British Transport Police,-0.362206,51.584868,On or near North Harrow (Lu Station),E01002157,Harrow 019C,Violence and sexual offences,,
,2023-07,British Transport Police,British Transport Police,-0.336654,51.579477,On or near Harrow On The Hill (Lu Station),E01034598,Harrow 023H,Other theft,,
,2023-07,British Transport Police,British Transport Police,-0.336654,51.579477,On or near Harrow On The Hill (Lu Station),E01034598,Harrow 023H,Other theft,,
,2023-07,British Transport Police,British Transport Police,-0.336654,51.579477,On or near Harrow On The Hill (Lu Station),E01034598,Harrow 023H,Other theft,,
,2023-07,British Transport Police,British Transport Police,-0.336654,51.579477,On or near Harrow On The Hill (Lu Station),E01034598,Harrow 023H,Theft from the person,,
,2023-07,British Transport Police,British Transport Police,-0.336654,51.579477,On or near Harrow On The Hill (Lu Station),E01034598,Harrow 023H,Violence and sexual offences,,
,2023-07,British Transport Police,British Transport Police,-0.336654,51.579477,On or near Harrow On The Hill (Lu Station),E01034598,Harrow 023H,Violence and sexual offences,,
,2023-07,British Transport Police,British Transport Police,-0.336654,51.579477,On or near Harrow On The Hill (Lu Station),E01034598,Harrow 023H,Violence and sexual offences,,
,2023-07,British Transport Police,British Transport Police,-0.336654,51.579477,On or near Harrow On The Hill (Lu Station),E01034598,Harrow 023H,Violence and sexual offences,,
,2023-07,British Transport Police,British Transport Police,-0.352875,51.579847,On or near West Harrow (Lu Station),E01002238,Harrow 024B,Theft from the person,,
,2023-07,British Transport Police,British Transport Police,-0.370854,51.575143,On or near Rayners Lane (Lu Station),E01002209,Harrow 025B,Theft from the person,,
,2023-07,British Transport Police,British Transport Police,-0.352626,51.561924,On or near South Harrow (Lu Station),E01002219,Harrow 030B,Criminal damage and arson,,
,2023-07,British Transport Police,British Transport Police,-0.352626,51.561924,On or near South Harrow (Lu Station),E01002219,Harrow 030B,Public order,,
,2023-07,British Transport Police,British Transport Police,-0.352626,51.561924,On or near South Harrow (Lu Station),E01002219,Harrow 030B,Violence and sexual offences,,
,2023-07,British Transport Police,British Transport Police,-0.352626,51.561924,On or near South Harrow (Lu Station),E01002219,Harrow 030B,Violence and sexual offences,,
,2023-07,British Transport Police,British Transport Police,-0.776533,51.331635,On or near Blackwater (Station),E01022847,Hart 003B,Bicycle theft,,
,2023-07,British Transport Police,British Transport Police,-0.961507,51.280051,On or near Hook (Station),E01022881,Hart 006A,Bicycle theft,,
,2023-07,British Transport Police,British Transport Police,-0.831282,51.290521,On or near Fleet (Station),E01022870,Hart 007E,Bicycle theft,,
,2023-07,British Transport Police,British Transport Police,-0.831282,51.290521,On or near Fleet (Station),E01022870,Hart 007E,Bicycle theft,,
,2023-07,British Transport Police,British Transport Police,-0.831282,51.290521,On or near Fleet (Station),E01022870,Hart 007E,Burglary,,
,2023-07,British Transport Police,British Transport Police,-0.831282,51.290521,On or near Fleet (Station),E01022870,Hart 007E,Vehicle crime,,
,2023-07,British Transport Police,British Transport Police,-0.831282,51.290521,On or near Fleet (Station),E01022870,Hart 007E,Vehicle crime,,
,2023-07,British Transport Police,British Transport Police,-0.831282,51.290521,On or near Fleet (Station),E01022870,Hart 007E,Vehicle crime,,
,2023-07,British Transport Police,British Transport Police,-0.831282,51.290521,On or near Fleet (Station),E01022870,Hart 007E,Vehicle crime,,
,2023-07,British Transport Police,British Transport Police,-1.207937,54.686732,On or near Hartlepool (Station),E01012000,Hartlepool 007E,Public order,,
,2023-07,British Transport Police,British Transport Police,0.577173,50.857968,On or near Hastings (Station),E01020979,Hastings 009B,Bicycle theft,,
,2023-07,British Transport Police,British Transport Police,0.577173,50.857968,On or near Hastings (Station),E01020979,Hastings 009B,Criminal damage and arson,,
,2023-07,British Transport Police,British Transport Police,0.577173,50.857968,On or near Hastings (Station),E01020979,Hastings 009B,Criminal damage and arson,,
,2023-07,British Transport Police,British Transport Police,0.577173,50.857968,On or near Hastings (Station),E01020979,Hastings 009B,Criminal damage and arson,,
,2023-07,British Transport Police,British Transport Police,0.577173,50.857968,On or near Hastings (Station),E01020979,Hastings 009B,Criminal damage and arson,,
,2023-07,British Transport Police,British Transport Police,0.577173,50.857968,On or near Hastings (Station),E01020979,Hastings 009B,Public order,,
,2023-07,British Transport Police,British Transport Police,0.577173,50.857968,On or near Hastings (Station),E01020979,Hastings 009B,Violence and sexual offences,,
,2023-07,British Transport Police,British Transport Police,0.577173,50.857968,On or near Hastings (Station),E01020979,Hastings 009B,Violence and sexual offences,,
,2023-07,British Transport Police,British Transport Police,0.539877,50.853119,On or near West St Leonards (Station),E01021016,Hastings 010D,Public order,,
,2023-07,British Transport Police,British Transport Police,0.561106,50.855748,On or near St Leonards Warrior Square (Station),E01020989,Hastings 011E,Bicycle theft,,
,2023-07,British Transport Police,British Transport Police,0.561106,50.855748,On or near St Leonards Warrior Square (Station),E01020989,Hastings 011E,Other theft,,
,2023-07,British Transport Police,British Transport Police,0.561106,50.855748,On or near St Leonards Warrior Square (Station),E01020989,Hastings 011E,Other theft,,
,2023-07,British Transport Police,British Transport Police,0.561106,50.855748,On or near St Leonards Warrior Square (Station),E01020989,Hastings 011E,Public order,,
,2023-07,British Transport Police,British Transport Police,0.561106,50.855748,On or near St Leonards Warrior Square (Station),E01020989,Hastings 011E,Public order,,
,2023-07,British Transport Police,British Transport Police,0.561106,50.855748,On or near St Leonards Warrior Square (Station),E01020989,Hastings 011E,Public order,,
,2023-07,British Transport Police,British Transport Police,0.561106,50.855748,On or near St Leonards Warrior Square (Station),E01020989,Hastings 011E,Violence and sexual offences,,
,2023-07,British Transport Police,British Transport Police,-0.981600,50.854290,On or near Havant (Station),E01034067,Havant 014H,Drugs,,
,2023-07,British Transport Police,British Transport Police,-0.981600,50.854290,On or near Havant (Station),E01034067,Havant 014H,Public order,,
,2023-07,British Transport Police,British Transport Police,-0.981600,50.854290,On or near Havant (Station),E01034067,Havant 014H,Public order,,
,2023-07,British Transport Police,British Transport Police,-0.981600,50.854290,On or near Havant (Station),E01034067,Havant 014H,Shoplifting,,
,2023-07,British Transport Police,British Transport Police,-0.981600,50.854290,On or near Havant (Station),E01034067,Havant 014H,Shoplifting,,
,2023-07,British Transport Police,British Transport Police,-0.981600,50.854290,On or near Havant (Station),E01034067,Havant 014H,Violence and sexual offences,,
,2023-07,British Transport Police,British Transport Police,-0.981600,50.854290,On or near Havant (Station),E01034067,Havant 014H,Violence and sexual offences,,
,2023-07,British Transport Police,British Transport Police,-0.981600,50.854290,On or near Havant (Station),E01034067,Havant 014H,Violence and sexual offences,,
,2023-07,British Transport Police,British Transport Police,0.232858,51.592834,On or near Harold Wood (Station),E01033785,Havering 007G,Bicycle theft,,
,2023-07,British Transport Police,British Transport Police,0.232858,51.592834,On or near Harold Wood (Station),E01033785,Havering 007G,Public order,,
,2023-07,British Transport Police,British Transport Police,0.232858,51.592834,On or near Harold Wood (Station),E01033785,Havering 007G,Public order,,
,2023-07,British Transport Police,British Transport Police,0.232858,51.592834,On or near Harold Wood (Station),E01033785,Havering 007G,Theft from the person,,
,2023-07,British Transport Police,British Transport Police,0.205729,51.581512,On or near Gidea Park (Station),E01002379,Havering 012D,Bicycle theft,,
,2023-07,British Transport Police,British Transport Police,0.205729,51.581512,On or near Gidea Park (Station),E01002379,Havering 012D,Bicycle theft,,
,2023-07,British Transport Police,British Transport Police,0.205729,51.581512,On or near Gidea Park (Station),E01002379,Havering 012D,Other theft,,
,2023-07,British Transport Police,British Transport Police,0.182289,51.574611,On or near Romford (Station),E01002356,Havering 013C,Bicycle theft,,
,2023-07,British Transport Police,British Transport Police,0.182289,51.574611,On or near Romford (Station),E01002356,Havering 013C,Bicycle theft,,
,2023-07,British Transport Police,British Transport Police,0.182289,51.574611,On or near Romford (Station),E01002356,Havering 013C,Bicycle theft,,
,2023-07,British Transport Police,British Transport Police,0.182289,51.574611,On or near Romford (Station),E01002356,Havering 013C,Bicycle theft,,
,2023-07,British Transport Police,British Transport Police,0.182289,51.574611,On or near Romford (Station),E01002356,Havering 013C,Other theft,,
,2023-07,British Transport Police,British Transport Police,0.182289,51.574611,On or near Romford (Station),E01002356,Havering 013C,Public order,,
,2023-07,British Transport Police,British Transport Police,0.182289,51.574611,On or near Romford (Station),E01002356,Havering 013C,Theft from the person,,
,2023-07,British Transport Police,British Transport Police,0.182289,51.574611,On or near Romford (Station),E01002356,Havering 013C,Theft from the person,,
,2023-07,British Transport Police,British Transport Police,0.182289,51.574611,On or near Romford (Station),E01002356,Havering 013C,Violence and sexual offences,,
,2023-07,British Transport Police,British Transport Police,0.182289,51.574611,On or near Romford (Station),E01002356,Havering 013C,Violence and sexual offences,,
,2023-07,British Transport Police,British Transport Police,0.182289,51.574611,On or near Romford (Station),E01002356,Havering 013C,Violence and sexual offences,,
,2023-07,British Transport Police,British Transport Police,0.182289,51.574611,On or near Romford (Station),E01002356,Havering 013C,Violence and sexual offences,,
,2023-07,British Transport Police,British Transport Police,0.250634,51.559005,On or near Upminster (Lu Station),E01002257,Havering 019C,Criminal damage and arson,,
,2023-07,British Transport Police,British Transport Police,0.250634,51.559005,On or near Upminster (Lu Station),E01002257,Havering 019C,Criminal damage and arson,,
,2023-07,British Transport Police,British Transport Police,0.250634,51.559005,On or near Upminster (Lu Station),E01002257,Havering 019C,Criminal damage and arson,,
,2023-07,British Transport Police,British Transport Police,0.250634,51.559005,On or near Upminster (Lu Station),E01002257,Havering 019C,Criminal damage and arson,,
,2023-07,British Transport Police,British Transport Police,0.250634,51.559005,On or near Upminster (Lu Station),E01002257,Havering 019C,Drugs,,
,2023-07,British Transport Police,British Transport Police,0.250634,51.559005,On or near Upminster (Lu Station),E01002257,Havering 019C,Drugs,,
,2023-07,British Transport Police,British Transport Police,0.250634,51.559005,On or near Upminster (Lu Station),E01002257,Havering 019C,Possession of weapons,,
,2023-07,British Transport Police,British Transport Police,0.250634,51.559005,On or near Upminster (Lu Station),E01002257,Havering 019C,Possession of weapons,,
,2023-07,British Transport Police,British Transport Police,0.250634,51.559005,On or near Upminster (Lu Station),E01002257,Havering 019C,Robbery,,
,2023-07,British Transport Police,British Transport Police,0.250634,51.559005,On or near Upminster (Lu Station),E01002257,Havering 019C,Theft from the person,,
,2023-07,British Transport Police,British Transport Police,0.250634,51.559005,On or near Upminster (Lu Station),E01002257,Havering 019C,Vehicle crime,,
,2023-07,British Transport Police,British Transport Police,0.250634,51.559005,On or near Upminster (Lu Station),E01002257,Havering 019C,Vehicle crime,,
,2023-07,British Transport Police,British Transport Police,0.250634,51.559005,On or near Upminster (Lu Station),E01002257,Havering 019C,Violence and sexual offences,,
,2023-07,British Transport Police,British Transport Police,0.250634,51.559005,On or near Upminster (Lu Station),E01002257,Havering 019C,Violence and sexual offences,,
,2023-07,British Transport Police,British Transport Police,0.218985,51.554067,On or near Hornchurch (Lu Station),E01002291,Havering 023B,Other theft,,
,2023-07,British Transport Police,British Transport Police,0.197782,51.549629,On or near Elm Park (Lu Station),E01002261,Havering 026B,Public order,,
,2023-07,British Transport Police,British Transport Police,0.197782,51.549629,On or near Elm Park (Lu Station),E01002261,Havering 026B,Public order,,
,2023-07,British Transport Police,British Transport Police,0.197782,51.549629,On or near Elm Park (Lu Station),E01002261,Havering 026B,Public order,,
,2023-07,British Transport Police,British Transport Police,-2.708576,52.061232,On or near Hereford (Station),E01014010,Herefordshire 012C,Other theft,,
,2023-07,British Transport Police,British Transport Police,-2.708576,52.061232,On or near Hereford (Station),E01014010,Herefordshire 012C,Theft from the person,,
,2023-07,British Transport Police,British Transport Police,-2.425991,52.045092,On or near Ledbury (Station),E01014040,Herefordshire 019F,Violence and sexual offences,,
,2023-07,British Transport Police,British Transport Police,-0.193284,51.697103,On or near Potters Bar (Station),E01023579,Hertsmere 001D,Bicycle theft,,
,2023-07,British Transport Police,British Transport Police,-0.193284,51.697103,On or near Potters Bar (Station),E01023579,Hertsmere 001D,Bicycle theft,,
,2023-07,British Transport Police,British Transport Police,-0.193284,51.697103,On or near Potters Bar (Station),E01023579,Hertsmere 001D,Public order,,
,2023-07,British Transport Police,British Transport Police,-0.193284,51.697103,On or near Potters Bar (Station),E01023579,Hertsmere 001D,Vehicle crime,,
,2023-07,British Transport Police,British Transport Police,-0.193284,51.697103,On or near Potters Bar (Station),E01023579,Hertsmere 001D,Vehicle crime,,
,2023-07,British Transport Police,British Transport Police,-0.193284,51.697103,On or near Potters Bar (Station),E01023579,Hertsmere 001D,Vehicle crime,,
,2023-07,British Transport Police,British Transport Police,-0.193284,51.697103,On or near Potters Bar (Station),E01023579,Hertsmere 001D,Vehicle crime,,
,2023-07,British Transport Police,British Transport Police,-0.193284,51.697103,On or near Potters Bar (Station),E01023579,Hertsmere 001D,Vehicle crime,,
,2023-07,British Transport Police,British Transport Police,-0.193284,51.697103,On or near Potters Bar (Station),E01023579,Hertsmere 001D,Vehicle crime,,
,2023-07,British Transport Police,British Transport Police,-0.193284,51.697103,On or near Potters Bar (Station),E01023579,Hertsmere 001D,Vehicle crime,,
,2023-07,British Transport Police,British Transport Police,-0.317135,51.685384,On or near Radlett (Station),E01023525,Hertsmere 005C,Criminal damage and arson,,
,2023-07,British Transport Police,British Transport Police,-0.317135,51.685384,On or near Radlett (Station),E01023525,Hertsmere 005C,Vehicle crime,,
,2023-07,British Transport Police,British Transport Police,-0.317135,51.685384,On or near Radlett (Station),E01023525,Hertsmere 005C,Violence and sexual offences,,
,2023-07,British Transport Police,British Transport Police,-0.279571,51.653195,On or near Elstree And Borehamwood (Station),E01035599,Hertsmere 011G,Other theft,,
,2023-07,British Transport Police,British Transport Police,-0.279571,51.653195,On or near Elstree And Borehamwood (Station),E01035599,Hertsmere 011G,Public order,,
,2023-07,British Transport Police,British Transport Police,-0.279571,51.653195,On or near Elstree And Borehamwood (Station),E01035599,Hertsmere 011G,Public order,,
,2023-07,British Transport Police,British Transport Police,-1.948908,53.444506,On or near Glossop (Station),E01019739,High Peak 003B,Public order,,
,2023-07,British Transport Police,British Transport Police,-1.948908,53.444506,On or near Glossop (Station),E01019739,High Peak 003B,Public order,,
,2023-07,British Transport Police,British Transport Police,-1.686579,53.338319,On or near Bamford (Station),E01019735,High Peak 013A,Criminal damage and arson,,
,2023-07,British Transport Police,British Transport Police,-0.423838,51.611214,On or near Northwood (Lu Station),E01002478,Hillingdon 002C,Bicycle theft,,
,2023-07,British Transport Police,British Transport Police,-0.423838,51.611214,On or near Northwood (Lu Station),E01002478,Hillingdon 002C,Bicycle theft,,
,2023-07,British Transport Police,British Transport Police,-0.421276,51.571509,On or near Ruislip (Lu Station),E01002535,Hillingdon 007E,Drugs,,
,2023-07,British Transport Police,British Transport Police,-0.397488,51.576366,On or near Eastcote (Lu Station),E01002417,Hillingdon 008B,Public order,,
,2023-07,British Transport Police,British Transport Police,-0.411085,51.560722,On or near Ruislip Gardens (Lu Station),E01002495,Hillingdon 010E,Criminal damage and arson,,
,2023-07,British Transport Police,British Transport Police,-0.441548,51.562045,On or near Ickenham (Lu Station),E01002464,Hillingdon 011E,Public order,,
,2023-07,British Transport Police,British Transport Police,-0.441548,51.562045,On or near Ickenham (Lu Station),E01002464,Hillingdon 011E,Public order,,
,2023-07,British Transport Police,British Transport Police,-0.441548,51.562045,On or near Ickenham (Lu Station),E01002464,Hillingdon 011E,Public order,,
,2023-07,British Transport Police,British Transport Police,-0.441548,51.562045,On or near Ickenham (Lu Station),E01002464,Hillingdon 011E,Violence and sexual offences,,
,2023-07,British Transport Police,British Transport Police,-0.441548,51.562045,On or near Ickenham (Lu Station),E01002464,Hillingdon 011E,Violence and sexual offences,,
,2023-07,British Transport Police,British Transport Police,-0.441548,51.562045,On or near Ickenham (Lu Station),E01002464,Hillingdon 011E,Violence and sexual offences,,
,2023-07,British Transport Police,British Transport Police,-0.449787,51.553777,On or near Hillingdon (Lu Station),E01002513,Hillingdon 013D,Public order,,
,2023-07,British Transport Police,British Transport Police,-0.449787,51.553777,On or near Hillingdon (Lu Station),E01002513,Hillingdon 013D,Robbery,,
,2023-07,British Transport Police,British Transport Police,-0.449787,51.553777,On or near Hillingdon (Lu Station),E01002513,Hillingdon 013D,Violence and sexual offences,,
,2023-07,British Transport Police,British Transport Police,-0.479105,51.546066,On or near Uxbridge (Lu Station),E01034602,Hillingdon 015H,Other theft,,
,2023-07,British Transport Police,British Transport Police,-0.479105,51.546066,On or near Uxbridge (Lu Station),E01034602,Hillingdon 015H,Public order,,
,2023-07,British Transport Police,British Transport Police,-0.479105,51.546066,On or near Uxbridge (Lu Station),E01034602,Hillingdon 015H,Public order,,
,2023-07,British Transport Police,British Transport Police,-0.479105,51.546066,On or near Uxbridge (Lu Station),E01034602,Hillingdon 015H,Theft from the person,,
,2023-07,British Transport Police,British Transport Police,-0.479105,51.546066,On or near Uxbridge (Lu Station),E01034602,Hillingdon 015H,Theft from the person,,
,2023-07,British Transport Police,British Transport Police,-0.479105,51.546066,On or near Uxbridge (Lu Station),E01034602,Hillingdon 015H,Theft from the person,,
,2023-07,British Transport Police,British Transport Police,-0.479105,51.546066,On or near Uxbridge (Lu Station),E01034602,Hillingdon 015H,Theft from the person,,
,2023-07,British Transport Police,British Transport Police,-0.479105,51.546066,On or near Uxbridge (Lu Station),E01034602,Hillingdon 015H,Violence and sexual offences,,
,2023-07,British Transport Police,British Transport Police,-0.420108,51.503369,On or near Hayes & Harlington (Station),E01034616,Hillingdon 030F,Other theft,,
,2023-07,British Transport Police,British Transport Police,-0.420108,51.503369,On or near Hayes & Harlington (Station),E01034616,Hillingdon 030F,Public order,,
,2023-07,British Transport Police,British Transport Police,-0.420108,51.503369,On or near Hayes & Harlington (Station),E01034616,Hillingdon 030F,Theft from the person,,
,2023-07,British Transport Police,British Transport Police,-0.420108,51.503369,On or near Hayes & Harlington (Station),E01034616,Hillingdon 030F,Violence and sexual offences,,
,2023-07,British Transport Police,British Transport Police,-0.420108,51.503369,On or near Hayes & Harlington (Station),E01034616,Hillingdon 030F,Violence and sexual offences,,
,2023-07,British Transport Police,British Transport Police,-0.420108,51.503369,On or near Hayes & Harlington (Station),E01034616,Hillingdon 030F,Violence and sexual offences,,
,2023-07,British Transport Police,British Transport Police,-0.423381,51.466685,On or near Hatton Cross (Lu Station),E01002444,Hillingdon 031A,Bicycle theft,,
,2023-07,British Transport Police,British Transport Police,-0.453534,51.471170,On or near Heathrow Terminals 123 (Lu Station),E01002444,Hillingdon 031A,Other theft,,
,2023-07,British Transport Police,British Transport Police,-0.489287,51.471996,On or near Heathrow Terminal 5 (Station),E01002444,Hillingdon 031A,Other theft,,
,2023-07,British Transport Police,British Transport Police,-0.453534,51.471170,On or near Heathrow Terminals 123 (Lu Station),E01002444,Hillingdon 031A,Other theft,,
,2023-07,British Transport Police,British Transport Police,-0.446010,51.458706,On or near Heathrow Terminal 4 (Lu Station),E01002444,Hillingdon 031A,Other theft,,
,2023-07,British Transport Police,British Transport Police,-0.453534,51.471170,On or near Heathrow Terminals 123 (Lu Station),E01002444,Hillingdon 031A,Other theft,,
,2023-07,British Transport Police,British Transport Police,-0.446010,51.458706,On or near Heathrow Terminal 4 (Lu Station),E01002444,Hillingdon 031A,Robbery,,
,2023-07,British Transport Police,British Transport Police,-0.446863,51.459032,On or near Heathrow Terminal 4 (Station),E01002444,Hillingdon 031A,Theft from the person,,
,2023-07,British Transport Police,British Transport Police,-0.453534,51.471170,On or near Heathrow Terminals 123 (Lu Station),E01002444,Hillingdon 031A,Theft from the person,,
,2023-07,British Transport Police,British Transport Police,-0.446010,51.458706,On or near Heathrow Terminal 4 (Lu Station),E01002444,Hillingdon 031A,Theft from the person,,
,2023-07,British Transport Police,British Transport Police,-0.489287,51.471996,On or near Heathrow Terminal 5 (Station),E01002444,Hillingdon 031A,Theft from the person,,
,2023-07,British Transport Police,British Transport Police,-0.490490,51.469988,On or near Heathrow Terminal 5 (Lu Station),E01002444,Hillingdon 031A,Theft from the person,,
,2023-07,British Transport Police,British Transport Police,-0.455582,51.471503,On or near Heathrow Terminals 123 (Station),E01002444,Hillingdon 031A,Violence and sexual offences,,
,2023-07,British Transport Police,British Transport Police,-0.490490,51.469988,On or near Heathrow Terminal 5 (Lu Station),E01002444,Hillingdon 031A,Violence and sexual offences,,
,2023-07,British Transport Police,British Transport Police,-0.398636,51.556577,On or near South Ruislip (Station),E01002497,Hillingdon 033B,Robbery,,
,2023-07,British Transport Police,British Transport Police,-1.371492,52.535228,On or near Hinckley (Station),E01025849,Hinckley and Bosworth 012A,Other theft,,
,2023-07,British Transport Police,British Transport Police,-0.307885,51.079642,On or near Littlehaven (Station),E01031668,Horsham 002H,Bicycle theft,,
,2023-07,British Transport Police,British Transport Police,-0.319444,51.065590,On or near Horsham (Station),E01031656,Horsham 006D,Drugs,,
,2023-07,British Transport Police,British Transport Police,-0.319444,51.065590,On or near Horsham (Station),E01031656,Horsham 006D,Public order,,
,2023-07,British Transport Police,British Transport Police,-0.319444,51.065590,On or near Horsham (Station),E01031656,Horsham 006D,Violence and sexual offences,,
,2023-07,British Transport Police,British Transport Police,-0.319444,51.065590,On or near Horsham (Station),E01031656,Horsham 006D,Violence and sexual offences,,
,2023-07,British Transport Police,British Transport Police,-0.363824,51.050770,On or near Christ'S Hospital (Station),E01031679,Horsham 008E,Criminal damage and arson,,
,2023-07,British Transport Police,British Transport Police,-0.450461,51.015143,On or near Billingshurst (Station),E01035342,Horsham 010G,Violence and sexual offences,,
,2023-07,British Transport Police,British Transport Police,-0.245230,51.494879,On or near Stamford Brook (Lu Station),E01002574,Hounslow 001D,Public order,,
,2023-07,British Transport Police,British Transport Police,-0.245230,51.494879,On or near Stamford Brook (Lu Station),E01002574,Hounslow 001D,Violence and sexual offences,,
,2023-07,British Transport Police,British Transport Police,-0.245230,51.494879,On or near Stamford Brook (Lu Station),E01002574,Hounslow 001D,Violence and sexual offences,,
,2023-07,British Transport Police,British Transport Police,-0.267922,51.481349,On or near Chiswick (Station),E01002578,Hounslow 007D,Violence and sexual offences,,
,2023-07,British Transport Police,British Transport Police,-0.267922,51.481349,On or near Chiswick (Station),E01002578,Hounslow 007D,Violence and sexual offences,,
,2023-07,British Transport Police,British Transport Police,-0.267922,51.481349,On or near Chiswick (Station),E01002578,Hounslow 007D,Violence and sexual offences,,
,2023-07,British Transport Police,British Transport Police,-0.351977,51.481001,On or near Osterley (Lu Station),E01002676,Hounslow 012E,Other theft,,
,2023-07,British Transport Police,British Transport Police,-0.336782,51.475020,On or near Isleworth (Station),E01002677,Hounslow 015E,Criminal damage and arson,,
,2023-07,British Transport Police,British Transport Police,-0.336782,51.475020,On or near Isleworth (Station),E01002677,Hounslow 015E,Other theft,,
,2023-07,British Transport Police,British Transport Police,-0.336782,51.475020,On or near Isleworth (Station),E01002677,Hounslow 015E,Theft from the person,,
,2023-07,British Transport Police,British Transport Police,-0.336782,51.475020,On or near Isleworth (Station),E01002677,Hounslow 015E,Theft from the person,,
,2023-07,British Transport Police,British Transport Police,-0.336782,51.475020,On or near Isleworth (Station),E01002677,Hounslow 015E,Violence and sexual offences,,
,2023-07,British Transport Police,British Transport Police,-0.366622,51.471286,On or near Hounslow Central (Lu Station),E01002641,Hounslow 018A,Theft from the person,,
,2023-07,British Transport Police,British Transport Police,-0.362392,51.461938,On or near Hounslow (Station),E01033084,Hounslow 018G,Bicycle theft,,
,2023-07,British Transport Police,British Transport Police,-0.362392,51.461938,On or near Hounslow (Station),E01033084,Hounslow 018G,Violence and sexual offences,,
,2023-07,British Transport Police,British Transport Police,-0.362392,51.461938,On or near Hounslow (Station),E01033084,Hounslow 018G,Violence and sexual offences,,
,2023-07,British Transport Police,British Transport Police,-0.362392,51.461938,On or near Hounslow (Station),E01033084,Hounslow 018G,Violence and sexual offences,,
,2023-07,British Transport Police,British Transport Police,-0.408782,51.448064,On or near Feltham (Station),E01002612,Hounslow 024E,Possession of weapons,,
,2023-07,British Transport Police,British Transport Police,-0.408782,51.448064,On or near Feltham (Station),E01002612,Hounslow 024E,Public order,,
,2023-07,British Transport Police,British Transport Police,-0.408782,51.448064,On or near Feltham (Station),E01002612,Hounslow 024E,Violence and sexual offences,,
,2023-07,British Transport Police,British Transport Police,-0.408782,51.448064,On or near Feltham (Station),E01002612,Hounslow 024E,Violence and sexual offences,,
,2023-07,British Transport Police,British Transport Police,-0.408782,51.448064,On or near Feltham (Station),E01002612,Hounslow 024E,Violence and sexual offences,,
,2023-07,British Transport Police,British Transport Police,-0.274684,51.491990,On or near Gunnersbury (Lu Station),E01002692,Hounslow 029C,Public order,,
,2023-07,British Transport Police,British Transport Police,-0.274684,51.491990,On or near Gunnersbury (Lu Station),E01002692,Hounslow 029C,Violence and sexual offences,,
,2023-07,British Transport Police,British Transport Police,-0.255533,51.492914,On or near Turnham Green (Lu Station),E01002693,Hounslow 029D,Criminal damage and arson,,
,2023-07,British Transport Police,British Transport Police,-0.255533,51.492914,On or near Turnham Green (Lu Station),E01002693,Hounslow 029D,Public order,,
,2023-07,British Transport Police,British Transport Police,-0.255533,51.492914,On or near Turnham Green (Lu Station),E01002693,Hounslow 029D,Public order,,
,2023-07,British Transport Police,British Transport Police,-0.255533,51.492914,On or near Turnham Green (Lu Station),E01002693,Hounslow 029D,Public order,,
,2023-07,British Transport Police,British Transport Police,-0.255533,51.492914,On or near Turnham Green (Lu Station),E01002693,Hounslow 029D,Public order,,
,2023-07,British Transport Police,British Transport Police,-0.255533,51.492914,On or near Turnham Green (Lu Station),E01002693,Hounslow 029D,Public order,,
,2023-07,British Transport Police,British Transport Police,-0.255533,51.492914,On or near Turnham Green (Lu Station),E01002693,Hounslow 029D,Theft from the person,,
,2023-07,British Transport Police,British Transport Police,-0.287496,51.489517,On or near Kew Bridge (Station),E01034042,Hounslow 030A,Violence and sexual offences,,
,2023-07,British Transport Police,British Transport Police,-0.192255,52.327952,On or near Huntingdon (Station),E01034438,Huntingdonshire 012G,Bicycle theft,,
,2023-07,British Transport Police,British Transport Police,-0.192255,52.327952,On or near Huntingdon (Station),E01034438,Huntingdonshire 012G,Criminal damage and arson,,
,2023-07,British Transport Police,British Transport Police,-0.192255,52.327952,On or near Huntingdon (Station),E01034438,Huntingdonshire 012G,Drugs,,
,2023-07,British Transport Police,British Transport Police,-0.248449,52.230576,On or near St Neots (Station),E01018188,Huntingdonshire 019B,Criminal damage and arson,,
,2023-07,British Transport Police,British Transport Police,-0.248449,52.230576,On or near St Neots (Station),E01018188,Huntingdonshire 019B,Public order,,
,2023-07,British Transport Police,British Transport Police,-0.248449,52.230576,On or near St Neots (Station),E01018188,Huntingdonshire 019B,Public order,,
,2023-07,British Transport Police,British Transport Police,-0.248449,52.230576,On or near St Neots (Station),E01018188,Huntingdonshire 019B,Public order,,
,2023-07,British Transport Police,British Transport Police,-2.347485,53.771776,On or near Huncoat (Station),E01025053,Hyndburn 002G,Criminal damage and arson,,
,2023-07,British Transport Police,British Transport Police,-2.347485,53.771776,On or near Huncoat (Station),E01025053,Hyndburn 002G,Public order,,
,2023-07,British Transport Police,British Transport Police,-2.347485,53.771776,On or near Huncoat (Station),E01025053,Hyndburn 002G,Violence and sexual offences,,
,2023-07,British Transport Police,British Transport Police,-2.369594,53.753023,On or near Accrington (Station),E01025041,Hyndburn 006A,Public order,,
,2023-07,British Transport Police,British Transport Police,1.144151,52.050225,On or near Ipswich (Station),E01029985,Ipswich 010B,Other theft,,
,2023-07,British Transport Police,British Transport Police,1.144151,52.050225,On or near Ipswich (Station),E01029985,Ipswich 010B,Other theft,,
,2023-07,British Transport Police,British Transport Police,1.144151,52.050225,On or near Ipswich (Station),E01029985,Ipswich 010B,Public order,,
,2023-07,British Transport Police,British Transport Police,1.144151,52.050225,On or near Ipswich (Station),E01029985,Ipswich 010B,Public order,,
,2023-07,British Transport Police,British Transport Police,1.144151,52.050225,On or near Ipswich (Station),E01029985,Ipswich 010B,Violence and sexual offences,,
,2023-07,British Transport Police,British Transport Police,-4.631668,53.306299,On or near Holyhead (Station),W01000017,Isle of Anglesey 003B,Public order,,
,2023-07,British Transport Police,British Transport Police,-0.134937,51.565417,On or near Archway (Lu Station),E01002770,Islington 004B,Public order,,
,2023-07,British Transport Police,British Transport Police,-0.134937,51.565417,On or near Archway (Lu Station),E01002770,Islington 004B,Public order,,
,2023-07,British Transport Police,British Transport Police,-0.105883,51.564592,On or near Finsbury Park (Station),E01002734,Islington 005B,Bicycle theft,,
,2023-07,British Transport Police,British Transport Police,-0.105883,51.564592,On or near Finsbury Park (Station),E01002734,Islington 005B,Burglary,,
,2023-07,British Transport Police,British Transport Police,-0.105883,51.564592,On or near Finsbury Park (Station),E01002734,Islington 005B,Drugs,,
,2023-07,British Transport Police,British Transport Police,-0.105883,51.564592,On or near Finsbury Park (Station),E01002734,Islington 005B,Drugs,,
,2023-07,British Transport Police,British Transport Police,-0.105883,51.564592,On or near Finsbury Park (Station),E01002734,Islington 005B,Drugs,,
,2023-07,British Transport Police,British Transport Police,-0.105883,51.564592,On or near Finsbury Park (Station),E01002734,Islington 005B,Drugs,,
,2023-07,British Transport Police,British Transport Police,-0.105883,51.564592,On or near Finsbury Park (Station),E01002734,Islington 005B,Drugs,,
,2023-07,British Transport Police,British Transport Police,-0.105883,51.564592,On or near Finsbury Park (Station),E01002734,Islington 005B,Drugs,,
,2023-07,British Transport Police,British Transport Police,-0.105883,51.564592,On or near Finsbury Park (Station),E01002734,Islington 005B,Drugs,,
,2023-07,British Transport Police,British Transport Police,-0.105883,51.564592,On or near Finsbury Park (Station),E01002734,Islington 005B,Other theft,,
,2023-07,British Transport Police,British Transport Police,-0.105883,51.564592,On or near Finsbury Park (Station),E01002734,Islington 005B,Other theft,,
,2023-07,British Transport Police,British Transport Police,-0.105883,51.564592,On or near Finsbury Park (Station),E01002734,Islington 005B,Other theft,,
,2023-07,British Transport Police,British Transport Police,-0.105883,51.564592,On or near Finsbury Park (Station),E01002734,Islington 005B,Other theft,,
,2023-07,British Transport Police,British Transport Police,-0.105883,51.564592,On or near Finsbury Park (Station),E01002734,Islington 005B,Other theft,,
,2023-07,British Transport Police,British Transport Police,-0.105883,51.564592,On or near Finsbury Park (Station),E01002734,Islington 005B,Other theft,,
,2023-07,British Transport Police,British Transport Police,-0.105883,51.564592,On or near Finsbury Park (Station),E01002734,Islington 005B,Other theft,,
,2023-07,British Transport Police,British Transport Police,-0.105883,51.564592,On or near Finsbury Park (Station),E01002734,Islington 005B,Public order,,
,2023-07,British Transport Police,British Transport Police,-0.105883,51.564592,On or near Finsbury Park (Station),E01002734,Islington 005B,Public order,,
,2023-07,British Transport Police,British Transport Police,-0.105883,51.564592,On or near Finsbury Park (Station),E01002734,Islington 005B,Public order,,
,2023-07,British Transport Police,British Transport Police,-0.105883,51.564592,On or near Finsbury Park (Station),E01002734,Islington 005B,Public order,,
,2023-07,British Transport Police,British Transport Police,-0.105883,51.564592,On or near Finsbury Park (Station),E01002734,Islington 005B,Public order,,
,2023-07,British Transport Police,British Transport Police,-0.105883,51.564592,On or near Finsbury Park (Station),E01002734,Islington 005B,Public order,,
,2023-07,British Transport Police,British Transport Police,-0.105883,51.564592,On or near Finsbury Park (Station),E01002734,Islington 005B,Public order,,
,2023-07,British Transport Police,British Transport Police,-0.105883,51.564592,On or near Finsbury Park (Station),E01002734,Islington 005B,Public order,,
,2023-07,British Transport Police,British Transport Police,-0.105883,51.564592,On or near Finsbury Park (Station),E01002734,Islington 005B,Robbery,,
,2023-07,British Transport Police,British Transport Police,-0.105883,51.564592,On or near Finsbury Park (Station),E01002734,Islington 005B,Robbery,,
,2023-07,British Transport Police,British Transport Police,-0.105883,51.564592,On or near Finsbury Park (Station),E01002734,Islington 005B,Theft from the person,,
,2023-07,British Transport Police,British Transport Police,-0.105883,51.564592,On or near Finsbury Park (Station),E01002734,Islington 005B,Theft from the person,,
,2023-07,British Transport Police,British Transport Police,-0.105883,51.564592,On or near Finsbury Park (Station),E01002734,Islington 005B,Theft from the person,,
,2023-07,British Transport Police,British Transport Police,-0.105883,51.564592,On or near Finsbury Park (Station),E01002734,Islington 005B,Theft from the person,,
,2023-07,British Transport Police,British Transport Police,-0.105883,51.564592,On or near Finsbury Park (Station),E01002734,Islington 005B,Theft from the person,,
,2023-07,British Transport Police,British Transport Police,-0.105883,51.564592,On or near Finsbury Park (Station),E01002734,Islington 005B,Theft from the person,,
,2023-07,British Transport Police,British Transport Police,-0.105883,51.564592,On or near Finsbury Park (Station),E01002734,Islington 005B,Theft from the person,,
,2023-07,British Transport Police,British Transport Police,-0.105883,51.564592,On or near Finsbury Park (Station),E01002734,Islington 005B,Theft from the person,,
,2023-07,British Transport Police,British Transport Police,-0.105883,51.564592,On or near Finsbury Park (Station),E01002734,Islington 005B,Theft from the person,,
,2023-07,British Transport Police,British Transport Police,-0.105883,51.564592,On or near Finsbury Park (Station),E01002734,Islington 005B,Theft from the person,,
,2023-07,British Transport Police,British Transport Police,-0.105883,51.564592,On or near Finsbury Park (Station),E01002734,Islington 005B,Theft from the person,,
,2023-07,British Transport Police,British Transport Police,-0.105883,51.564592,On or near Finsbury Park (Station),E01002734,Islington 005B,Theft from the person,,
,2023-07,British Transport Police,British Transport Police,-0.105883,51.564592,On or near Finsbury Park (Station),E01002734,Islington 005B,Theft from the person,,
,2023-07,British Transport Police,British Transport Police,-0.105883,51.564592,On or near Finsbury Park (Station),E01002734,Islington 005B,Theft from the person,,
,2023-07,British Transport Police,British Transport Police,-0.105883,51.564592,On or near Finsbury Park (Station),E01002734,Islington 005B,Theft from the person,,
,2023-07,British Transport Police,British Transport Police,-0.105883,51.564592,On or near Finsbury Park (Station),E01002734,Islington 005B,Theft from the person,,
,2023-07,British Transport Police,British Transport Police,-0.105883,51.564592,On or near Finsbury Park (Station),E01002734,Islington 005B,Theft from the person,,
,2023-07,British Transport Police,British Transport Police,-0.105883,51.564592,On or near Finsbury Park (Station),E01002734,Islington 005B,Theft from the person,,
,2023-07,British Transport Police,British Transport Police,-0.105883,51.564592,On or near Finsbury Park (Station),E01002734,Islington 005B,Theft from the person,,
,2023-07,British Transport Police,British Transport Police,-0.105883,51.564592,On or near Finsbury Park (Station),E01002734,Islington 005B,Theft from the person,,
,2023-07,British Transport Police,British Transport Police,-0.105883,51.564592,On or near Finsbury Park (Station),E01002734,Islington 005B,Theft from the person,,
,2023-07,British Transport Police,British Transport Police,-0.105883,51.564592,On or near Finsbury Park (Station),E01002734,Islington 005B,Theft from the person,,
,2023-07,British Transport Police,British Transport Police,-0.105883,51.564592,On or near Finsbury Park (Station),E01002734,Islington 005B,Theft from the person,,
,2023-07,British Transport Police,British Transport Police,-0.105883,51.564592,On or near Finsbury Park (Station),E01002734,Islington 005B,Theft from the person,,
,2023-07,British Transport Police,British Transport Police,-0.105883,51.564592,On or near Finsbury Park (Station),E01002734,Islington 005B,Theft from the person,,
,2023-07,British Transport Police,British Transport Police,-0.105883,51.564592,On or near Finsbury Park (Station),E01002734,Islington 005B,Theft from the person,,
,2023-07,British Transport Police,British Transport Police,-0.105883,51.564592,On or near Finsbury Park (Station),E01002734,Islington 005B,Theft from the person,,
,2023-07,British Transport Police,British Transport Police,-0.105883,51.564592,On or near Finsbury Park (Station),E01002734,Islington 005B,Theft from the person,,
,2023-07,British Transport Police,British Transport Police,-0.105883,51.564592,On or near Finsbury Park (Station),E01002734,Islington 005B,Theft from the person,,
,2023-07,British Transport Police,British Transport Police,-0.105883,51.564592,On or near Finsbury Park (Station),E01002734,Islington 005B,Theft from the person,,
,2023-07,British Transport Police,British Transport Police,-0.105883,51.564592,On or near Finsbury Park (Station),E01002734,Islington 005B,Theft from the person,,
,2023-07,British Transport Police,British Transport Police,-0.105883,51.564592,On or near Finsbury Park (Station),E01002734,Islington 005B,Theft from the person,,
,2023-07,British Transport Police,British Transport Police,-0.105883,51.564592,On or near Finsbury Park (Station),E01002734,Islington 005B,Theft from the person,,
,2023-07,British Transport Police,British Transport Police,-0.105883,51.564592,On or near Finsbury Park (Station),E01002734,Islington 005B,Theft from the person,,
,2023-07,British Transport Police,British Transport Police,-0.105883,51.564592,On or near Finsbury Park (Station),E01002734,Islington 005B,Violence and sexual offences,,
,2023-07,British Transport Police,British Transport Police,-0.105883,51.564592,On or near Finsbury Park (Station),E01002734,Islington 005B,Violence and sexual offences,,
,2023-07,British Transport Police,British Transport Police,-0.105883,51.564592,On or near Finsbury Park (Station),E01002734,Islington 005B,Violence and sexual offences,,
,2023-07,British Transport Police,British Transport Police,-0.105883,51.564592,On or near Finsbury Park (Station),E01002734,Islington 005B,Violence and sexual offences,,
,2023-07,British Transport Police,British Transport Police,-0.105883,51.564592,On or near Finsbury Park (Station),E01002734,Islington 005B,Violence and sexual offences,,
,2023-07,British Transport Police,British Transport Police,-0.105883,51.564592,On or near Finsbury Park (Station),E01002734,Islington 005B,Violence and sexual offences,,
,2023-07,British Transport Police,British Transport Police,-0.105883,51.564592,On or near Finsbury Park (Station),E01002734,Islington 005B,Violence and sexual offences,,
,2023-07,British Transport Police,British Transport Police,-0.105883,51.564592,On or near Finsbury Park (Station),E01002734,Islington 005B,Violence and sexual offences,,
,2023-07,British Transport Police,British Transport Police,-0.105883,51.564592,On or near Finsbury Park (Station),E01002734,Islington 005B,Violence and sexual offences,,
,2023-07,British Transport Police,British Transport Police,-0.105734,51.558556,On or near Arsenal (Lu Station),E01033494,Islington 006G,Other theft,,
,2023-07,British Transport Police,British Transport Police,-0.105734,51.558556,On or near Arsenal (Lu Station),E01033494,Islington 006G,Other theft,,
,2023-07,British Transport Police,British Transport Police,-0.105734,51.558556,On or near Arsenal (Lu Station),E01033494,Islington 006G,Theft from the person,,
,2023-07,British Transport Police,British Transport Police,-0.105734,51.558556,On or near Arsenal (Lu Station),E01033494,Islington 006G,Theft from the person,,
,2023-07,British Transport Police,British Transport Police,-0.105734,51.558556,On or near Arsenal (Lu Station),E01033494,Islington 006G,Theft from the person,,
,2023-07,British Transport Police,British Transport Police,-0.137932,51.556733,On or near Tufnell Park (Lu Station),E01002789,Islington 008D,Public order,,
,2023-07,British Transport Police,British Transport Police,-0.137932,51.556733,On or near Tufnell Park (Lu Station),E01002789,Islington 008D,Theft from the person,,
,2023-07,British Transport Police,British Transport Police,-0.137932,51.556733,On or near Tufnell Park (Lu Station),E01002789,Islington 008D,Theft from the person,,
,2023-07,British Transport Police,British Transport Police,-0.137932,51.556733,On or near Tufnell Park (Lu Station),E01002789,Islington 008D,Violence and sexual offences,,
,2023-07,British Transport Police,British Transport Police,-0.137932,51.556733,On or near Tufnell Park (Lu Station),E01002789,Islington 008D,Violence and sexual offences,,
,2023-07,British Transport Police,British Transport Police,-0.112789,51.552876,On or near Holloway Road (Lu Station),E01033488,Islington 011G,Violence and sexual offences,,
,2023-07,British Transport Police,British Transport Police,-0.105504,51.552545,On or near Drayton Park (Station),E01035653,Islington 011J,Other theft,,
,2023-07,British Transport Police,British Transport Police,-0.103975,51.546296,On or near Highbury And Islington (Station),E01002795,Islington 013D,Criminal damage and arson,,
,2023-07,British Transport Police,British Transport Police,-0.103975,51.546296,On or near Highbury And Islington (Station),E01002795,Islington 013D,Criminal damage and arson,,
,2023-07,British Transport Police,British Transport Police,-0.103975,51.546296,On or near Highbury And Islington (Station),E01002795,Islington 013D,Criminal damage and arson,,
,2023-07,British Transport Police,British Transport Police,-0.103975,51.546296,On or near Highbury And Islington (Station),E01002795,Islington 013D,Other theft,,
,2023-07,British Transport Police,British Transport Police,-0.103975,51.546296,On or near Highbury And Islington (Station),E01002795,Islington 013D,Other theft,,
,2023-07,British Transport Police,British Transport Police,-0.103975,51.546296,On or near Highbury And Islington (Station),E01002795,Islington 013D,Other theft,,
,2023-07,British Transport Police,British Transport Police,-0.103975,51.546296,On or near Highbury And Islington (Station),E01002795,Islington 013D,Other theft,,
,2023-07,British Transport Police,British Transport Police,-0.103975,51.546296,On or near Highbury And Islington (Station),E01002795,Islington 013D,Other theft,,
,2023-07,British Transport Police,British Transport Police,-0.103975,51.546296,On or near Highbury And Islington (Station),E01002795,Islington 013D,Other theft,,
,2023-07,British Transport Police,British Transport Police,-0.103975,51.546296,On or near Highbury And Islington (Station),E01002795,Islington 013D,Other theft,,
,2023-07,British Transport Police,British Transport Police,-0.103975,51.546296,On or near Highbury And Islington (Station),E01002795,Islington 013D,Public order,,
,2023-07,British Transport Police,British Transport Police,-0.103975,51.546296,On or near Highbury And Islington (Station),E01002795,Islington 013D,Public order,,
,2023-07,British Transport Police,British Transport Police,-0.103975,51.546296,On or near Highbury And Islington (Station),E01002795,Islington 013D,Public order,,
,2023-07,British Transport Police,British Transport Police,-0.103975,51.546296,On or near Highbury And Islington (Station),E01002795,Islington 013D,Public order,,
,2023-07,British Transport Police,British Transport Police,-0.103975,51.546296,On or near Highbury And Islington (Station),E01002795,Islington 013D,Public order,,
,2023-07,British Transport Police,British Transport Police,-0.103975,51.546296,On or near Highbury And Islington (Station),E01002795,Islington 013D,Public order,,
,2023-07,British Transport Police,British Transport Police,-0.103975,51.546296,On or near Highbury And Islington (Station),E01002795,Islington 013D,Public order,,
,2023-07,British Transport Police,British Transport Police,-0.103975,51.546296,On or near Highbury And Islington (Station),E01002795,Islington 013D,Public order,,
,2023-07,British Transport Police,British Transport Police,-0.103975,51.546296,On or near Highbury And Islington (Station),E01002795,Islington 013D,Public order,,
,2023-07,British Transport Police,British Transport Police,-0.103975,51.546296,On or near Highbury And Islington (Station),E01002795,Islington 013D,Public order,,
,2023-07,British Transport Police,British Transport Police,-0.103975,51.546296,On or near Highbury And Islington (Station),E01002795,Islington 013D,Public order,,
,2023-07,British Transport Police,British Transport Police,-0.103975,51.546296,On or near Highbury And Islington (Station),E01002795,Islington 013D,Theft from the person,,
,2023-07,British Transport Police,British Transport Police,-0.103975,51.546296,On or near Highbury And Islington (Station),E01002795,Islington 013D,Theft from the person,,
,2023-07,British Transport Police,British Transport Police,-0.103975,51.546296,On or near Highbury And Islington (Station),E01002795,Islington 013D,Theft from the person,,
,2023-07,British Transport Police,British Transport Police,-0.103975,51.546296,On or near Highbury And Islington (Station),E01002795,Islington 013D,Theft from the person,,
,2023-07,British Transport Police,British Transport Police,-0.103975,51.546296,On or near Highbury And Islington (Station),E01002795,Islington 013D,Theft from the person,,
,2023-07,British Transport Police,British Transport Police,-0.103975,51.546296,On or near Highbury And Islington (Station),E01002795,Islington 013D,Theft from the person,,
,2023-07,British Transport Police,British Transport Police,-0.103975,51.546296,On or near Highbury And Islington (Station),E01002795,Islington 013D,Theft from the person,,
,2023-07,British Transport Police,British Transport Police,-0.103975,51.546296,On or near Highbury And Islington (Station),E01002795,Islington 013D,Theft from the person,,
,2023-07,British Transport Police,British Transport Police,-0.103975,51.546296,On or near Highbury And Islington (Station),E01002795,Islington 013D,Theft from the person,,
,2023-07,British Transport Police,British Transport Police,-0.103975,51.546296,On or near Highbury And Islington (Station),E01002795,Islington 013D,Theft from the person,,
,2023-07,British Transport Police,British Transport Police,-0.103975,51.546296,On or near Highbury And Islington (Station),E01002795,Islington 013D,Theft from the person,,
,2023-07,British Transport Police,British Transport Police,-0.103975,51.546296,On or near Highbury And Islington (Station),E01002795,Islington 013D,Theft from the person,,
,2023-07,British Transport Police,British Transport Police,-0.103975,51.546296,On or near Highbury And Islington (Station),E01002795,Islington 013D,Theft from the person,,
,2023-07,British Transport Police,British Transport Police,-0.103975,51.546296,On or near Highbury And Islington (Station),E01002795,Islington 013D,Theft from the person,,
,2023-07,British Transport Police,British Transport Police,-0.103975,51.546296,On or near Highbury And Islington (Station),E01002795,Islington 013D,Theft from the person,,
,2023-07,British Transport Police,British Transport Police,-0.103975,51.546296,On or near Highbury And Islington (Station),E01002795,Islington 013D,Theft from the person,,
,2023-07,British Transport Police,British Transport Police,-0.103975,51.546296,On or near Highbury And Islington (Station),E01002795,Islington 013D,Theft from the person,,
,2023-07,British Transport Police,British Transport Police,-0.103975,51.546296,On or near Highbury And Islington (Station),E01002795,Islington 013D,Violence and sexual offences,,
,2023-07,British Transport Police,British Transport Police,-0.103975,51.546296,On or near Highbury And Islington (Station),E01002795,Islington 013D,Violence and sexual offences,,
,2023-07,British Transport Police,British Transport Police,-0.103975,51.546296,On or near Highbury And Islington (Station),E01002795,Islington 013D,Violence and sexual offences,,
,2023-07,British Transport Police,British Transport Police,-0.103975,51.546296,On or near Highbury And Islington (Station),E01002795,Islington 013D,Violence and sexual offences,,
,2023-07,British Transport Police,British Transport Police,-0.103975,51.546296,On or near Highbury And Islington (Station),E01002795,Islington 013D,Violence and sexual offences,,
,2023-07,British Transport Police,British Transport Police,-0.103975,51.546296,On or near Highbury And Islington (Station),E01002795,Islington 013D,Violence and sexual offences,,
,2023-07,British Transport Police,British Transport Police,-0.103975,51.546296,On or near Highbury And Islington (Station),E01002795,Islington 013D,Violence and sexual offences,,
,2023-07,British Transport Police,British Transport Police,-0.103975,51.546296,On or near Highbury And Islington (Station),E01002795,Islington 013D,Violence and sexual offences,,
,2023-07,British Transport Police,British Transport Police,-0.103975,51.546296,On or near Highbury And Islington (Station),E01002795,Islington 013D,Violence and sexual offences,,
,2023-07,British Transport Police,British Transport Police,-0.092135,51.548686,On or near Canonbury (Station),E01002775,Islington 014D,Robbery,,
,2023-07,British Transport Police,British Transport Police,-0.092135,51.548686,On or near Canonbury (Station),E01002775,Islington 014D,Theft from the person,,
,2023-07,British Transport Police,British Transport Police,-0.092135,51.548686,On or near Canonbury (Station),E01002775,Islington 014D,Theft from the person,,
,2023-07,British Transport Police,British Transport Police,-0.092135,51.548686,On or near Canonbury (Station),E01002775,Islington 014D,Violence and sexual offences,,
,2023-07,British Transport Police,British Transport Police,-0.115444,51.543442,On or near Caledonian Road And Barnsbury (Station),E01002712,Islington 015B,Public order,,
,2023-07,British Transport Police,British Transport Police,-0.115444,51.543442,On or near Caledonian Road And Barnsbury (Station),E01002712,Islington 015B,Violence and sexual offences,,
,2023-07,British Transport Police,British Transport Police,-0.118306,51.548524,On or near Caledonian Road (Lu Station),E01002765,Islington 015D,Public order,,
,2023-07,British Transport Police,British Transport Police,-0.118306,51.548524,On or near Caledonian Road (Lu Station),E01002765,Islington 015D,Theft from the person,,
,2023-07,British Transport Police,British Transport Police,-0.105812,51.532631,On or near Angel (Lu Station),E01035655,Islington 020F,Theft from the person,,
,2023-07,British Transport Police,British Transport Police,-0.105812,51.532631,On or near Angel (Lu Station),E01035655,Islington 020F,Violence and sexual offences,,
,2023-07,British Transport Police,British Transport Police,-0.104753,51.520294,On or near Farringdon (Station),E01002724,Islington 022D,Criminal damage and arson,,
,2023-07,British Transport Police,British Transport Police,-0.104753,51.520294,On or near Farringdon (Station),E01002724,Islington 022D,Drugs,,
,2023-07,British Transport Police,British Transport Police,-0.104753,51.520294,On or near Farringdon (Station),E01002724,Islington 022D,Drugs,,
,2023-07,British Transport Police,British Transport Police,-0.104753,51.520294,On or near Farringdon (Station),E01002724,Islington 022D,Other theft,,
,2023-07,British Transport Police,British Transport Police,-0.104753,51.520294,On or near Farringdon (Station),E01002724,Islington 022D,Other theft,,
,2023-07,British Transport Police,British Transport Police,-0.104753,51.520294,On or near Farringdon (Station),E01002724,Islington 022D,Other theft,,
,2023-07,British Transport Police,British Transport Police,-0.104753,51.520294,On or near Farringdon (Station),E01002724,Islington 022D,Other theft,,
,2023-07,British Transport Police,British Transport Police,-0.104753,51.520294,On or near Farringdon (Station),E01002724,Islington 022D,Public order,,
,2023-07,British Transport Police,British Transport Police,-0.104753,51.520294,On or near Farringdon (Station),E01002724,Islington 022D,Theft from the person,,
,2023-07,British Transport Police,British Transport Police,-0.104753,51.520294,On or near Farringdon (Station),E01002724,Islington 022D,Theft from the person,,
,2023-07,British Transport Police,British Transport Police,-0.104753,51.520294,On or near Farringdon (Station),E01002724,Islington 022D,Theft from the person,,
,2023-07,British Transport Police,British Transport Police,-0.104753,51.520294,On or near Farringdon (Station),E01002724,Islington 022D,Theft from the person,,
,2023-07,British Transport Police,British Transport Police,-0.104753,51.520294,On or near Farringdon (Station),E01002724,Islington 022D,Theft from the person,,
,2023-07,British Transport Police,British Transport Police,-0.104753,51.520294,On or near Farringdon (Station),E01002724,Islington 022D,Theft from the person,,
,2023-07,British Transport Police,British Transport Police,-0.104753,51.520294,On or near Farringdon (Station),E01002724,Islington 022D,Theft from the person,,
,2023-07,British Transport Police,British Transport Police,-0.104753,51.520294,On or near Farringdon (Station),E01002724,Islington 022D,Theft from the person,,
,2023-07,British Transport Police,British Transport Police,-0.104753,51.520294,On or near Farringdon (Station),E01002724,Islington 022D,Theft from the person,,
,2023-07,British Transport Police,British Transport Police,-0.104753,51.520294,On or near Farringdon (Station),E01002724,Islington 022D,Violence and sexual offences,,
,2023-07,British Transport Police,British Transport Police,-0.104753,51.520294,On or near Farringdon (Station),E01002724,Islington 022D,Violence and sexual offences,,
,2023-07,British Transport Police,British Transport Police,-0.087538,51.525887,On or near Old Street (Lu Station),E01002704,Islington 023D,Other theft,,
,2023-07,British Transport Police,British Transport Police,-0.087538,51.525887,On or near Old Street (Lu Station),E01002704,Islington 023D,Public order,,
,2023-07,British Transport Police,British Transport Police,-0.087538,51.525887,On or near Old Street (Lu Station),E01002704,Islington 023D,Theft from the person,,
,2023-07,British Transport Police,British Transport Police,-0.087538,51.525887,On or near Old Street (Lu Station),E01002704,Islington 023D,Theft from the person,,
,2023-07,British Transport Police,British Transport Police,-0.087538,51.525887,On or near Old Street (Lu Station),E01002704,Islington 023D,Violence and sexual offences,,
,2023-07,British Transport Police,British Transport Police,-0.087538,51.525887,On or near Old Street (Lu Station),E01002704,Islington 023D,Violence and sexual offences,,
,2023-07,British Transport Police,British Transport Police,-0.200882,51.520990,On or near Westbourne Park (Lu Station),E01002854,Kensington and Chelsea 001C,Public order,,
,2023-07,British Transport Police,British Transport Police,-0.200882,51.520990,On or near Westbourne Park (Lu Station),E01002854,Kensington and Chelsea 001C,Violence and sexual offences,,
,2023-07,British Transport Police,British Transport Police,-0.210275,51.517465,On or near Ladbroke Grove (Lu Station),E01002878,Kensington and Chelsea 003C,Violence and sexual offences,,
,2023-07,British Transport Police,British Transport Police,-0.217648,51.513605,On or near Latimer Road (Lu Station),E01002880,Kensington and Chelsea 005D,Violence and sexual offences,,
,2023-07,British Transport Police,British Transport Police,-0.197032,51.508775,On or near Notting Hill Gate (Lu Station),E01002827,Kensington and Chelsea 008D,Possession of weapons,,
,2023-07,British Transport Police,British Transport Police,-0.197032,51.508775,On or near Notting Hill Gate (Lu Station),E01002827,Kensington and Chelsea 008D,Public order,,
,2023-07,British Transport Police,British Transport Police,-0.197032,51.508775,On or near Notting Hill Gate (Lu Station),E01002827,Kensington and Chelsea 008D,Theft from the person,,
,2023-07,British Transport Police,British Transport Police,-0.197032,51.508775,On or near Notting Hill Gate (Lu Station),E01002827,Kensington and Chelsea 008D,Theft from the person,,
,2023-07,British Transport Police,British Transport Police,-0.197032,51.508775,On or near Notting Hill Gate (Lu Station),E01002827,Kensington and Chelsea 008D,Theft from the person,,
,2023-07,British Transport Police,British Transport Police,-0.197032,51.508775,On or near Notting Hill Gate (Lu Station),E01002827,Kensington and Chelsea 008D,Theft from the person,,
,2023-07,British Transport Police,British Transport Police,-0.197032,51.508775,On or near Notting Hill Gate (Lu Station),E01002827,Kensington and Chelsea 008D,Violence and sexual offences,,
,2023-07,British Transport Police,British Transport Police,-0.197032,51.508775,On or near Notting Hill Gate (Lu Station),E01002827,Kensington and Chelsea 008D,Violence and sexual offences,,
,2023-07,British Transport Police,British Transport Police,-0.197032,51.508775,On or near Notting Hill Gate (Lu Station),E01002827,Kensington and Chelsea 008D,Other crime,,
,2023-07,British Transport Police,British Transport Police,-0.192163,51.500569,On or near High Street Kensington (Lu Station),E01002889,Kensington and Chelsea 010B,Public order,,
,2023-07,British Transport Police,British Transport Police,-0.192163,51.500569,On or near High Street Kensington (Lu Station),E01002889,Kensington and Chelsea 010B,Theft from the person,,
,2023-07,British Transport Police,British Transport Police,-0.160452,51.501622,On or near Knightsbridge (Lu Station),E01002818,Kensington and Chelsea 012A,Other theft,,
,2023-07,British Transport Police,British Transport Police,-0.160452,51.501622,On or near Knightsbridge (Lu Station),E01002818,Kensington and Chelsea 012A,Theft from the person,,
,2023-07,British Transport Police,British Transport Police,-0.160452,51.501622,On or near Knightsbridge (Lu Station),E01002818,Kensington and Chelsea 012A,Theft from the person,,
,2023-07,British Transport Police,British Transport Police,-0.160452,51.501622,On or near Knightsbridge (Lu Station),E01002818,Kensington and Chelsea 012A,Violence and sexual offences,,
,2023-07,British Transport Police,British Transport Police,-0.194706,51.491159,On or near Earls Court (Lu Station),E01002847,Kensington and Chelsea 015B,Drugs,,
,2023-07,British Transport Police,British Transport Police,-0.194706,51.491159,On or near Earls Court (Lu Station),E01002847,Kensington and Chelsea 015B,Other theft,,
,2023-07,British Transport Police,British Transport Police,-0.194706,51.491159,On or near Earls Court (Lu Station),E01002847,Kensington and Chelsea 015B,Other theft,,
,2023-07,British Transport Police,British Transport Police,-0.194706,51.491159,On or near Earls Court (Lu Station),E01002847,Kensington and Chelsea 015B,Public order,,
,2023-07,British Transport Police,British Transport Police,-0.194706,51.491159,On or near Earls Court (Lu Station),E01002847,Kensington and Chelsea 015B,Public order,,
,2023-07,British Transport Police,British Transport Police,-0.194706,51.491159,On or near Earls Court (Lu Station),E01002847,Kensington and Chelsea 015B,Public order,,
,2023-07,British Transport Police,British Transport Police,-0.194706,51.491159,On or near Earls Court (Lu Station),E01002847,Kensington and Chelsea 015B,Public order,,
,2023-07,British Transport Police,British Transport Police,-0.194706,51.491159,On or near Earls Court (Lu Station),E01002847,Kensington and Chelsea 015B,Public order,,
,2023-07,British Transport Police,British Transport Police,-0.194706,51.491159,On or near Earls Court (Lu Station),E01002847,Kensington and Chelsea 015B,Robbery,,
,2023-07,British Transport Police,British Transport Police,-0.194706,51.491159,On or near Earls Court (Lu Station),E01002847,Kensington and Chelsea 015B,Theft from the person,,
,2023-07,British Transport Police,British Transport Police,-0.194706,51.491159,On or near Earls Court (Lu Station),E01002847,Kensington and Chelsea 015B,Violence and sexual offences,,
,2023-07,British Transport Police,British Transport Police,-0.194706,51.491159,On or near Earls Court (Lu Station),E01002847,Kensington and Chelsea 015B,Violence and sexual offences,,
,2023-07,British Transport Police,British Transport Police,-0.194706,51.491159,On or near Earls Court (Lu Station),E01002847,Kensington and Chelsea 015B,Violence and sexual offences,,
,2023-07,British Transport Police,British Transport Police,-0.194706,51.491159,On or near Earls Court (Lu Station),E01002847,Kensington and Chelsea 015B,Violence and sexual offences,,
,2023-07,British Transport Police,British Transport Police,-0.194706,51.491159,On or near Earls Court (Lu Station),E01002847,Kensington and Chelsea 015B,Violence and sexual offences,,
,2023-07,British Transport Police,British Transport Police,-0.194706,51.491159,On or near Earls Court (Lu Station),E01002847,Kensington and Chelsea 015B,Violence and sexual offences,,
,2023-07,British Transport Police,British Transport Police,-0.194706,51.491159,On or near Earls Court (Lu Station),E01002847,Kensington and Chelsea 015B,Violence and sexual offences,,
,2023-07,British Transport Police,British Transport Police,-0.182646,51.494367,On or near Gloucester Road (Lu Station),E01002835,Kensington and Chelsea 016C,Other theft,,
,2023-07,British Transport Police,British Transport Police,-0.182646,51.494367,On or near Gloucester Road (Lu Station),E01002835,Kensington and Chelsea 016C,Other theft,,
,2023-07,British Transport Police,British Transport Police,-0.182646,51.494367,On or near Gloucester Road (Lu Station),E01002835,Kensington and Chelsea 016C,Other theft,,
,2023-07,British Transport Police,British Transport Police,-0.182646,51.494367,On or near Gloucester Road (Lu Station),E01002835,Kensington and Chelsea 016C,Other theft,,
,2023-07,British Transport Police,British Transport Police,-0.182646,51.494367,On or near Gloucester Road (Lu Station),E01002835,Kensington and Chelsea 016C,Public order,,
,2023-07,British Transport Police,British Transport Police,-0.182646,51.494367,On or near Gloucester Road (Lu Station),E01002835,Kensington and Chelsea 016C,Public order,,
,2023-07,British Transport Police,British Transport Police,-0.182646,51.494367,On or near Gloucester Road (Lu Station),E01002835,Kensington and Chelsea 016C,Theft from the person,,
,2023-07,British Transport Police,British Transport Police,-0.182646,51.494367,On or near Gloucester Road (Lu Station),E01002835,Kensington and Chelsea 016C,Theft from the person,,
,2023-07,British Transport Police,British Transport Police,-0.182646,51.494367,On or near Gloucester Road (Lu Station),E01002835,Kensington and Chelsea 016C,Theft from the person,,
,2023-07,British Transport Police,British Transport Police,-0.182646,51.494367,On or near Gloucester Road (Lu Station),E01002835,Kensington and Chelsea 016C,Theft from the person,,
,2023-07,British Transport Police,British Transport Police,-0.182646,51.494367,On or near Gloucester Road (Lu Station),E01002835,Kensington and Chelsea 016C,Violence and sexual offences,,
,2023-07,British Transport Police,British Transport Police,-0.182646,51.494367,On or near Gloucester Road (Lu Station),E01002835,Kensington and Chelsea 016C,Violence and sexual offences,,
,2023-07,British Transport Police,British Transport Police,-0.173936,51.493716,On or near South Kensington (Lu Station),E01035713,Kensington and Chelsea 016F,Other theft,,
,2023-07,British Transport Police,British Transport Police,-0.173936,51.493716,On or near South Kensington (Lu Station),E01035713,Kensington and Chelsea 016F,Other theft,,
,2023-07,British Transport Police,British Transport Police,-0.173936,51.493716,On or near South Kensington (Lu Station),E01035713,Kensington and Chelsea 016F,Public order,,
,2023-07,British Transport Police,British Transport Police,-0.173936,51.493716,On or near South Kensington (Lu Station),E01035713,Kensington and Chelsea 016F,Public order,,
,2023-07,British Transport Police,British Transport Police,-0.173936,51.493716,On or near South Kensington (Lu Station),E01035713,Kensington and Chelsea 016F,Shoplifting,,
,2023-07,British Transport Police,British Transport Police,-0.173936,51.493716,On or near South Kensington (Lu Station),E01035713,Kensington and Chelsea 016F,Shoplifting,,
,2023-07,British Transport Police,British Transport Police,-0.173936,51.493716,On or near South Kensington (Lu Station),E01035713,Kensington and Chelsea 016F,Theft from the person,,
,2023-07,British Transport Police,British Transport Police,-0.173936,51.493716,On or near South Kensington (Lu Station),E01035713,Kensington and Chelsea 016F,Theft from the person,,
,2023-07,British Transport Police,British Transport Police,-0.173936,51.493716,On or near South Kensington (Lu Station),E01035713,Kensington and Chelsea 016F,Theft from the person,,
,2023-07,British Transport Police,British Transport Police,-0.173936,51.493716,On or near South Kensington (Lu Station),E01035713,Kensington and Chelsea 016F,Theft from the person,,
,2023-07,British Transport Police,British Transport Police,-0.173936,51.493716,On or near South Kensington (Lu Station),E01035713,Kensington and Chelsea 016F,Theft from the person,,
,2023-07,British Transport Police,British Transport Police,-0.173936,51.493716,On or near South Kensington (Lu Station),E01035713,Kensington and Chelsea 016F,Theft from the person,,
,2023-07,British Transport Police,British Transport Police,-0.173936,51.493716,On or near South Kensington (Lu Station),E01035713,Kensington and Chelsea 016F,Violence and sexual offences,,
,2023-07,British Transport Police,British Transport Police,-0.173936,51.493716,On or near South Kensington (Lu Station),E01035713,Kensington and Chelsea 016F,Violence and sexual offences,,
,2023-07,British Transport Police,British Transport Police,-0.195584,51.487277,On or near West Brompton (Lu Station),E01002894,Kensington and Chelsea 017D,Violence and sexual offences,,
,2023-07,British Transport Police,British Transport Police,-0.156487,51.492215,On or near Sloane Square (Lu Station),E01002902,Kensington and Chelsea 018D,Criminal damage and arson,,
,2023-07,British Transport Police,British Transport Police,-0.156487,51.492215,On or near Sloane Square (Lu Station),E01002902,Kensington and Chelsea 018D,Robbery,,
,2023-07,British Transport Police,British Transport Police,-0.156487,51.492215,On or near Sloane Square (Lu Station),E01002902,Kensington and Chelsea 018D,Robbery,,
,2023-07,British Transport Police,British Transport Police,-0.156487,51.492215,On or near Sloane Square (Lu Station),E01002902,Kensington and Chelsea 018D,Violence and sexual offences,,
,2023-07,British Transport Police,British Transport Police,-0.156487,51.492215,On or near Sloane Square (Lu Station),E01002902,Kensington and Chelsea 018D,Violence and sexual offences,,
,2023-07,British Transport Police,British Transport Police,0.403115,52.753796,On or near Kings Lynn (Station),E01034769,King's Lynn and West Norfolk 011H,Bicycle theft,,
,2023-07,British Transport Police,British Transport Police,0.403115,52.753796,On or near Kings Lynn (Station),E01034769,King's Lynn and West Norfolk 011H,Public order,,
,2023-07,British Transport Police,British Transport Police,0.403115,52.753796,On or near Kings Lynn (Station),E01034769,King's Lynn and West Norfolk 011H,Violence and sexual offences,,
,2023-07,British Transport Police,British Transport Police,-0.347249,53.743961,On or near Hull (Station),E01035466,Kingston upon Hull 029H,Bicycle theft,,
,2023-07,British Transport Police,British Transport Police,-0.347249,53.743961,On or near Hull (Station),E01035466,Kingston upon Hull 029H,Bicycle theft,,
,2023-07,British Transport Police,British Transport Police,-0.347249,53.743961,On or near Hull (Station),E01035466,Kingston upon Hull 029H,Bicycle theft,,
,2023-07,British Transport Police,British Transport Police,-0.347249,53.743961,On or near Hull (Station),E01035466,Kingston upon Hull 029H,Bicycle theft,,
,2023-07,British Transport Police,British Transport Police,-0.347249,53.743961,On or near Hull (Station),E01035466,Kingston upon Hull 029H,Bicycle theft,,
,2023-07,British Transport Police,British Transport Police,-0.347249,53.743961,On or near Hull (Station),E01035466,Kingston upon Hull 029H,Criminal damage and arson,,
,2023-07,British Transport Police,British Transport Police,-0.347249,53.743961,On or near Hull (Station),E01035466,Kingston upon Hull 029H,Drugs,,
,2023-07,British Transport Police,British Transport Police,-0.347249,53.743961,On or near Hull (Station),E01035466,Kingston upon Hull 029H,Drugs,,
,2023-07,British Transport Police,British Transport Police,-0.347249,53.743961,On or near Hull (Station),E01035466,Kingston upon Hull 029H,Drugs,,
,2023-07,British Transport Police,British Transport Police,-0.347249,53.743961,On or near Hull (Station),E01035466,Kingston upon Hull 029H,Other theft,,
,2023-07,British Transport Police,British Transport Police,-0.347249,53.743961,On or near Hull (Station),E01035466,Kingston upon Hull 029H,Other theft,,
,2023-07,British Transport Police,British Transport Police,-0.347249,53.743961,On or near Hull (Station),E01035466,Kingston upon Hull 029H,Other theft,,
,2023-07,British Transport Police,British Transport Police,-0.347249,53.743961,On or near Hull (Station),E01035466,Kingston upon Hull 029H,Public order,,
,2023-07,British Transport Police,British Transport Police,-0.347249,53.743961,On or near Hull (Station),E01035466,Kingston upon Hull 029H,Public order,,
,2023-07,British Transport Police,British Transport Police,-0.347249,53.743961,On or near Hull (Station),E01035466,Kingston upon Hull 029H,Public order,,
,2023-07,British Transport Police,British Transport Police,-0.347249,53.743961,On or near Hull (Station),E01035466,Kingston upon Hull 029H,Public order,,
,2023-07,British Transport Police,British Transport Police,-0.347249,53.743961,On or near Hull (Station),E01035466,Kingston upon Hull 029H,Public order,,
,2023-07,British Transport Police,British Transport Police,-0.347249,53.743961,On or near Hull (Station),E01035466,Kingston upon Hull 029H,Public order,,
,2023-07,British Transport Police,British Transport Police,-0.347249,53.743961,On or near Hull (Station),E01035466,Kingston upon Hull 029H,Violence and sexual offences,,
,2023-07,British Transport Police,British Transport Police,-0.347249,53.743961,On or near Hull (Station),E01035466,Kingston upon Hull 029H,Violence and sexual offences,,
,2023-07,British Transport Police,British Transport Police,-0.347249,53.743961,On or near Hull (Station),E01035466,Kingston upon Hull 029H,Violence and sexual offences,,
,2023-07,British Transport Police,British Transport Police,-0.347249,53.743961,On or near Hull (Station),E01035466,Kingston upon Hull 029H,Violence and sexual offences,,
,2023-07,British Transport Police,British Transport Police,-0.347249,53.743961,On or near Hull (Station),E01035466,Kingston upon Hull 029H,Violence and sexual offences,,
,2023-07,British Transport Police,British Transport Police,-0.347249,53.743961,On or near Hull (Station),E01035466,Kingston upon Hull 029H,Violence and sexual offences,,
,2023-07,British Transport Police,British Transport Police,-0.347249,53.743961,On or near Hull (Station),E01035466,Kingston upon Hull 029H,Other crime,,
,2023-07,British Transport Police,British Transport Police,-0.301141,51.412853,On or near Kingston (Station),E01033569,Kingston upon Thames 004G,Bicycle theft,,
,2023-07,British Transport Police,British Transport Police,-0.301141,51.412853,On or near Kingston (Station),E01033569,Kingston upon Thames 004G,Criminal damage and arson,,
,2023-07,British Transport Police,British Transport Police,-0.301141,51.412853,On or near Kingston (Station),E01033569,Kingston upon Thames 004G,Public order,,
,2023-07,British Transport Police,British Transport Police,-0.301141,51.412853,On or near Kingston (Station),E01033569,Kingston upon Thames 004G,Robbery,,
,2023-07,British Transport Police,British Transport Police,-0.301141,51.412853,On or near Kingston (Station),E01033569,Kingston upon Thames 004G,Violence and sexual offences,,
,2023-07,British Transport Police,British Transport Police,-0.283888,51.412166,On or near Norbiton (Station),E01002974,Kingston upon Thames 005E,Bicycle theft,,
,2023-07,British Transport Police,British Transport Police,-0.283888,51.412166,On or near Norbiton (Station),E01002974,Kingston upon Thames 005E,Bicycle theft,,
,2023-07,British Transport Police,British Transport Police,-0.256098,51.404077,On or near New Malden (Station),E01002930,Kingston upon Thames 007B,Bicycle theft,,
,2023-07,British Transport Police,British Transport Police,-0.256098,51.404077,On or near New Malden (Station),E01002930,Kingston upon Thames 007B,Public order,,
,2023-07,British Transport Police,British Transport Police,-0.303958,51.392599,On or near Surbiton (Station),E01002987,Kingston upon Thames 011B,Bicycle theft,,
,2023-07,British Transport Police,British Transport Police,-0.303958,51.392599,On or near Surbiton (Station),E01002987,Kingston upon Thames 011B,Bicycle theft,,
,2023-07,British Transport Police,British Transport Police,-0.303958,51.392599,On or near Surbiton (Station),E01002987,Kingston upon Thames 011B,Bicycle theft,,
,2023-07,British Transport Police,British Transport Police,-0.303958,51.392599,On or near Surbiton (Station),E01002987,Kingston upon Thames 011B,Criminal damage and arson,,
,2023-07,British Transport Police,British Transport Police,-0.303958,51.392599,On or near Surbiton (Station),E01002987,Kingston upon Thames 011B,Other theft,,
,2023-07,British Transport Police,British Transport Police,-0.303958,51.392599,On or near Surbiton (Station),E01002987,Kingston upon Thames 011B,Theft from the person,,
,2023-07,British Transport Police,British Transport Police,-0.303958,51.392599,On or near Surbiton (Station),E01002987,Kingston upon Thames 011B,Violence and sexual offences,,
,2023-07,British Transport Police,British Transport Police,-0.261184,51.384818,On or near Malden Manor (Station),E01002977,Kingston upon Thames 012B,Other theft,,
,2023-07,British Transport Police,British Transport Police,-0.261184,51.384818,On or near Malden Manor (Station),E01002977,Kingston upon Thames 012B,Shoplifting,,
,2023-07,British Transport Police,British Transport Police,-0.244982,51.381527,On or near Worcester Park (Station),E01002978,Kingston upon Thames 015B,Bicycle theft,,
,2023-07,British Transport Police,British Transport Police,-0.244982,51.381527,On or near Worcester Park (Station),E01002978,Kingston upon Thames 015B,Bicycle theft,,
,2023-07,British Transport Police,British Transport Police,-0.244982,51.381527,On or near Worcester Park (Station),E01002978,Kingston upon Thames 015B,Bicycle theft,,
,2023-07,British Transport Police,British Transport Police,-0.244982,51.381527,On or near Worcester Park (Station),E01002978,Kingston upon Thames 015B,Criminal damage and arson,,
,2023-07,British Transport Police,British Transport Police,-0.244982,51.381527,On or near Worcester Park (Station),E01002978,Kingston upon Thames 015B,Robbery,,
,2023-07,British Transport Police,British Transport Police,-0.300449,51.364198,On or near Chessington North (Station),E01002939,Kingston upon Thames 018A,Violence and sexual offences,,
,2023-07,British Transport Police,British Transport Police,-0.300449,51.364198,On or near Chessington North (Station),E01002939,Kingston upon Thames 018A,Violence and sexual offences,,
,2023-07,British Transport Police,British Transport Police,-1.632865,53.692032,On or near Dewsbury (Station),E01011130,Kirklees 017B,Criminal damage and arson,,
,2023-07,British Transport Police,British Transport Police,-1.785073,53.647649,On or near Huddersfield (Station),E01011236,Kirklees 034B,Bicycle theft,,
,2023-07,British Transport Police,British Transport Police,-1.785073,53.647649,On or near Huddersfield (Station),E01011236,Kirklees 034B,Drugs,,
,2023-07,British Transport Police,British Transport Police,-1.785073,53.647649,On or near Huddersfield (Station),E01011236,Kirklees 034B,Public order,,
,2023-07,British Transport Police,British Transport Police,-1.800882,53.634607,On or near Lockwood (Station),E01011081,Kirklees 043B,Criminal damage and arson,,
,2023-07,British Transport Police,British Transport Police,-2.830442,53.364855,On or near Halewood (Station),E01006422,Knowsley 019B,Criminal damage and arson,,
,2023-07,British Transport Police,British Transport Police,-0.123785,51.485779,On or near Vauxhall (Station),E01003102,Lambeth 004A,Criminal damage and arson,,
,2023-07,British Transport Police,British Transport Police,-0.123785,51.485779,On or near Vauxhall (Station),E01003102,Lambeth 004A,Drugs,,
,2023-07,British Transport Police,British Transport Police,-0.123785,51.485779,On or near Vauxhall (Station),E01003102,Lambeth 004A,Drugs,,
,2023-07,British Transport Police,British Transport Police,-0.123785,51.485779,On or near Vauxhall (Station),E01003102,Lambeth 004A,Drugs,,
,2023-07,British Transport Police,British Transport Police,-0.123785,51.485779,On or near Vauxhall (Station),E01003102,Lambeth 004A,Drugs,,
,2023-07,British Transport Police,British Transport Police,-0.123785,51.485779,On or near Vauxhall (Station),E01003102,Lambeth 004A,Other theft,,
,2023-07,British Transport Police,British Transport Police,-0.123785,51.485779,On or near Vauxhall (Station),E01003102,Lambeth 004A,Other theft,,
,2023-07,British Transport Police,British Transport Police,-0.123785,51.485779,On or near Vauxhall (Station),E01003102,Lambeth 004A,Other theft,,
,2023-07,British Transport Police,British Transport Police,-0.123785,51.485779,On or near Vauxhall (Station),E01003102,Lambeth 004A,Other theft,,
,2023-07,British Transport Police,British Transport Police,-0.123785,51.485779,On or near Vauxhall (Station),E01003102,Lambeth 004A,Other theft,,
,2023-07,British Transport Police,British Transport Police,-0.123785,51.485779,On or near Vauxhall (Station),E01003102,Lambeth 004A,Public order,,
,2023-07,British Transport Police,British Transport Police,-0.123785,51.485779,On or near Vauxhall (Station),E01003102,Lambeth 004A,Public order,,
,2023-07,British Transport Police,British Transport Police,-0.123785,51.485779,On or near Vauxhall (Station),E01003102,Lambeth 004A,Robbery,,
,2023-07,British Transport Police,British Transport Police,-0.123785,51.485779,On or near Vauxhall (Station),E01003102,Lambeth 004A,Robbery,,
,2023-07,British Transport Police,British Transport Police,-0.123785,51.485779,On or near Vauxhall (Station),E01003102,Lambeth 004A,Theft from the person,,
,2023-07,British Transport Police,British Transport Police,-0.123785,51.485779,On or near Vauxhall (Station),E01003102,Lambeth 004A,Theft from the person,,
,2023-07,British Transport Police,British Transport Police,-0.123785,51.485779,On or near Vauxhall (Station),E01003102,Lambeth 004A,Theft from the person,,
,2023-07,British Transport Police,British Transport Police,-0.123785,51.485779,On or near Vauxhall (Station),E01003102,Lambeth 004A,Theft from the person,,
,2023-07,British Transport Police,British Transport Police,-0.123785,51.485779,On or near Vauxhall (Station),E01003102,Lambeth 004A,Theft from the person,,
,2023-07,British Transport Police,British Transport Police,-0.123785,51.485779,On or near Vauxhall (Station),E01003102,Lambeth 004A,Theft from the person,,
,2023-07,British Transport Police,British Transport Police,-0.123785,51.485779,On or near Vauxhall (Station),E01003102,Lambeth 004A,Violence and sexual offences,,
,2023-07,British Transport Police,British Transport Police,-0.123785,51.485779,On or near Vauxhall (Station),E01003102,Lambeth 004A,Other crime,,
,2023-07,British Transport Police,British Transport Police,-0.123785,51.485779,On or near Vauxhall (Station),E01003102,Lambeth 004A,Other crime,,
,2023-07,British Transport Police,British Transport Police,-0.128518,51.479929,On or near Nine Elms (Lu Station),E01033866,Lambeth 004J,Criminal damage and arson,,
,2023-07,British Transport Police,British Transport Police,-0.128518,51.479929,On or near Nine Elms (Lu Station),E01033866,Lambeth 004J,Robbery,,
,2023-07,British Transport Police,British Transport Police,-0.128518,51.479929,On or near Nine Elms (Lu Station),E01033866,Lambeth 004J,Theft from the person,,
,2023-07,British Transport Police,British Transport Police,-0.134072,51.472069,On or near St James' Street (Station),E01003089,Lambeth 008A,Criminal damage and arson,,
,2023-07,British Transport Police,British Transport Police,-0.134072,51.472069,On or near St James' Street (Station),E01003089,Lambeth 008A,Other theft,,
,2023-07,British Transport Police,British Transport Police,-0.134072,51.472069,On or near St James' Street (Station),E01003089,Lambeth 008A,Public order,,
,2023-07,British Transport Police,British Transport Police,-0.134072,51.472069,On or near St James' Street (Station),E01003089,Lambeth 008A,Public order,,
,2023-07,British Transport Police,British Transport Police,-0.134072,51.472069,On or near St James' Street (Station),E01003089,Lambeth 008A,Public order,,
,2023-07,British Transport Police,British Transport Police,-0.134072,51.472069,On or near St James' Street (Station),E01003089,Lambeth 008A,Public order,,
,2023-07,British Transport Police,British Transport Police,-0.134072,51.472069,On or near St James' Street (Station),E01003089,Lambeth 008A,Public order,,
,2023-07,British Transport Police,British Transport Police,-0.134072,51.472069,On or near St James' Street (Station),E01003089,Lambeth 008A,Robbery,,
,2023-07,British Transport Police,British Transport Police,-0.134072,51.472069,On or near St James' Street (Station),E01003089,Lambeth 008A,Robbery,,
,2023-07,British Transport Police,British Transport Police,-0.134072,51.472069,On or near St James' Street (Station),E01003089,Lambeth 008A,Robbery,,
,2023-07,British Transport Police,British Transport Police,-0.134072,51.472069,On or near St James' Street (Station),E01003089,Lambeth 008A,Shoplifting,,
,2023-07,British Transport Police,British Transport Police,-0.134072,51.472069,On or near St James' Street (Station),E01003089,Lambeth 008A,Theft from the person,,
,2023-07,British Transport Police,British Transport Police,-0.134072,51.472069,On or near St James' Street (Station),E01003089,Lambeth 008A,Theft from the person,,
,2023-07,British Transport Police,British Transport Police,-0.134072,51.472069,On or near St James' Street (Station),E01003089,Lambeth 008A,Theft from the person,,
,2023-07,British Transport Police,British Transport Police,-0.134072,51.472069,On or near St James' Street (Station),E01003089,Lambeth 008A,Theft from the person,,
,2023-07,British Transport Police,British Transport Police,-0.134072,51.472069,On or near St James' Street (Station),E01003089,Lambeth 008A,Theft from the person,,
,2023-07,British Transport Police,British Transport Police,-0.134072,51.472069,On or near St James' Street (Station),E01003089,Lambeth 008A,Theft from the person,,
,2023-07,British Transport Police,British Transport Police,-0.134072,51.472069,On or near St James' Street (Station),E01003089,Lambeth 008A,Theft from the person,,
,2023-07,British Transport Police,British Transport Police,-0.134072,51.472069,On or near St James' Street (Station),E01003089,Lambeth 008A,Theft from the person,,
,2023-07,British Transport Police,British Transport Police,-0.134072,51.472069,On or near St James' Street (Station),E01003089,Lambeth 008A,Theft from the person,,
,2023-07,British Transport Police,British Transport Police,-0.134072,51.472069,On or near St James' Street (Station),E01003089,Lambeth 008A,Theft from the person,,
,2023-07,British Transport Police,British Transport Police,-0.134072,51.472069,On or near St James' Street (Station),E01003089,Lambeth 008A,Violence and sexual offences,,
,2023-07,British Transport Police,British Transport Police,-0.134072,51.472069,On or near St James' Street (Station),E01003089,Lambeth 008A,Violence and sexual offences,,
,2023-07,British Transport Police,British Transport Police,-0.134072,51.472069,On or near St James' Street (Station),E01003089,Lambeth 008A,Violence and sexual offences,,
,2023-07,British Transport Police,British Transport Police,-0.134072,51.472069,On or near St James' Street (Station),E01003089,Lambeth 008A,Violence and sexual offences,,
,2023-07,British Transport Police,British Transport Police,-0.134072,51.472069,On or near St James' Street (Station),E01003089,Lambeth 008A,Violence and sexual offences,,
,2023-07,British Transport Police,British Transport Police,-0.114745,51.462605,On or near Brixton (Lu Station),E01003047,Lambeth 011B,Criminal damage and arson,,
,2023-07,British Transport Police,British Transport Police,-0.114745,51.462605,On or near Brixton (Lu Station),E01003047,Lambeth 011B,Criminal damage and arson,,
,2023-07,British Transport Police,British Transport Police,-0.114745,51.462605,On or near Brixton (Lu Station),E01003047,Lambeth 011B,Other theft,,
,2023-07,British Transport Police,British Transport Police,-0.114745,51.462605,On or near Brixton (Lu Station),E01003047,Lambeth 011B,Other theft,,
,2023-07,British Transport Police,British Transport Police,-0.114745,51.462605,On or near Brixton (Lu Station),E01003047,Lambeth 011B,Public order,,
,2023-07,British Transport Police,British Transport Police,-0.114745,51.462605,On or near Brixton (Lu Station),E01003047,Lambeth 011B,Public order,,
,2023-07,British Transport Police,British Transport Police,-0.114745,51.462605,On or near Brixton (Lu Station),E01003047,Lambeth 011B,Public order,,
,2023-07,British Transport Police,British Transport Police,-0.114745,51.462605,On or near Brixton (Lu Station),E01003047,Lambeth 011B,Public order,,
,2023-07,British Transport Police,British Transport Police,-0.114745,51.462605,On or near Brixton (Lu Station),E01003047,Lambeth 011B,Robbery,,
,2023-07,British Transport Police,British Transport Police,-0.114745,51.462605,On or near Brixton (Lu Station),E01003047,Lambeth 011B,Robbery,,
,2023-07,British Transport Police,British Transport Police,-0.114745,51.462605,On or near Brixton (Lu Station),E01003047,Lambeth 011B,Theft from the person,,
,2023-07,British Transport Police,British Transport Police,-0.114745,51.462605,On or near Brixton (Lu Station),E01003047,Lambeth 011B,Theft from the person,,
,2023-07,British Transport Police,British Transport Police,-0.114745,51.462605,On or near Brixton (Lu Station),E01003047,Lambeth 011B,Theft from the person,,
,2023-07,British Transport Police,British Transport Police,-0.114745,51.462605,On or near Brixton (Lu Station),E01003047,Lambeth 011B,Theft from the person,,
,2023-07,British Transport Police,British Transport Police,-0.114745,51.462605,On or near Brixton (Lu Station),E01003047,Lambeth 011B,Theft from the person,,
,2023-07,British Transport Police,British Transport Police,-0.114745,51.462605,On or near Brixton (Lu Station),E01003047,Lambeth 011B,Theft from the person,,
,2023-07,British Transport Police,British Transport Police,-0.114745,51.462605,On or near Brixton (Lu Station),E01003047,Lambeth 011B,Theft from the person,,
,2023-07,British Transport Police,British Transport Police,-0.114745,51.462605,On or near Brixton (Lu Station),E01003047,Lambeth 011B,Theft from the person,,
,2023-07,British Transport Police,British Transport Police,-0.114745,51.462605,On or near Brixton (Lu Station),E01003047,Lambeth 011B,Theft from the person,,
,2023-07,British Transport Police,British Transport Police,-0.114745,51.462605,On or near Brixton (Lu Station),E01003047,Lambeth 011B,Theft from the person,,
,2023-07,British Transport Police,British Transport Police,-0.114745,51.462605,On or near Brixton (Lu Station),E01003047,Lambeth 011B,Violence and sexual offences,,
,2023-07,British Transport Police,British Transport Police,-0.132760,51.465637,On or near Clapham High Street (Station),E01003035,Lambeth 012B,Public order,,
,2023-07,British Transport Police,British Transport Police,-0.129513,51.465116,On or near Clapham North (Lu Station),E01003090,Lambeth 012D,Other theft,,
,2023-07,British Transport Police,British Transport Police,-0.129513,51.465116,On or near Clapham North (Lu Station),E01003090,Lambeth 012D,Theft from the person,,
,2023-07,British Transport Police,British Transport Police,-0.129513,51.465116,On or near Clapham North (Lu Station),E01003090,Lambeth 012D,Theft from the person,,
,2023-07,British Transport Police,British Transport Police,-0.129513,51.465116,On or near Clapham North (Lu Station),E01003090,Lambeth 012D,Theft from the person,,
,2023-07,British Transport Police,British Transport Police,-0.129513,51.465116,On or near Clapham North (Lu Station),E01003090,Lambeth 012D,Theft from the person,,
,2023-07,British Transport Police,British Transport Police,-0.129513,51.465116,On or near Clapham North (Lu Station),E01003090,Lambeth 012D,Violence and sexual offences,,
,2023-07,British Transport Police,British Transport Police,-0.129513,51.465116,On or near Clapham North (Lu Station),E01003090,Lambeth 012D,Violence and sexual offences,,
,2023-07,British Transport Police,British Transport Police,-0.138315,51.461796,On or near Clapham Common (Lu Station),E01003039,Lambeth 013C,Other theft,,
,2023-07,British Transport Police,British Transport Police,-0.138315,51.461796,On or near Clapham Common (Lu Station),E01003039,Lambeth 013C,Other theft,,
,2023-07,British Transport Police,British Transport Police,-0.138315,51.461796,On or near Clapham Common (Lu Station),E01003039,Lambeth 013C,Public order,,
,2023-07,British Transport Police,British Transport Police,-0.138315,51.461796,On or near Clapham Common (Lu Station),E01003039,Lambeth 013C,Theft from the person,,
,2023-07,British Transport Police,British Transport Police,-0.138315,51.461796,On or near Clapham Common (Lu Station),E01003039,Lambeth 013C,Theft from the person,,
,2023-07,British Transport Police,British Transport Police,-0.102204,51.453266,On or near Herne Hill (Station),E01003074,Lambeth 018E,Public order,,
,2023-07,British Transport Police,British Transport Police,-0.127101,51.438236,On or near Streatham Hill (Station),E01003131,Lambeth 026B,Other theft,,
,2023-07,British Transport Police,British Transport Police,-0.103841,51.431827,On or near West Norwood (Station),E01003081,Lambeth 028C,Drugs,,
,2023-07,British Transport Police,British Transport Police,-0.131244,51.425920,On or near Streatham (Station),E01003114,Lambeth 032B,Other theft,,
,2023-07,British Transport Police,British Transport Police,-0.135809,51.418708,On or near Streatham Common (Station),E01003114,Lambeth 032B,Other theft,,
,2023-07,British Transport Police,British Transport Police,-0.131244,51.425920,On or near Streatham (Station),E01003114,Lambeth 032B,Public order,,
,2023-07,British Transport Police,British Transport Police,-0.109375,51.504037,On or near Waterloo (East) (Station),E01003017,Lambeth 036D,Other theft,,
,2023-07,British Transport Police,British Transport Police,-0.109375,51.504037,On or near Waterloo (East) (Station),E01003017,Lambeth 036D,Other theft,,
,2023-07,British Transport Police,British Transport Police,-0.109375,51.504037,On or near Waterloo (East) (Station),E01003017,Lambeth 036D,Public order,,
,2023-07,British Transport Police,British Transport Police,-0.109375,51.504037,On or near Waterloo (East) (Station),E01003017,Lambeth 036D,Violence and sexual offences,,
,2023-07,British Transport Police,British Transport Police,-0.109375,51.504037,On or near Waterloo (East) (Station),E01003017,Lambeth 036D,Violence and sexual offences,,
,2023-07,British Transport Police,British Transport Police,-0.109375,51.504037,On or near Waterloo (East) (Station),E01003017,Lambeth 036D,Violence and sexual offences,,
,2023-07,British Transport Police,British Transport Police,-0.113754,51.503056,On or near Waterloo (Lu Station),E01032582,Lambeth 036E,Criminal damage and arson,,
,2023-07,British Transport Police,British Transport Police,-0.113754,51.503056,On or near Waterloo (Lu Station),E01032582,Lambeth 036E,Criminal damage and arson,,
,2023-07,British Transport Police,British Transport Police,-0.113754,51.503056,On or near Waterloo (Lu Station),E01032582,Lambeth 036E,Drugs,,
,2023-07,British Transport Police,British Transport Police,-0.113754,51.503056,On or near Waterloo (Lu Station),E01032582,Lambeth 036E,Other theft,,
,2023-07,British Transport Police,British Transport Police,-0.113754,51.503056,On or near Waterloo (Lu Station),E01032582,Lambeth 036E,Other theft,,
,2023-07,British Transport Police,British Transport Police,-0.113754,51.503056,On or near Waterloo (Lu Station),E01032582,Lambeth 036E,Other theft,,
,2023-07,British Transport Police,British Transport Police,-0.113754,51.503056,On or near Waterloo (Lu Station),E01032582,Lambeth 036E,Other theft,,
,2023-07,British Transport Police,British Transport Police,-0.113754,51.503056,On or near Waterloo (Lu Station),E01032582,Lambeth 036E,Other theft,,
,2023-07,British Transport Police,British Transport Police,-0.113754,51.503056,On or near Waterloo (Lu Station),E01032582,Lambeth 036E,Other theft,,
,2023-07,British Transport Police,British Transport Police,-0.111768,51.499131,On or near Lambeth North (Lu Station),E01032582,Lambeth 036E,Other theft,,
,2023-07,British Transport Police,British Transport Police,-0.113754,51.503056,On or near Waterloo (Lu Station),E01032582,Lambeth 036E,Other theft,,
,2023-07,British Transport Police,British Transport Police,-0.113754,51.503056,On or near Waterloo (Lu Station),E01032582,Lambeth 036E,Other theft,,
,2023-07,British Transport Police,British Transport Police,-0.113754,51.503056,On or near Waterloo (Lu Station),E01032582,Lambeth 036E,Other theft,,
,2023-07,British Transport Police,British Transport Police,-0.113754,51.503056,On or near Waterloo (Lu Station),E01032582,Lambeth 036E,Other theft,,
,2023-07,British Transport Police,British Transport Police,-0.113754,51.503056,On or near Waterloo (Lu Station),E01032582,Lambeth 036E,Other theft,,
,2023-07,British Transport Police,British Transport Police,-0.113754,51.503056,On or near Waterloo (Lu Station),E01032582,Lambeth 036E,Public order,,
,2023-07,British Transport Police,British Transport Police,-0.113754,51.503056,On or near Waterloo (Lu Station),E01032582,Lambeth 036E,Public order,,
,2023-07,British Transport Police,British Transport Police,-0.113754,51.503056,On or near Waterloo (Lu Station),E01032582,Lambeth 036E,Public order,,
,2023-07,British Transport Police,British Transport Police,-0.113754,51.503056,On or near Waterloo (Lu Station),E01032582,Lambeth 036E,Public order,,
,2023-07,British Transport Police,British Transport Police,-0.113754,51.503056,On or near Waterloo (Lu Station),E01032582,Lambeth 036E,Public order,,
,2023-07,British Transport Police,British Transport Police,-0.113754,51.503056,On or near Waterloo (Lu Station),E01032582,Lambeth 036E,Public order,,
,2023-07,British Transport Police,British Transport Police,-0.113754,51.503056,On or near Waterloo (Lu Station),E01032582,Lambeth 036E,Public order,,
,2023-07,British Transport Police,British Transport Police,-0.113754,51.503056,On or near Waterloo (Lu Station),E01032582,Lambeth 036E,Public order,,
,2023-07,British Transport Police,British Transport Police,-0.113754,51.503056,On or near Waterloo (Lu Station),E01032582,Lambeth 036E,Public order,,
,2023-07,British Transport Police,British Transport Police,-0.113754,51.503056,On or near Waterloo (Lu Station),E01032582,Lambeth 036E,Public order,,
,2023-07,British Transport Police,British Transport Police,-0.113754,51.503056,On or near Waterloo (Lu Station),E01032582,Lambeth 036E,Public order,,
,2023-07,British Transport Police,British Transport Police,-0.113754,51.503056,On or near Waterloo (Lu Station),E01032582,Lambeth 036E,Public order,,
,2023-07,British Transport Police,British Transport Police,-0.113754,51.503056,On or near Waterloo (Lu Station),E01032582,Lambeth 036E,Public order,,
,2023-07,British Transport Police,British Transport Police,-0.113754,51.503056,On or near Waterloo (Lu Station),E01032582,Lambeth 036E,Public order,,
,2023-07,British Transport Police,British Transport Police,-0.113754,51.503056,On or near Waterloo (Lu Station),E01032582,Lambeth 036E,Public order,,
,2023-07,British Transport Police,British Transport Police,-0.113754,51.503056,On or near Waterloo (Lu Station),E01032582,Lambeth 036E,Robbery,,
,2023-07,British Transport Police,British Transport Police,-0.111768,51.499131,On or near Lambeth North (Lu Station),E01032582,Lambeth 036E,Robbery,,
,2023-07,British Transport Police,British Transport Police,-0.113754,51.503056,On or near Waterloo (Lu Station),E01032582,Lambeth 036E,Shoplifting,,
,2023-07,British Transport Police,British Transport Police,-0.113754,51.503056,On or near Waterloo (Lu Station),E01032582,Lambeth 036E,Shoplifting,,
,2023-07,British Transport Police,British Transport Police,-0.113754,51.503056,On or near Waterloo (Lu Station),E01032582,Lambeth 036E,Shoplifting,,
,2023-07,British Transport Police,British Transport Police,-0.113754,51.503056,On or near Waterloo (Lu Station),E01032582,Lambeth 036E,Shoplifting,,
,2023-07,British Transport Police,British Transport Police,-0.113754,51.503056,On or near Waterloo (Lu Station),E01032582,Lambeth 036E,Shoplifting,,
,2023-07,British Transport Police,British Transport Police,-0.113754,51.503056,On or near Waterloo (Lu Station),E01032582,Lambeth 036E,Shoplifting,,
,2023-07,British Transport Police,British Transport Police,-0.113754,51.503056,On or near Waterloo (Lu Station),E01032582,Lambeth 036E,Theft from the person,,
,2023-07,British Transport Police,British Transport Police,-0.113754,51.503056,On or near Waterloo (Lu Station),E01032582,Lambeth 036E,Theft from the person,,
,2023-07,British Transport Police,British Transport Police,-0.113754,51.503056,On or near Waterloo (Lu Station),E01032582,Lambeth 036E,Theft from the person,,
,2023-07,British Transport Police,British Transport Police,-0.113754,51.503056,On or near Waterloo (Lu Station),E01032582,Lambeth 036E,Theft from the person,,
,2023-07,British Transport Police,British Transport Police,-0.113754,51.503056,On or near Waterloo (Lu Station),E01032582,Lambeth 036E,Theft from the person,,
,2023-07,British Transport Police,British Transport Police,-0.113754,51.503056,On or near Waterloo (Lu Station),E01032582,Lambeth 036E,Theft from the person,,
,2023-07,British Transport Police,British Transport Police,-0.113754,51.503056,On or near Waterloo (Lu Station),E01032582,Lambeth 036E,Theft from the person,,
,2023-07,British Transport Police,British Transport Police,-0.113754,51.503056,On or near Waterloo (Lu Station),E01032582,Lambeth 036E,Theft from the person,,
,2023-07,British Transport Police,British Transport Police,-0.113754,51.503056,On or near Waterloo (Lu Station),E01032582,Lambeth 036E,Theft from the person,,
,2023-07,British Transport Police,British Transport Police,-0.111768,51.499131,On or near Lambeth North (Lu Station),E01032582,Lambeth 036E,Theft from the person,,
,2023-07,British Transport Police,British Transport Police,-0.113754,51.503056,On or near Waterloo (Lu Station),E01032582,Lambeth 036E,Theft from the person,,
,2023-07,British Transport Police,British Transport Police,-0.113754,51.503056,On or near Waterloo (Lu Station),E01032582,Lambeth 036E,Theft from the person,,
,2023-07,British Transport Police,British Transport Police,-0.113754,51.503056,On or near Waterloo (Lu Station),E01032582,Lambeth 036E,Theft from the person,,
,2023-07,British Transport Police,British Transport Police,-0.113754,51.503056,On or near Waterloo (Lu Station),E01032582,Lambeth 036E,Theft from the person,,
,2023-07,British Transport Police,British Transport Police,-0.113754,51.503056,On or near Waterloo (Lu Station),E01032582,Lambeth 036E,Theft from the person,,
,2023-07,British Transport Police,British Transport Police,-0.113754,51.503056,On or near Waterloo (Lu Station),E01032582,Lambeth 036E,Theft from the person,,
,2023-07,British Transport Police,British Transport Police,-0.113754,51.503056,On or near Waterloo (Lu Station),E01032582,Lambeth 036E,Theft from the person,,
,2023-07,British Transport Police,British Transport Police,-0.113754,51.503056,On or near Waterloo (Lu Station),E01032582,Lambeth 036E,Theft from the person,,
,2023-07,British Transport Police,British Transport Police,-0.113754,51.503056,On or near Waterloo (Lu Station),E01032582,Lambeth 036E,Theft from the person,,
,2023-07,British Transport Police,British Transport Police,-0.113754,51.503056,On or near Waterloo (Lu Station),E01032582,Lambeth 036E,Theft from the person,,
,2023-07,British Transport Police,British Transport Police,-0.113754,51.503056,On or near Waterloo (Lu Station),E01032582,Lambeth 036E,Theft from the person,,
,2023-07,British Transport Police,British Transport Police,-0.113754,51.503056,On or near Waterloo (Lu Station),E01032582,Lambeth 036E,Violence and sexual offences,,
,2023-07,British Transport Police,British Transport Police,-0.113754,51.503056,On or near Waterloo (Lu Station),E01032582,Lambeth 036E,Violence and sexual offences,,
,2023-07,British Transport Police,British Transport Police,-0.113754,51.503056,On or near Waterloo (Lu Station),E01032582,Lambeth 036E,Violence and sexual offences,,
,2023-07,British Transport Police,British Transport Police,-0.113754,51.503056,On or near Waterloo (Lu Station),E01032582,Lambeth 036E,Violence and sexual offences,,
,2023-07,British Transport Police,British Transport Police,-0.113754,51.503056,On or near Waterloo (Lu Station),E01032582,Lambeth 036E,Violence and sexual offences,,
,2023-07,British Transport Police,British Transport Police,-0.113754,51.503056,On or near Waterloo (Lu Station),E01032582,Lambeth 036E,Violence and sexual offences,,
,2023-07,British Transport Police,British Transport Police,-0.113754,51.503056,On or near Waterloo (Lu Station),E01032582,Lambeth 036E,Violence and sexual offences,,
,2023-07,British Transport Police,British Transport Police,-0.113754,51.503056,On or near Waterloo (Lu Station),E01032582,Lambeth 036E,Violence and sexual offences,,
,2023-07,British Transport Police,British Transport Police,-0.113754,51.503056,On or near Waterloo (Lu Station),E01032582,Lambeth 036E,Violence and sexual offences,,
,2023-07,British Transport Police,British Transport Police,-0.113754,51.503056,On or near Waterloo (Lu Station),E01032582,Lambeth 036E,Violence and sexual offences,,
,2023-07,British Transport Police,British Transport Police,-0.113754,51.503056,On or near Waterloo (Lu Station),E01032582,Lambeth 036E,Violence and sexual offences,,
,2023-07,British Transport Police,British Transport Police,-0.113754,51.503056,On or near Waterloo (Lu Station),E01032582,Lambeth 036E,Violence and sexual offences,,
,2023-07,British Transport Police,British Transport Police,-2.835256,54.074650,On or near Bare Lane (Station),E01025086,Lancaster 004B,Criminal damage and arson,,
,2023-07,British Transport Police,British Transport Police,-2.869874,54.070360,On or near Morecambe (Station),E01025112,Lancaster 006A,Theft from the person,,
,2023-07,British Transport Police,British Transport Police,-2.808006,54.048028,On or near Lancaster (Station),E01025099,Lancaster 014C,Bicycle theft,,
,2023-07,British Transport Police,British Transport Police,-2.808006,54.048028,On or near Lancaster (Station),E01025099,Lancaster 014C,Bicycle theft,,
,2023-07,British Transport Police,British Transport Police,-2.808006,54.048028,On or near Lancaster (Station),E01025099,Lancaster 014C,Drugs,,
,2023-07,British Transport Police,British Transport Police,-2.808006,54.048028,On or near Lancaster (Station),E01025099,Lancaster 014C,Other theft,,
,2023-07,British Transport Police,British Transport Police,-2.808006,54.048028,On or near Lancaster (Station),E01025099,Lancaster 014C,Public order,,
,2023-07,British Transport Police,British Transport Police,-2.808006,54.048028,On or near Lancaster (Station),E01025099,Lancaster 014C,Public order,,
,2023-07,British Transport Police,British Transport Police,-2.808006,54.048028,On or near Lancaster (Station),E01025099,Lancaster 014C,Public order,,
,2023-07,British Transport Police,British Transport Police,-1.577872,53.812209,On or near Burley Park (Station),E01011441,Leeds 044E,Criminal damage and arson,,
,2023-07,British Transport Police,British Transport Police,-1.450533,53.804864,On or near Cross Gates (Station),E01011408,Leeds 057C,Bicycle theft,,
,2023-07,British Transport Police,British Transport Police,-1.450533,53.804864,On or near Cross Gates (Station),E01011408,Leeds 057C,Drugs,,
,2023-07,British Transport Police,British Transport Police,-1.637070,53.805448,On or near Bramley (West Yorkshire) (Station),E01011334,Leeds 058B,Criminal damage and arson,,
,2023-07,British Transport Police,British Transport Police,-1.637070,53.805448,On or near Bramley (West Yorkshire) (Station),E01011334,Leeds 058B,Violence and sexual offences,,
,2023-07,British Transport Police,British Transport Police,-1.591768,53.749655,On or near Morley (Station),E01011531,Leeds 093D,Public order,,
,2023-07,British Transport Police,British Transport Police,-1.549368,53.793626,On or near Leeds (Station),E01033016,Leeds 111E,Criminal damage and arson,,
,2023-07,British Transport Police,British Transport Police,-1.549368,53.793626,On or near Leeds (Station),E01033016,Leeds 111E,Criminal damage and arson,,
,2023-07,British Transport Police,British Transport Police,-1.549368,53.793626,On or near Leeds (Station),E01033016,Leeds 111E,Criminal damage and arson,,
,2023-07,British Transport Police,British Transport Police,-1.549368,53.793626,On or near Leeds (Station),E01033016,Leeds 111E,Criminal damage and arson,,
,2023-07,British Transport Police,British Transport Police,-1.549368,53.793626,On or near Leeds (Station),E01033016,Leeds 111E,Criminal damage and arson,,
,2023-07,British Transport Police,British Transport Police,-1.549368,53.793626,On or near Leeds (Station),E01033016,Leeds 111E,Drugs,,
,2023-07,British Transport Police,British Transport Police,-1.549368,53.793626,On or near Leeds (Station),E01033016,Leeds 111E,Drugs,,
,2023-07,British Transport Police,British Transport Police,-1.549368,53.793626,On or near Leeds (Station),E01033016,Leeds 111E,Drugs,,
,2023-07,British Transport Police,British Transport Police,-1.549368,53.793626,On or near Leeds (Station),E01033016,Leeds 111E,Drugs,,
,2023-07,British Transport Police,British Transport Police,-1.549368,53.793626,On or near Leeds (Station),E01033016,Leeds 111E,Drugs,,
,2023-07,British Transport Police,British Transport Police,-1.549368,53.793626,On or near Leeds (Station),E01033016,Leeds 111E,Drugs,,
,2023-07,British Transport Police,British Transport Police,-1.549368,53.793626,On or near Leeds (Station),E01033016,Leeds 111E,Drugs,,
,2023-07,British Transport Police,British Transport Police,-1.549368,53.793626,On or near Leeds (Station),E01033016,Leeds 111E,Other theft,,
,2023-07,British Transport Police,British Transport Police,-1.549368,53.793626,On or near Leeds (Station),E01033016,Leeds 111E,Other theft,,
,2023-07,British Transport Police,British Transport Police,-1.549368,53.793626,On or near Leeds (Station),E01033016,Leeds 111E,Other theft,,
,2023-07,British Transport Police,British Transport Police,-1.549368,53.793626,On or near Leeds (Station),E01033016,Leeds 111E,Other theft,,
,2023-07,British Transport Police,British Transport Police,-1.549368,53.793626,On or near Leeds (Station),E01033016,Leeds 111E,Other theft,,
,2023-07,British Transport Police,British Transport Police,-1.549368,53.793626,On or near Leeds (Station),E01033016,Leeds 111E,Other theft,,
,2023-07,British Transport Police,British Transport Police,-1.549368,53.793626,On or near Leeds (Station),E01033016,Leeds 111E,Other theft,,
,2023-07,British Transport Police,British Transport Police,-1.549368,53.793626,On or near Leeds (Station),E01033016,Leeds 111E,Other theft,,
,2023-07,British Transport Police,British Transport Police,-1.549368,53.793626,On or near Leeds (Station),E01033016,Leeds 111E,Possession of weapons,,
,2023-07,British Transport Police,British Transport Police,-1.549368,53.793626,On or near Leeds (Station),E01033016,Leeds 111E,Possession of weapons,,
,2023-07,British Transport Police,British Transport Police,-1.549368,53.793626,On or near Leeds (Station),E01033016,Leeds 111E,Possession of weapons,,
,2023-07,British Transport Police,British Transport Police,-1.549368,53.793626,On or near Leeds (Station),E01033016,Leeds 111E,Public order,,
,2023-07,British Transport Police,British Transport Police,-1.549368,53.793626,On or near Leeds (Station),E01033016,Leeds 111E,Public order,,
,2023-07,British Transport Police,British Transport Police,-1.549368,53.793626,On or near Leeds (Station),E01033016,Leeds 111E,Public order,,
,2023-07,British Transport Police,British Transport Police,-1.549368,53.793626,On or near Leeds (Station),E01033016,Leeds 111E,Public order,,
,2023-07,British Transport Police,British Transport Police,-1.549368,53.793626,On or near Leeds (Station),E01033016,Leeds 111E,Public order,,
,2023-07,British Transport Police,British Transport Police,-1.549368,53.793626,On or near Leeds (Station),E01033016,Leeds 111E,Public order,,
,2023-07,British Transport Police,British Transport Police,-1.549368,53.793626,On or near Leeds (Station),E01033016,Leeds 111E,Public order,,
,2023-07,British Transport Police,British Transport Police,-1.549368,53.793626,On or near Leeds (Station),E01033016,Leeds 111E,Public order,,
,2023-07,British Transport Police,British Transport Police,-1.549368,53.793626,On or near Leeds (Station),E01033016,Leeds 111E,Public order,,
,2023-07,British Transport Police,British Transport Police,-1.549368,53.793626,On or near Leeds (Station),E01033016,Leeds 111E,Public order,,
,2023-07,British Transport Police,British Transport Police,-1.549368,53.793626,On or near Leeds (Station),E01033016,Leeds 111E,Public order,,
,2023-07,British Transport Police,British Transport Police,-1.549368,53.793626,On or near Leeds (Station),E01033016,Leeds 111E,Shoplifting,,
,2023-07,British Transport Police,British Transport Police,-1.549368,53.793626,On or near Leeds (Station),E01033016,Leeds 111E,Shoplifting,,
,2023-07,British Transport Police,British Transport Police,-1.549368,53.793626,On or near Leeds (Station),E01033016,Leeds 111E,Shoplifting,,
,2023-07,British Transport Police,British Transport Police,-1.549368,53.793626,On or near Leeds (Station),E01033016,Leeds 111E,Shoplifting,,
,2023-07,British Transport Police,British Transport Police,-1.549368,53.793626,On or near Leeds (Station),E01033016,Leeds 111E,Shoplifting,,
,2023-07,British Transport Police,British Transport Police,-1.549368,53.793626,On or near Leeds (Station),E01033016,Leeds 111E,Theft from the person,,
,2023-07,British Transport Police,British Transport Police,-1.549368,53.793626,On or near Leeds (Station),E01033016,Leeds 111E,Theft from the person,,
,2023-07,British Transport Police,British Transport Police,-1.549368,53.793626,On or near Leeds (Station),E01033016,Leeds 111E,Violence and sexual offences,,
,2023-07,British Transport Police,British Transport Police,-1.549368,53.793626,On or near Leeds (Station),E01033016,Leeds 111E,Violence and sexual offences,,
,2023-07,British Transport Police,British Transport Police,-1.549368,53.793626,On or near Leeds (Station),E01033016,Leeds 111E,Violence and sexual offences,,
,2023-07,British Transport Police,British Transport Police,-1.549368,53.793626,On or near Leeds (Station),E01033016,Leeds 111E,Violence and sexual offences,,
,2023-07,British Transport Police,British Transport Police,-1.549368,53.793626,On or near Leeds (Station),E01033016,Leeds 111E,Violence and sexual offences,,
,2023-07,British Transport Police,British Transport Police,-1.549368,53.793626,On or near Leeds (Station),E01033016,Leeds 111E,Violence and sexual offences,,
,2023-07,British Transport Police,British Transport Police,-1.125659,52.629997,On or near Leicester (Station),E01034019,Leicester 040E,Bicycle theft,,
,2023-07,British Transport Police,British Transport Police,-1.125659,52.629997,On or near Leicester (Station),E01034019,Leicester 040E,Criminal damage and arson,,
,2023-07,British Transport Police,British Transport Police,-1.125659,52.629997,On or near Leicester (Station),E01034019,Leicester 040E,Possession of weapons,,
,2023-07,British Transport Police,British Transport Police,-1.125659,52.629997,On or near Leicester (Station),E01034019,Leicester 040E,Public order,,
,2023-07,British Transport Police,British Transport Police,-1.125659,52.629997,On or near Leicester (Station),E01034019,Leicester 040E,Public order,,
,2023-07,British Transport Police,British Transport Police,-1.125659,52.629997,On or near Leicester (Station),E01034019,Leicester 040E,Public order,,
,2023-07,British Transport Police,British Transport Police,-1.125659,52.629997,On or near Leicester (Station),E01034019,Leicester 040E,Vehicle crime,,
,2023-07,British Transport Police,British Transport Police,-1.125659,52.629997,On or near Leicester (Station),E01034019,Leicester 040E,Violence and sexual offences,,
,2023-07,British Transport Police,British Transport Police,-1.125659,52.629997,On or near Leicester (Station),E01034019,Leicester 040E,Violence and sexual offences,,
,2023-07,British Transport Police,British Transport Police,-1.125659,52.629997,On or near Leicester (Station),E01034019,Leicester 040E,Violence and sexual offences,,
,2023-07,British Transport Police,British Transport Police,-1.125659,52.629997,On or near Leicester (Station),E01034019,Leicester 040E,Violence and sexual offences,,
,2023-07,British Transport Police,British Transport Police,-1.125659,52.629997,On or near Leicester (Station),E01034019,Leicester 040E,Violence and sexual offences,,
,2023-07,British Transport Police,British Transport Police,-0.009202,50.903774,On or near Cooksbridge (Station),E01021022,Lewes 001A,Bicycle theft,,
,2023-07,British Transport Police,British Transport Police,0.011303,50.870416,On or near Lewes (Station),E01021035,Lewes 003C,Bicycle theft,,
,2023-07,British Transport Police,British Transport Police,0.011303,50.870416,On or near Lewes (Station),E01021035,Lewes 003C,Criminal damage and arson,,
,2023-07,British Transport Police,British Transport Police,0.011303,50.870416,On or near Lewes (Station),E01021035,Lewes 003C,Criminal damage and arson,,
,2023-07,British Transport Police,British Transport Police,0.011303,50.870416,On or near Lewes (Station),E01021035,Lewes 003C,Other theft,,
,2023-07,British Transport Police,British Transport Police,0.011303,50.870416,On or near Lewes (Station),E01021035,Lewes 003C,Other theft,,
,2023-07,British Transport Police,British Transport Police,0.011303,50.870416,On or near Lewes (Station),E01021035,Lewes 003C,Public order,,
,2023-07,British Transport Police,British Transport Police,0.011303,50.870416,On or near Lewes (Station),E01021035,Lewes 003C,Public order,,
,2023-07,British Transport Police,British Transport Police,0.011303,50.870416,On or near Lewes (Station),E01021035,Lewes 003C,Public order,,
,2023-07,British Transport Police,British Transport Police,0.011303,50.870416,On or near Lewes (Station),E01021035,Lewes 003C,Theft from the person,,
,2023-07,British Transport Police,British Transport Police,0.011303,50.870416,On or near Lewes (Station),E01021035,Lewes 003C,Violence and sexual offences,,
,2023-07,British Transport Police,British Transport Police,0.011303,50.870416,On or near Lewes (Station),E01021035,Lewes 003C,Violence and sexual offences,,
,2023-07,British Transport Police,British Transport Police,0.011303,50.870416,On or near Lewes (Station),E01021035,Lewes 003C,Violence and sexual offences,,
,2023-07,British Transport Police,British Transport Police,0.054932,50.794863,On or near Newhaven Town (Station),E01021047,Lewes 008C,Public order,,
,2023-07,British Transport Police,British Transport Police,-0.026509,51.478987,On or near Deptford (Station),E01003253,Lewisham 002E,Criminal damage and arson,,
,2023-07,British Transport Police,British Transport Police,-0.026509,51.478987,On or near Deptford (Station),E01003253,Lewisham 002E,Drugs,,
,2023-07,British Transport Police,British Transport Police,-0.026509,51.478987,On or near Deptford (Station),E01003253,Lewisham 002E,Drugs,,
,2023-07,British Transport Police,British Transport Police,-0.026509,51.478987,On or near Deptford (Station),E01003253,Lewisham 002E,Public order,,
,2023-07,British Transport Police,British Transport Police,-0.026509,51.478987,On or near Deptford (Station),E01003253,Lewisham 002E,Robbery,,
,2023-07,British Transport Police,British Transport Police,-0.037365,51.464619,On or near Brockley (Station),E01003214,Lewisham 008D,Other theft,,
,2023-07,British Transport Police,British Transport Police,-0.022382,51.469186,On or near St John'S (Station),E01033324,Lewisham 008E,Bicycle theft,,
,2023-07,British Transport Police,British Transport Police,-0.019244,51.456193,On or near Ladywell (Station),E01003274,Lewisham 014B,Other theft,,
,2023-07,British Transport Police,British Transport Police,-0.036827,51.455023,On or near Crofton Park (Station),E01003231,Lewisham 015B,Other theft,,
,2023-07,British Transport Police,British Transport Police,0.013109,51.449212,On or near Lee (Station),E01003285,Lewisham 016C,Public order,,
,2023-07,British Transport Police,British Transport Police,-0.001710,51.452281,On or near Hither Green (Station),E01003295,Lewisham 017D,Public order,,
,2023-07,British Transport Police,British Transport Police,-0.026070,51.444456,On or near Catford (Station),E01034391,Lewisham 020G,Theft from the person,,
,2023-07,British Transport Police,British Transport Police,-0.026070,51.444456,On or near Catford (Station),E01034391,Lewisham 020G,Violence and sexual offences,,
,2023-07,British Transport Police,British Transport Police,-0.053328,51.439308,On or near Forest Hill (Station),E01003255,Lewisham 021B,Other theft,,
,2023-07,British Transport Police,British Transport Police,-0.053328,51.439308,On or near Forest Hill (Station),E01003255,Lewisham 021B,Other theft,,
,2023-07,British Transport Police,British Transport Police,-0.053328,51.439308,On or near Forest Hill (Station),E01003255,Lewisham 021B,Public order,,
,2023-07,British Transport Police,British Transport Police,-0.019282,51.433047,On or near Bellingham (Station),E01003223,Lewisham 025D,Criminal damage and arson,,
,2023-07,British Transport Police,British Transport Police,-0.019282,51.433047,On or near Bellingham (Station),E01003223,Lewisham 025D,Criminal damage and arson,,
,2023-07,British Transport Police,British Transport Police,-0.027197,51.442675,On or near Catford Bridge (Station),E01003194,Lewisham 029B,Public order,,
,2023-07,British Transport Police,British Transport Police,-0.033465,51.424732,On or near Lower Sydenham (Station),E01003190,Lewisham 034B,Theft from the person,,
,2023-07,British Transport Police,British Transport Police,-0.016096,51.424558,On or near Beckenham Hill (Station),E01003192,Lewisham 034D,Theft from the person,,
,2023-07,British Transport Police,British Transport Police,0.020725,51.430981,On or near Grove Park (Station),E01003236,Lewisham 037A,Other theft,,
,2023-07,British Transport Police,British Transport Police,0.020725,51.430981,On or near Grove Park (Station),E01003236,Lewisham 037A,Other theft,,
,2023-07,British Transport Police,British Transport Police,0.020725,51.430981,On or near Grove Park (Station),E01003236,Lewisham 037A,Public order,,
,2023-07,British Transport Police,British Transport Police,0.020725,51.430981,On or near Grove Park (Station),E01003236,Lewisham 037A,Public order,,
,2023-07,British Transport Police,British Transport Police,0.020725,51.430981,On or near Grove Park (Station),E01003236,Lewisham 037A,Public order,,
,2023-07,British Transport Police,British Transport Police,-0.032279,51.476431,On or near New Cross (Station),E01003303,Lewisham 039C,Robbery,,
,2023-07,British Transport Police,British Transport Police,-0.016690,51.469075,On or near Elverson Road (Dlr),E01034392,Lewisham 040A,Theft from the person,,
,2023-07,British Transport Police,British Transport Police,-0.014008,51.465727,On or near Lewisham (Station),E01034393,Lewisham 040B,Other theft,,
,2023-07,British Transport Police,British Transport Police,-0.014008,51.465727,On or near Lewisham (Station),E01034393,Lewisham 040B,Other theft,,
,2023-07,British Transport Police,British Transport Police,-0.014008,51.465727,On or near Lewisham (Station),E01034393,Lewisham 040B,Public order,,
,2023-07,British Transport Police,British Transport Police,-0.014008,51.465727,On or near Lewisham (Station),E01034393,Lewisham 040B,Public order,,
,2023-07,British Transport Police,British Transport Police,-0.014008,51.465727,On or near Lewisham (Station),E01034393,Lewisham 040B,Public order,,
,2023-07,British Transport Police,British Transport Police,-0.014008,51.465727,On or near Lewisham (Station),E01034393,Lewisham 040B,Public order,,
,2023-07,British Transport Police,British Transport Police,-0.014008,51.465727,On or near Lewisham (Station),E01034393,Lewisham 040B,Public order,,
,2023-07,British Transport Police,British Transport Police,-0.014008,51.465727,On or near Lewisham (Station),E01034393,Lewisham 040B,Theft from the person,,
,2023-07,British Transport Police,British Transport Police,-0.014008,51.465727,On or near Lewisham (Station),E01034393,Lewisham 040B,Violence and sexual offences,,
,2023-07,British Transport Police,British Transport Police,-0.014008,51.465727,On or near Lewisham (Station),E01034393,Lewisham 040B,Violence and sexual offences,,
,2023-07,British Transport Police,British Transport Police,-0.014008,51.465727,On or near Lewisham (Station),E01034393,Lewisham 040B,Violence and sexual offences,,
,2023-07,British Transport Police,British Transport Police,-0.014008,51.465727,On or near Lewisham (Station),E01034393,Lewisham 040B,Other crime,,
,2023-07,British Transport Police,British Transport Police,-0.012965,51.464890,On or near Lewisham (Dlr),E01034394,Lewisham 040C,Theft from the person,,
,2023-07,British Transport Police,British Transport Police,-0.012965,51.464890,On or near Lewisham (Dlr),E01034394,Lewisham 040C,Violence and sexual offences,,
,2023-07,British Transport Police,British Transport Police,-1.825715,52.680172,On or near Lichfield City (Station),E01029526,Lichfield 004E,Bicycle theft,,
,2023-07,British Transport Police,British Transport Police,-1.825715,52.680172,On or near Lichfield City (Station),E01029526,Lichfield 004E,Public order,,
,2023-07,British Transport Police,British Transport Police,-0.541703,53.226148,On or near Lincoln Central (Station),E01026176,Lincoln 006B,Bicycle theft,,
,2023-07,British Transport Police,British Transport Police,-0.541703,53.226148,On or near Lincoln Central (Station),E01026176,Lincoln 006B,Bicycle theft,,
,2023-07,British Transport Police,British Transport Police,-0.541703,53.226148,On or near Lincoln Central (Station),E01026176,Lincoln 006B,Criminal damage and arson,,
,2023-07,British Transport Police,British Transport Police,-0.541703,53.226148,On or near Lincoln Central (Station),E01026176,Lincoln 006B,Drugs,,
,2023-07,British Transport Police,British Transport Police,-0.541703,53.226148,On or near Lincoln Central (Station),E01026176,Lincoln 006B,Public order,,
,2023-07,British Transport Police,British Transport Police,-0.541703,53.226148,On or near Lincoln Central (Station),E01026176,Lincoln 006B,Violence and sexual offences,,
,2023-07,British Transport Police,British Transport Police,-2.936780,53.468922,On or near Fazakerley (Station),E01006655,Liverpool 001C,Other theft,,
,2023-07,British Transport Police,British Transport Police,-2.965716,53.456188,On or near Walton (Merseyside) (Station),E01006787,Liverpool 006A,Public order,,
,2023-07,British Transport Police,British Transport Police,-2.980281,53.440899,On or near Kirkdale (Station),E01006778,Liverpool 014E,Criminal damage and arson,,
,2023-07,British Transport Police,British Transport Police,-2.980281,53.440899,On or near Kirkdale (Station),E01006778,Liverpool 014E,Criminal damage and arson,,
,2023-07,British Transport Police,British Transport Police,-2.980281,53.440899,On or near Kirkdale (Station),E01006778,Liverpool 014E,Criminal damage and arson,,
,2023-07,British Transport Police,British Transport Police,-2.980281,53.440899,On or near Kirkdale (Station),E01006778,Liverpool 014E,Criminal damage and arson,,
,2023-07,British Transport Police,British Transport Police,-2.980281,53.440899,On or near Kirkdale (Station),E01006778,Liverpool 014E,Drugs,,
,2023-07,British Transport Police,British Transport Police,-2.991779,53.429780,On or near Sandhills (Station),E01006778,Liverpool 014E,Theft from the person,,
,2023-07,British Transport Police,British Transport Police,-2.922909,53.405210,On or near Wavertree Technology Park (Station),E01006692,Liverpool 028B,Other theft,,
,2023-07,British Transport Police,British Transport Police,-2.922909,53.405210,On or near Wavertree Technology Park (Station),E01006692,Liverpool 028B,Public order,,
,2023-07,British Transport Police,British Transport Police,-2.855930,53.360570,On or near Hunt'S Cross (Station),E01006538,Liverpool 055E,Other theft,,
,2023-07,British Transport Police,British Transport Police,-2.890195,53.357042,On or near Liverpool South Parkway (Station),E01006743,Liverpool 058D,Violence and sexual offences,,
,2023-07,British Transport Police,British Transport Police,-2.979718,53.404324,On or near Liverpool Central (Station),E01033756,Liverpool 061C,Drugs,,
,2023-07,British Transport Police,British Transport Police,-2.979718,53.404324,On or near Liverpool Central (Station),E01033756,Liverpool 061C,Drugs,,
,2023-07,British Transport Police,British Transport Police,-2.979718,53.404324,On or near Liverpool Central (Station),E01033756,Liverpool 061C,Other theft,,
,2023-07,British Transport Police,British Transport Police,-2.979718,53.404324,On or near Liverpool Central (Station),E01033756,Liverpool 061C,Public order,,
,2023-07,British Transport Police,British Transport Police,-2.979718,53.404324,On or near Liverpool Central (Station),E01033756,Liverpool 061C,Public order,,
,2023-07,British Transport Police,British Transport Police,-2.979718,53.404324,On or near Liverpool Central (Station),E01033756,Liverpool 061C,Public order,,
,2023-07,British Transport Police,British Transport Police,-2.979718,53.404324,On or near Liverpool Central (Station),E01033756,Liverpool 061C,Public order,,
,2023-07,British Transport Police,British Transport Police,-2.979718,53.404324,On or near Liverpool Central (Station),E01033756,Liverpool 061C,Public order,,
,2023-07,British Transport Police,British Transport Police,-2.979718,53.404324,On or near Liverpool Central (Station),E01033756,Liverpool 061C,Theft from the person,,
,2023-07,British Transport Police,British Transport Police,-2.979718,53.404324,On or near Liverpool Central (Station),E01033756,Liverpool 061C,Violence and sexual offences,,
,2023-07,British Transport Police,British Transport Police,-2.979718,53.404324,On or near Liverpool Central (Station),E01033756,Liverpool 061C,Violence and sexual offences,,
,2023-07,British Transport Police,British Transport Police,-2.979718,53.404324,On or near Liverpool Central (Station),E01033756,Liverpool 061C,Violence and sexual offences,,
,2023-07,British Transport Police,British Transport Police,-2.979718,53.404324,On or near Liverpool Central (Station),E01033756,Liverpool 061C,Violence and sexual offences,,
,2023-07,British Transport Police,British Transport Police,-2.979718,53.404324,On or near Liverpool Central (Station),E01033756,Liverpool 061C,Violence and sexual offences,,
,2023-07,British Transport Police,British Transport Police,-2.979718,53.404324,On or near Liverpool Central (Station),E01033756,Liverpool 061C,Violence and sexual offences,,
,2023-07,British Transport Police,British Transport Police,-2.979718,53.404324,On or near Liverpool Central (Station),E01033756,Liverpool 061C,Violence and sexual offences,,
,2023-07,British Transport Police,British Transport Police,-2.979718,53.404324,On or near Liverpool Central (Station),E01033756,Liverpool 061C,Violence and sexual offences,,
,2023-07,British Transport Police,British Transport Police,-2.979718,53.404324,On or near Liverpool Central (Station),E01033756,Liverpool 061C,Violence and sexual offences,,
,2023-07,British Transport Police,British Transport Police,-2.979718,53.404324,On or near Liverpool Central (Station),E01033756,Liverpool 061C,Violence and sexual offences,,
,2023-07,British Transport Police,British Transport Police,-2.992566,53.408291,On or near Moorfields (Station),E01034410,Liverpool 062F,Bicycle theft,,
,2023-07,British Transport Police,British Transport Police,-2.992566,53.408291,On or near Moorfields (Station),E01034410,Liverpool 062F,Violence and sexual offences,,
,2023-07,British Transport Police,British Transport Police,-2.991932,53.404944,On or near James Street (Liverpool) (Station),E01034411,Liverpool 062G,Public order,,
,2023-07,British Transport Police,British Transport Police,-0.458716,51.904664,On or near Leagrave (Station),E01015755,Luton 005F,Bicycle theft,,
,2023-07,British Transport Police,British Transport Police,-0.458716,51.904664,On or near Leagrave (Station),E01015755,Luton 005F,Bicycle theft,,
,2023-07,British Transport Police,British Transport Police,-0.458716,51.904664,On or near Leagrave (Station),E01015755,Luton 005F,Bicycle theft,,
,2023-07,British Transport Police,British Transport Police,-0.458716,51.904664,On or near Leagrave (Station),E01015755,Luton 005F,Bicycle theft,,
,2023-07,British Transport Police,British Transport Police,-0.458716,51.904664,On or near Leagrave (Station),E01015755,Luton 005F,Bicycle theft,,
,2023-07,British Transport Police,British Transport Police,-0.458716,51.904664,On or near Leagrave (Station),E01015755,Luton 005F,Public order,,
,2023-07,British Transport Police,British Transport Police,-0.458716,51.904664,On or near Leagrave (Station),E01015755,Luton 005F,Other crime,,
,2023-07,British Transport Police,British Transport Police,-0.413595,51.882476,On or near Luton (Station),E01033802,Luton 022D,Bicycle theft,,
,2023-07,British Transport Police,British Transport Police,-0.413595,51.882476,On or near Luton (Station),E01033802,Luton 022D,Other theft,,
,2023-07,British Transport Police,British Transport Police,0.520969,51.277638,On or near Maidstone East (Station),E01024383,Maidstone 004D,Criminal damage and arson,,
,2023-07,British Transport Police,British Transport Police,0.520969,51.277638,On or near Maidstone East (Station),E01024383,Maidstone 004D,Criminal damage and arson,,
,2023-07,British Transport Police,British Transport Police,0.520969,51.277638,On or near Maidstone East (Station),E01024383,Maidstone 004D,Public order,,
,2023-07,British Transport Police,British Transport Police,0.520969,51.277638,On or near Maidstone East (Station),E01024383,Maidstone 004D,Vehicle crime,,
,2023-07,British Transport Police,British Transport Police,0.520969,51.277638,On or near Maidstone East (Station),E01024383,Maidstone 004D,Violence and sexual offences,,
,2023-07,British Transport Police,British Transport Police,0.520969,51.277638,On or near Maidstone East (Station),E01024383,Maidstone 004D,Violence and sexual offences,,
,2023-07,British Transport Police,British Transport Police,0.520969,51.277638,On or near Maidstone East (Station),E01024383,Maidstone 004D,Violence and sexual offences,,
,2023-07,British Transport Police,British Transport Police,0.515919,51.270697,On or near Maidstone West (Station),E01033087,Maidstone 006F,Violence and sexual offences,,
,2023-07,British Transport Police,British Transport Police,0.707911,51.234382,On or near Lenham (Station),E01024361,Maidstone 011A,Public order,,
,2023-07,British Transport Police,British Transport Police,0.707911,51.234382,On or near Lenham (Station),E01024361,Maidstone 011A,Vehicle crime,,
,2023-07,British Transport Police,British Transport Police,0.492879,51.175361,On or near Marden (Station),E01024380,Maidstone 018C,Public order,,
,2023-07,British Transport Police,British Transport Police,0.835278,51.660594,On or near Southminster (Station),E01021906,Maldon 006D,Violence and sexual offences,,
,2023-07,British Transport Police,British Transport Police,0.752481,51.647833,On or near Althorne (Station),E01021875,Maldon 007C,Other theft,,
,2023-07,British Transport Police,British Transport Police,0.813967,51.633614,On or near Burnham On Crouch (Station),E01021881,Maldon 008F,Public order,,
,2023-07,British Transport Police,British Transport Police,0.813967,51.633614,On or near Burnham On Crouch (Station),E01021881,Maldon 008F,Violence and sexual offences,,
,2023-07,British Transport Police,British Transport Police,0.813967,51.633614,On or near Burnham On Crouch (Station),E01021881,Maldon 008F,Violence and sexual offences,,
,2023-07,British Transport Police,British Transport Police,-2.319261,52.125154,On or near Malvern Link (Station),E01032197,Malvern Hills 004D,Violence and sexual offences,,
,2023-07,British Transport Police,British Transport Police,-2.318273,52.109576,On or near Great Malvern (Station),E01032208,Malvern Hills 010A,Criminal damage and arson,,
,2023-07,British Transport Police,British Transport Police,-2.318273,52.109576,On or near Great Malvern (Station),E01032208,Malvern Hills 010A,Criminal damage and arson,,
,2023-07,British Transport Police,British Transport Police,-2.288616,53.347975,On or near Manchester Airport (Station),E01005316,Manchester 053D,Violence and sexual offences,,
,2023-07,British Transport Police,British Transport Police,-2.288616,53.347975,On or near Manchester Airport (Station),E01005316,Manchester 053D,Violence and sexual offences,,
,2023-07,British Transport Police,British Transport Police,-2.231700,53.475776,On or near Manchester Piccadilly (Station),E01033654,Manchester 055C,Bicycle theft,,
,2023-07,British Transport Police,British Transport Police,-2.231700,53.475776,On or near Manchester Piccadilly (Station),E01033654,Manchester 055C,Drugs,,
,2023-07,British Transport Police,British Transport Police,-2.231700,53.475776,On or near Manchester Piccadilly (Station),E01033654,Manchester 055C,Drugs,,
,2023-07,British Transport Police,British Transport Police,-2.231700,53.475776,On or near Manchester Piccadilly (Station),E01033654,Manchester 055C,Drugs,,
,2023-07,British Transport Police,British Transport Police,-2.231700,53.475776,On or near Manchester Piccadilly (Station),E01033654,Manchester 055C,Drugs,,
,2023-07,British Transport Police,British Transport Police,-2.231700,53.475776,On or near Manchester Piccadilly (Station),E01033654,Manchester 055C,Drugs,,
,2023-07,British Transport Police,British Transport Police,-2.231700,53.475776,On or near Manchester Piccadilly (Station),E01033654,Manchester 055C,Drugs,,
,2023-07,British Transport Police,British Transport Police,-2.231700,53.475776,On or near Manchester Piccadilly (Station),E01033654,Manchester 055C,Drugs,,
,2023-07,British Transport Police,British Transport Police,-2.231700,53.475776,On or near Manchester Piccadilly (Station),E01033654,Manchester 055C,Drugs,,
,2023-07,British Transport Police,British Transport Police,-2.231700,53.475776,On or near Manchester Piccadilly (Station),E01033654,Manchester 055C,Other theft,,
,2023-07,British Transport Police,British Transport Police,-2.231700,53.475776,On or near Manchester Piccadilly (Station),E01033654,Manchester 055C,Other theft,,
,2023-07,British Transport Police,British Transport Police,-2.231700,53.475776,On or near Manchester Piccadilly (Station),E01033654,Manchester 055C,Other theft,,
,2023-07,British Transport Police,British Transport Police,-2.231700,53.475776,On or near Manchester Piccadilly (Station),E01033654,Manchester 055C,Other theft,,
,2023-07,British Transport Police,British Transport Police,-2.231700,53.475776,On or near Manchester Piccadilly (Station),E01033654,Manchester 055C,Other theft,,
,2023-07,British Transport Police,British Transport Police,-2.231700,53.475776,On or near Manchester Piccadilly (Station),E01033654,Manchester 055C,Other theft,,
,2023-07,British Transport Police,British Transport Police,-2.231700,53.475776,On or near Manchester Piccadilly (Station),E01033654,Manchester 055C,Other theft,,
,2023-07,British Transport Police,British Transport Police,-2.231700,53.475776,On or near Manchester Piccadilly (Station),E01033654,Manchester 055C,Other theft,,
,2023-07,British Transport Police,British Transport Police,-2.231700,53.475776,On or near Manchester Piccadilly (Station),E01033654,Manchester 055C,Other theft,,
,2023-07,British Transport Police,British Transport Police,-2.231700,53.475776,On or near Manchester Piccadilly (Station),E01033654,Manchester 055C,Other theft,,
,2023-07,British Transport Police,British Transport Police,-2.231700,53.475776,On or near Manchester Piccadilly (Station),E01033654,Manchester 055C,Other theft,,
,2023-07,British Transport Police,British Transport Police,-2.231700,53.475776,On or near Manchester Piccadilly (Station),E01033654,Manchester 055C,Public order,,
,2023-07,British Transport Police,British Transport Police,-2.231700,53.475776,On or near Manchester Piccadilly (Station),E01033654,Manchester 055C,Public order,,
,2023-07,British Transport Police,British Transport Police,-2.231700,53.475776,On or near Manchester Piccadilly (Station),E01033654,Manchester 055C,Public order,,
,2023-07,British Transport Police,British Transport Police,-2.231700,53.475776,On or near Manchester Piccadilly (Station),E01033654,Manchester 055C,Public order,,
,2023-07,British Transport Police,British Transport Police,-2.231700,53.475776,On or near Manchester Piccadilly (Station),E01033654,Manchester 055C,Public order,,
,2023-07,British Transport Police,British Transport Police,-2.231700,53.475776,On or near Manchester Piccadilly (Station),E01033654,Manchester 055C,Public order,,
,2023-07,British Transport Police,British Transport Police,-2.231700,53.475776,On or near Manchester Piccadilly (Station),E01033654,Manchester 055C,Public order,,
,2023-07,British Transport Police,British Transport Police,-2.231700,53.475776,On or near Manchester Piccadilly (Station),E01033654,Manchester 055C,Public order,,
,2023-07,British Transport Police,British Transport Police,-2.231700,53.475776,On or near Manchester Piccadilly (Station),E01033654,Manchester 055C,Public order,,
,2023-07,British Transport Police,British Transport Police,-2.231700,53.475776,On or near Manchester Piccadilly (Station),E01033654,Manchester 055C,Public order,,
,2023-07,British Transport Police,British Transport Police,-2.231700,53.475776,On or near Manchester Piccadilly (Station),E01033654,Manchester 055C,Public order,,
,2023-07,British Transport Police,British Transport Police,-2.231700,53.475776,On or near Manchester Piccadilly (Station),E01033654,Manchester 055C,Shoplifting,,
,2023-07,British Transport Police,British Transport Police,-2.231700,53.475776,On or near Manchester Piccadilly (Station),E01033654,Manchester 055C,Shoplifting,,
,2023-07,British Transport Police,British Transport Police,-2.231700,53.475776,On or near Manchester Piccadilly (Station),E01033654,Manchester 055C,Shoplifting,,
,2023-07,British Transport Police,British Transport Police,-2.231700,53.475776,On or near Manchester Piccadilly (Station),E01033654,Manchester 055C,Shoplifting,,
,2023-07,British Transport Police,British Transport Police,-2.231700,53.475776,On or near Manchester Piccadilly (Station),E01033654,Manchester 055C,Shoplifting,,
,2023-07,British Transport Police,British Transport Police,-2.231700,53.475776,On or near Manchester Piccadilly (Station),E01033654,Manchester 055C,Shoplifting,,
,2023-07,British Transport Police,British Transport Police,-2.231700,53.475776,On or near Manchester Piccadilly (Station),E01033654,Manchester 055C,Shoplifting,,
,2023-07,British Transport Police,British Transport Police,-2.231700,53.475776,On or near Manchester Piccadilly (Station),E01033654,Manchester 055C,Shoplifting,,
,2023-07,British Transport Police,British Transport Police,-2.231700,53.475776,On or near Manchester Piccadilly (Station),E01033654,Manchester 055C,Shoplifting,,
,2023-07,British Transport Police,British Transport Police,-2.231700,53.475776,On or near Manchester Piccadilly (Station),E01033654,Manchester 055C,Shoplifting,,
,2023-07,British Transport Police,British Transport Police,-2.231700,53.475776,On or near Manchester Piccadilly (Station),E01033654,Manchester 055C,Shoplifting,,
,2023-07,British Transport Police,British Transport Police,-2.231700,53.475776,On or near Manchester Piccadilly (Station),E01033654,Manchester 055C,Shoplifting,,
,2023-07,British Transport Police,British Transport Police,-2.231700,53.475776,On or near Manchester Piccadilly (Station),E01033654,Manchester 055C,Theft from the person,,
,2023-07,British Transport Police,British Transport Police,-2.231700,53.475776,On or near Manchester Piccadilly (Station),E01033654,Manchester 055C,Theft from the person,,
,2023-07,British Transport Police,British Transport Police,-2.231700,53.475776,On or near Manchester Piccadilly (Station),E01033654,Manchester 055C,Theft from the person,,
,2023-07,British Transport Police,British Transport Police,-2.231700,53.475776,On or near Manchester Piccadilly (Station),E01033654,Manchester 055C,Violence and sexual offences,,
,2023-07,British Transport Police,British Transport Police,-2.231700,53.475776,On or near Manchester Piccadilly (Station),E01033654,Manchester 055C,Violence and sexual offences,,
,2023-07,British Transport Police,British Transport Police,-2.231700,53.475776,On or near Manchester Piccadilly (Station),E01033654,Manchester 055C,Violence and sexual offences,,
,2023-07,British Transport Police,British Transport Police,-2.231700,53.475776,On or near Manchester Piccadilly (Station),E01033654,Manchester 055C,Violence and sexual offences,,
,2023-07,British Transport Police,British Transport Police,-2.231700,53.475776,On or near Manchester Piccadilly (Station),E01033654,Manchester 055C,Violence and sexual offences,,
,2023-07,British Transport Police,British Transport Police,-2.231700,53.475776,On or near Manchester Piccadilly (Station),E01033654,Manchester 055C,Violence and sexual offences,,
,2023-07,British Transport Police,British Transport Police,-2.231700,53.475776,On or near Manchester Piccadilly (Station),E01033654,Manchester 055C,Violence and sexual offences,,
,2023-07,British Transport Police,British Transport Police,-2.231700,53.475776,On or near Manchester Piccadilly (Station),E01033654,Manchester 055C,Violence and sexual offences,,
,2023-07,British Transport Police,British Transport Police,-2.231700,53.475776,On or near Manchester Piccadilly (Station),E01033654,Manchester 055C,Violence and sexual offences,,
,2023-07,British Transport Police,British Transport Police,-2.231700,53.475776,On or near Manchester Piccadilly (Station),E01033654,Manchester 055C,Violence and sexual offences,,
,2023-07,British Transport Police,British Transport Police,-2.231700,53.475776,On or near Manchester Piccadilly (Station),E01033654,Manchester 055C,Violence and sexual offences,,
,2023-07,British Transport Police,British Transport Police,-2.231700,53.475776,On or near Manchester Piccadilly (Station),E01033654,Manchester 055C,Violence and sexual offences,,
,2023-07,British Transport Police,British Transport Police,-2.231700,53.475776,On or near Manchester Piccadilly (Station),E01033654,Manchester 055C,Violence and sexual offences,,
,2023-07,British Transport Police,British Transport Police,-2.231700,53.475776,On or near Manchester Piccadilly (Station),E01033654,Manchester 055C,Violence and sexual offences,,
,2023-07,British Transport Police,British Transport Police,-2.231700,53.475776,On or near Manchester Piccadilly (Station),E01033654,Manchester 055C,Violence and sexual offences,,
,2023-07,British Transport Police,British Transport Police,-2.231700,53.475776,On or near Manchester Piccadilly (Station),E01033654,Manchester 055C,Violence and sexual offences,,
,2023-07,British Transport Police,British Transport Police,-2.231700,53.475776,On or near Manchester Piccadilly (Station),E01033654,Manchester 055C,Violence and sexual offences,,
,2023-07,British Transport Police,British Transport Police,-2.231700,53.475776,On or near Manchester Piccadilly (Station),E01033654,Manchester 055C,Violence and sexual offences,,
,2023-07,British Transport Police,British Transport Police,-2.231700,53.475776,On or near Manchester Piccadilly (Station),E01033654,Manchester 055C,Violence and sexual offences,,
,2023-07,British Transport Police,British Transport Police,-2.231700,53.475776,On or near Manchester Piccadilly (Station),E01033654,Manchester 055C,Violence and sexual offences,,
,2023-07,British Transport Police,British Transport Police,-2.231700,53.475776,On or near Manchester Piccadilly (Station),E01033654,Manchester 055C,Violence and sexual offences,,
,2023-07,British Transport Police,British Transport Police,-2.231700,53.475776,On or near Manchester Piccadilly (Station),E01033654,Manchester 055C,Violence and sexual offences,,
,2023-07,British Transport Police,British Transport Police,-2.253570,53.474173,On or near Deansgate (Station),E01034131,Manchester 060E,Other theft,,
,2023-07,British Transport Police,British Transport Police,-2.253570,53.474173,On or near Deansgate (Station),E01034131,Manchester 060E,Public order,,
,2023-07,British Transport Police,British Transport Police,-2.253570,53.474173,On or near Deansgate (Station),E01034131,Manchester 060E,Public order,,
,2023-07,British Transport Police,British Transport Police,0.500102,51.396298,On or near Strood (Station),E01016136,Medway 006B,Criminal damage and arson,,
,2023-07,British Transport Police,British Transport Police,0.500102,51.396298,On or near Strood (Station),E01016136,Medway 006B,Violence and sexual offences,,
,2023-07,British Transport Police,British Transport Police,0.500102,51.396298,On or near Strood (Station),E01016136,Medway 006B,Violence and sexual offences,,
,2023-07,British Transport Police,British Transport Police,0.500102,51.396298,On or near Strood (Station),E01016136,Medway 006B,Violence and sexual offences,,
,2023-07,British Transport Police,British Transport Police,0.505845,51.385424,On or near Rochester (Station),E01016130,Medway 014C,Bicycle theft,,
,2023-07,British Transport Police,British Transport Police,0.505845,51.385424,On or near Rochester (Station),E01016130,Medway 014C,Criminal damage and arson,,
,2023-07,British Transport Police,British Transport Police,0.505845,51.385424,On or near Rochester (Station),E01016130,Medway 014C,Public order,,
,2023-07,British Transport Police,British Transport Police,0.505845,51.385424,On or near Rochester (Station),E01016130,Medway 014C,Public order,,
,2023-07,British Transport Police,British Transport Police,0.505845,51.385424,On or near Rochester (Station),E01016130,Medway 014C,Public order,,
,2023-07,British Transport Police,British Transport Police,0.505845,51.385424,On or near Rochester (Station),E01016130,Medway 014C,Violence and sexual offences,,
,2023-07,British Transport Police,British Transport Police,0.520312,51.380322,On or near Chatham (Station),E01016017,Medway 015B,Criminal damage and arson,,
,2023-07,British Transport Police,British Transport Police,0.520312,51.380322,On or near Chatham (Station),E01016017,Medway 015B,Drugs,,
,2023-07,British Transport Police,British Transport Police,0.520312,51.380322,On or near Chatham (Station),E01016017,Medway 015B,Drugs,,
,2023-07,British Transport Police,British Transport Police,0.520312,51.380322,On or near Chatham (Station),E01016017,Medway 015B,Possession of weapons,,
,2023-07,British Transport Police,British Transport Police,0.520312,51.380322,On or near Chatham (Station),E01016017,Medway 015B,Public order,,
,2023-07,British Transport Police,British Transport Police,0.520312,51.380322,On or near Chatham (Station),E01016017,Medway 015B,Public order,,
,2023-07,British Transport Police,British Transport Police,0.520312,51.380322,On or near Chatham (Station),E01016017,Medway 015B,Robbery,,
,2023-07,British Transport Police,British Transport Police,0.520312,51.380322,On or near Chatham (Station),E01016017,Medway 015B,Robbery,,
,2023-07,British Transport Police,British Transport Police,0.520312,51.380322,On or near Chatham (Station),E01016017,Medway 015B,Theft from the person,,
,2023-07,British Transport Police,British Transport Police,0.520312,51.380322,On or near Chatham (Station),E01016017,Medway 015B,Theft from the person,,
,2023-07,British Transport Police,British Transport Police,0.520312,51.380322,On or near Chatham (Station),E01016017,Medway 015B,Violence and sexual offences,,
,2023-07,British Transport Police,British Transport Police,0.444931,51.352468,On or near Halling (Station),E01016026,Medway 028A,Criminal damage and arson,,
,2023-07,British Transport Police,British Transport Police,-0.885704,52.761113,On or near Melton Mowbray (Station),E01025908,Melton 005E,Other theft,,
,2023-07,British Transport Police,British Transport Police,-0.885704,52.761113,On or near Melton Mowbray (Station),E01025908,Melton 005E,Violence and sexual offences,,
,2023-07,British Transport Police,British Transport Police,-3.377323,51.744630,On or near Merthyr Tydfil (Station),W01001315,Merthyr Tydfil 004D,Other theft,,
,2023-07,British Transport Police,British Transport Police,-3.346531,51.712068,On or near Troed-Y-Rhiw (Station),W01001313,Merthyr Tydfil 006F,Robbery,,
,2023-07,British Transport Police,British Transport Police,-0.199591,51.434543,On or near Wimbledon Park (Lu Station),E01003473,Merton 001B,Criminal damage and arson,,
,2023-07,British Transport Police,British Transport Police,-0.199591,51.434543,On or near Wimbledon Park (Lu Station),E01003473,Merton 001B,Theft from the person,,
,2023-07,British Transport Police,British Transport Police,-0.199591,51.434543,On or near Wimbledon Park (Lu Station),E01003473,Merton 001B,Violence and sexual offences,,
,2023-07,British Transport Police,British Transport Police,-0.189171,51.425543,On or near Haydons Road (Station),E01034579,Merton 001G,Bicycle theft,,
,2023-07,British Transport Police,British Transport Police,-0.206581,51.421253,On or near Wimbledon (Station),E01003400,Merton 003A,Criminal damage and arson,,
,2023-07,British Transport Police,British Transport Police,-0.206581,51.421253,On or near Wimbledon (Station),E01003400,Merton 003A,Other theft,,
,2023-07,British Transport Police,British Transport Police,-0.206581,51.421253,On or near Wimbledon (Station),E01003400,Merton 003A,Public order,,
,2023-07,British Transport Police,British Transport Police,-0.206581,51.421253,On or near Wimbledon (Station),E01003400,Merton 003A,Public order,,
,2023-07,British Transport Police,British Transport Police,-0.206581,51.421253,On or near Wimbledon (Station),E01003400,Merton 003A,Public order,,
,2023-07,British Transport Police,British Transport Police,-0.206581,51.421253,On or near Wimbledon (Station),E01003400,Merton 003A,Shoplifting,,
,2023-07,British Transport Police,British Transport Police,-0.206581,51.421253,On or near Wimbledon (Station),E01003400,Merton 003A,Theft from the person,,
,2023-07,British Transport Police,British Transport Police,-0.206581,51.421253,On or near Wimbledon (Station),E01003400,Merton 003A,Theft from the person,,
,2023-07,British Transport Police,British Transport Police,-0.206581,51.421253,On or near Wimbledon (Station),E01003400,Merton 003A,Theft from the person,,
,2023-07,British Transport Police,British Transport Police,-0.206581,51.421253,On or near Wimbledon (Station),E01003400,Merton 003A,Violence and sexual offences,,
,2023-07,British Transport Police,British Transport Police,-0.206581,51.421253,On or near Wimbledon (Station),E01003400,Merton 003A,Violence and sexual offences,,
,2023-07,British Transport Police,British Transport Police,-0.206581,51.421253,On or near Wimbledon (Station),E01003400,Merton 003A,Violence and sexual offences,,
,2023-07,British Transport Police,British Transport Police,-0.206581,51.421253,On or near Wimbledon (Station),E01003400,Merton 003A,Violence and sexual offences,,
,2023-07,British Transport Police,British Transport Police,-0.177928,51.418148,On or near Colliers Wood (Lu Station),E01034580,Merton 005F,Other theft,,
,2023-07,British Transport Police,British Transport Police,-0.177928,51.418148,On or near Colliers Wood (Lu Station),E01034580,Merton 005F,Theft from the person,,
,2023-07,British Transport Police,British Transport Police,-0.177928,51.418148,On or near Colliers Wood (Lu Station),E01034580,Merton 005F,Theft from the person,,
,2023-07,British Transport Police,British Transport Police,-0.177928,51.418148,On or near Colliers Wood (Lu Station),E01034580,Merton 005F,Theft from the person,,
,2023-07,British Transport Police,British Transport Police,-0.177928,51.418148,On or near Colliers Wood (Lu Station),E01034580,Merton 005F,Violence and sexual offences,,
,2023-07,British Transport Police,British Transport Police,-0.192036,51.415273,On or near South Wimbledon (Lu Station),E01003360,Merton 006B,Other theft,,
,2023-07,British Transport Police,British Transport Police,-0.192036,51.415273,On or near South Wimbledon (Lu Station),E01003360,Merton 006B,Public order,,
,2023-07,British Transport Police,British Transport Police,-0.192036,51.415273,On or near South Wimbledon (Lu Station),E01003360,Merton 006B,Theft from the person,,
,2023-07,British Transport Police,British Transport Police,-0.192036,51.415273,On or near South Wimbledon (Lu Station),E01003360,Merton 006B,Theft from the person,,
,2023-07,British Transport Police,British Transport Police,-0.192036,51.415273,On or near South Wimbledon (Lu Station),E01003360,Merton 006B,Violence and sexual offences,,
,2023-07,British Transport Police,British Transport Police,-0.201299,51.413750,On or near Merton Park (Tram Stop),E01003356,Merton 009B,Violence and sexual offences,,
,2023-07,British Transport Police,British Transport Police,-0.214033,51.409522,On or near Wimbledon Chase (Station),E01003423,Merton 011E,Theft from the person,,
,2023-07,British Transport Police,British Transport Police,-0.194776,51.403221,On or near Morden (Lu Station),E01003426,Merton 015D,Other theft,,
,2023-07,British Transport Police,British Transport Police,-0.194776,51.403221,On or near Morden (Lu Station),E01003426,Merton 015D,Other theft,,
,2023-07,British Transport Police,British Transport Police,-0.194776,51.403221,On or near Morden (Lu Station),E01003426,Merton 015D,Other theft,,
,2023-07,British Transport Police,British Transport Police,-0.194776,51.403221,On or near Morden (Lu Station),E01003426,Merton 015D,Other theft,,
,2023-07,British Transport Police,British Transport Police,-0.194776,51.403221,On or near Morden (Lu Station),E01003426,Merton 015D,Theft from the person,,
,2023-07,British Transport Police,British Transport Police,-0.194776,51.403221,On or near Morden (Lu Station),E01003426,Merton 015D,Theft from the person,,
,2023-07,British Transport Police,British Transport Police,-0.194776,51.403221,On or near Morden (Lu Station),E01003426,Merton 015D,Theft from the person,,
,2023-07,British Transport Police,British Transport Police,-0.194776,51.403221,On or near Morden (Lu Station),E01003426,Merton 015D,Theft from the person,,
,2023-07,British Transport Police,British Transport Police,-0.194776,51.403221,On or near Morden (Lu Station),E01003426,Merton 015D,Theft from the person,,
,2023-07,British Transport Police,British Transport Police,-0.194776,51.403221,On or near Morden (Lu Station),E01003426,Merton 015D,Theft from the person,,
,2023-07,British Transport Police,British Transport Police,-0.194776,51.403221,On or near Morden (Lu Station),E01003426,Merton 015D,Theft from the person,,
,2023-07,British Transport Police,British Transport Police,-0.194776,51.403221,On or near Morden (Lu Station),E01003426,Merton 015D,Theft from the person,,
,2023-07,British Transport Police,British Transport Police,-0.194776,51.403221,On or near Morden (Lu Station),E01003426,Merton 015D,Theft from the person,,
,2023-07,British Transport Police,British Transport Police,-0.194776,51.403221,On or near Morden (Lu Station),E01003426,Merton 015D,Theft from the person,,
,2023-07,British Transport Police,British Transport Police,-0.194776,51.403221,On or near Morden (Lu Station),E01003426,Merton 015D,Theft from the person,,
,2023-07,British Transport Police,British Transport Police,-0.194776,51.403221,On or near Morden (Lu Station),E01003426,Merton 015D,Theft from the person,,
,2023-07,British Transport Police,British Transport Police,-0.194776,51.403221,On or near Morden (Lu Station),E01003426,Merton 015D,Theft from the person,,
,2023-07,British Transport Police,British Transport Police,-0.194776,51.403221,On or near Morden (Lu Station),E01003426,Merton 015D,Theft from the person,,
,2023-07,British Transport Police,British Transport Police,-0.194776,51.403221,On or near Morden (Lu Station),E01003426,Merton 015D,Theft from the person,,
,2023-07,British Transport Police,British Transport Police,-0.194776,51.403221,On or near Morden (Lu Station),E01003426,Merton 015D,Theft from the person,,
,2023-07,British Transport Police,British Transport Police,-0.194776,51.403221,On or near Morden (Lu Station),E01003426,Merton 015D,Violence and sexual offences,,
,2023-07,British Transport Police,British Transport Police,-0.194776,51.403221,On or near Morden (Lu Station),E01003426,Merton 015D,Violence and sexual offences,,
,2023-07,British Transport Police,British Transport Police,-0.229934,51.409204,On or near Raynes Park (Station),E01003446,Merton 016C,Bicycle theft,,
,2023-07,British Transport Police,British Transport Police,-0.229934,51.409204,On or near Raynes Park (Station),E01003446,Merton 016C,Other theft,,
,2023-07,British Transport Police,British Transport Police,-0.199395,51.395971,On or near Morden South (Station),E01003427,Merton 023A,Public order,,
,2023-07,British Transport Police,British Transport Police,-3.359830,50.917220,On or near Tiverton Parkway (Station),E01020045,Mid Devon 006A,Drugs,,
,2023-07,British Transport Police,British Transport Police,-3.359830,50.917220,On or near Tiverton Parkway (Station),E01020045,Mid Devon 006A,Public order,,
,2023-07,British Transport Police,British Transport Police,-3.359830,50.917220,On or near Tiverton Parkway (Station),E01020045,Mid Devon 006A,Public order,,
,2023-07,British Transport Police,British Transport Police,-3.359830,50.917220,On or near Tiverton Parkway (Station),E01020045,Mid Devon 006A,Shoplifting,,
,2023-07,British Transport Police,British Transport Police,-3.359830,50.917220,On or near Tiverton Parkway (Station),E01020045,Mid Devon 006A,Shoplifting,,
,2023-07,British Transport Police,British Transport Police,-3.359830,50.917220,On or near Tiverton Parkway (Station),E01020045,Mid Devon 006A,Shoplifting,,
,2023-07,British Transport Police,British Transport Police,-3.359830,50.917220,On or near Tiverton Parkway (Station),E01020045,Mid Devon 006A,Shoplifting,,
,2023-07,British Transport Police,British Transport Police,-3.359830,50.917220,On or near Tiverton Parkway (Station),E01020045,Mid Devon 006A,Shoplifting,,
,2023-07,British Transport Police,British Transport Police,-3.359830,50.917220,On or near Tiverton Parkway (Station),E01020045,Mid Devon 006A,Theft from the person,,
,2023-07,British Transport Police,British Transport Police,-3.359830,50.917220,On or near Tiverton Parkway (Station),E01020045,Mid Devon 006A,Vehicle crime,,
,2023-07,British Transport Police,British Transport Police,-3.359830,50.917220,On or near Tiverton Parkway (Station),E01020045,Mid Devon 006A,Violence and sexual offences,,
,2023-07,British Transport Police,British Transport Police,-1.236788,54.578944,On or near Middlesbrough (Station),E01035189,Middlesbrough 001H,Criminal damage and arson,,
,2023-07,British Transport Police,British Transport Police,-1.236788,54.578944,On or near Middlesbrough (Station),E01035189,Middlesbrough 001H,Public order,,
,2023-07,British Transport Police,British Transport Police,0.999885,52.188713,On or near Stowmarket (Station),E01030071,Mid Suffolk 010B,Violence and sexual offences,,
,2023-07,British Transport Police,British Transport Police,-0.017504,51.126500,On or near East Grinstead (Station),E01031743,Mid Sussex 001G,Criminal damage and arson,,
,2023-07,British Transport Police,British Transport Police,-0.017504,51.126500,On or near East Grinstead (Station),E01031743,Mid Sussex 001G,Vehicle crime,,
,2023-07,British Transport Police,British Transport Police,-0.017504,51.126500,On or near East Grinstead (Station),E01031743,Mid Sussex 001G,Violence and sexual offences,,
,2023-07,British Transport Police,British Transport Police,-0.125733,51.104009,On or near Frant (Station),E01031719,Mid Sussex 002B,Bicycle theft,,
,2023-07,British Transport Police,British Transport Police,-0.125733,51.104009,On or near Frant (Station),E01031719,Mid Sussex 002B,Bicycle theft,,
,2023-07,British Transport Police,British Transport Police,-0.125733,51.104009,On or near Frant (Station),E01031719,Mid Sussex 002B,Bicycle theft,,
,2023-07,British Transport Police,British Transport Police,-0.125733,51.104009,On or near Frant (Station),E01031719,Mid Sussex 002B,Criminal damage and arson,,
,2023-07,British Transport Police,British Transport Police,-0.125733,51.104009,On or near Frant (Station),E01031719,Mid Sussex 002B,Public order,,
,2023-07,British Transport Police,British Transport Police,-0.125733,51.104009,On or near Frant (Station),E01031719,Mid Sussex 002B,Public order,,
,2023-07,British Transport Police,British Transport Police,-0.125733,51.104009,On or near Frant (Station),E01031719,Mid Sussex 002B,Public order,,
,2023-07,British Transport Police,British Transport Police,-0.125733,51.104009,On or near Frant (Station),E01031719,Mid Sussex 002B,Public order,,
,2023-07,British Transport Police,British Transport Police,-0.125733,51.104009,On or near Frant (Station),E01031719,Mid Sussex 002B,Public order,,
,2023-07,British Transport Police,British Transport Police,-0.125733,51.104009,On or near Frant (Station),E01031719,Mid Sussex 002B,Theft from the person,,
,2023-07,British Transport Police,British Transport Police,-0.137097,51.035582,On or near Balcombe (Station),E01031727,Mid Sussex 007D,Bicycle theft,,
,2023-07,British Transport Police,British Transport Police,-0.105192,51.003919,On or near Haywards Heath (Station),E01035347,Mid Sussex 009H,Drugs,,
,2023-07,British Transport Police,British Transport Police,-0.105192,51.003919,On or near Haywards Heath (Station),E01035347,Mid Sussex 009H,Public order,,
,2023-07,British Transport Police,British Transport Police,-0.105192,51.003919,On or near Haywards Heath (Station),E01035347,Mid Sussex 009H,Public order,,
,2023-07,British Transport Police,British Transport Police,-0.105192,51.003919,On or near Haywards Heath (Station),E01035347,Mid Sussex 009H,Theft from the person,,
,2023-07,British Transport Police,British Transport Police,-0.105192,51.003919,On or near Haywards Heath (Station),E01035347,Mid Sussex 009H,Violence and sexual offences,,
,2023-07,British Transport Police,British Transport Police,-0.105192,51.003919,On or near Haywards Heath (Station),E01035347,Mid Sussex 009H,Violence and sexual offences,,
,2023-07,British Transport Police,British Transport Police,-0.120440,50.964507,On or near Wivelsfield (Station),E01031712,Mid Sussex 013D,Criminal damage and arson,,
,2023-07,British Transport Police,British Transport Police,-0.120440,50.964507,On or near Wivelsfield (Station),E01031712,Mid Sussex 013D,Criminal damage and arson,,
,2023-07,British Transport Police,British Transport Police,-0.120440,50.964507,On or near Wivelsfield (Station),E01031712,Mid Sussex 013D,Criminal damage and arson,,
,2023-07,British Transport Police,British Transport Police,-0.120440,50.964507,On or near Wivelsfield (Station),E01031712,Mid Sussex 013D,Public order,,
,2023-07,British Transport Police,British Transport Police,-0.127438,50.953746,On or near Burgess Hill (Station),E01031708,Mid Sussex 014C,Bicycle theft,,
,2023-07,British Transport Police,British Transport Police,-0.127438,50.953746,On or near Burgess Hill (Station),E01031708,Mid Sussex 014C,Bicycle theft,,
,2023-07,British Transport Police,British Transport Police,-0.127438,50.953746,On or near Burgess Hill (Station),E01031708,Mid Sussex 014C,Criminal damage and arson,,
,2023-07,British Transport Police,British Transport Police,-0.127438,50.953746,On or near Burgess Hill (Station),E01031708,Mid Sussex 014C,Public order,,
,2023-07,British Transport Police,British Transport Police,-0.146057,50.924508,On or near Hassocks (Station),E01031746,Mid Sussex 017C,Bicycle theft,,
,2023-07,British Transport Police,British Transport Police,-0.736729,51.994138,On or near Bletchley (Station),E01016713,Milton Keynes 031B,Public order,,
,2023-07,British Transport Police,British Transport Police,-0.736729,51.994138,On or near Bletchley (Station),E01016713,Milton Keynes 031B,Violence and sexual offences,,
,2023-07,British Transport Police,British Transport Police,-0.736729,51.994138,On or near Bletchley (Station),E01016713,Milton Keynes 031B,Violence and sexual offences,,
,2023-07,British Transport Police,British Transport Police,-0.736729,51.994138,On or near Bletchley (Station),E01016713,Milton Keynes 031B,Violence and sexual offences,,
,2023-07,British Transport Police,British Transport Police,-0.736729,51.994138,On or near Bletchley (Station),E01016713,Milton Keynes 031B,Violence and sexual offences,,
,2023-07,British Transport Police,British Transport Police,-0.736729,51.994138,On or near Bletchley (Station),E01016713,Milton Keynes 031B,Violence and sexual offences,,
,2023-07,British Transport Police,British Transport Police,-0.307575,51.317782,On or near Ashtead (Station),E01030507,Mole Valley 002B,Bicycle theft,,
,2023-07,British Transport Police,British Transport Police,-0.307575,51.317782,On or near Ashtead (Station),E01030507,Mole Valley 002B,Bicycle theft,,
,2023-07,British Transport Police,British Transport Police,-0.307575,51.317782,On or near Ashtead (Station),E01030507,Mole Valley 002B,Bicycle theft,,
,2023-07,British Transport Police,British Transport Police,-0.332482,51.299715,On or near Leatherhead (Station),E01030549,Mole Valley 003B,Bicycle theft,,
,2023-07,British Transport Police,British Transport Police,-0.384152,51.288677,On or near Bookham (Station),E01030517,Mole Valley 006B,Bicycle theft,,
,2023-07,British Transport Police,British Transport Police,-0.324193,51.240947,On or near Dorking (Station),E01030533,Mole Valley 009B,Bicycle theft,,
,2023-07,British Transport Police,British Transport Police,-0.323968,51.238848,On or near Dorking Deepdene (Station),E01030533,Mole Valley 009B,Bicycle theft,,
,2023-07,British Transport Police,British Transport Police,-0.324193,51.240947,On or near Dorking (Station),E01030533,Mole Valley 009B,Bicycle theft,,
,2023-07,British Transport Police,British Transport Police,-0.324193,51.240947,On or near Dorking (Station),E01030533,Mole Valley 009B,Criminal damage and arson,,
,2023-07,British Transport Police,British Transport Police,-0.324193,51.240947,On or near Dorking (Station),E01030533,Mole Valley 009B,Public order,,
,2023-07,British Transport Police,British Transport Police,-0.324193,51.240947,On or near Dorking (Station),E01030533,Mole Valley 009B,Violence and sexual offences,,
,2023-07,British Transport Police,British Transport Police,-0.328481,51.253858,On or near Boxhill & Westhumble (Station),E01030556,Mole Valley 009D,Bicycle theft,,
,2023-07,British Transport Police,British Transport Police,-2.759212,51.584569,On or near Caldicot (Station),W01001588,Monmouthshire 010D,Public order,,
,2023-07,British Transport Police,British Transport Police,-2.774555,51.584247,On or near Severn Tunnel Junction (Station),W01001582,Monmouthshire 011D,Public order,,
,2023-07,British Transport Police,British Transport Police,-3.808732,51.660782,On or near Neath (Station),W01000935,Neath Port Talbot 008B,Public order,,
,2023-07,British Transport Police,British Transport Police,-3.808732,51.660782,On or near Neath (Station),W01000935,Neath Port Talbot 008B,Violence and sexual offences,,
,2023-07,British Transport Police,British Transport Police,-0.800822,53.079802,On or near Newark North Gate (Station),E01028305,Newark and Sherwood 007C,Bicycle theft,,
,2023-07,British Transport Police,British Transport Police,-0.800822,53.079802,On or near Newark North Gate (Station),E01028305,Newark and Sherwood 007C,Burglary,,
,2023-07,British Transport Police,British Transport Police,-0.800822,53.079802,On or near Newark North Gate (Station),E01028305,Newark and Sherwood 007C,Public order,,
,2023-07,British Transport Police,British Transport Police,-0.900095,53.065197,On or near Rolleston (Station),E01028352,Newark and Sherwood 012E,Public order,,
,2023-07,British Transport Police,British Transport Police,-2.244516,53.086404,On or near Kidsgrove (Station),E01029588,Newcastle-under-Lyme 002D,Criminal damage and arson,,
,2023-07,British Transport Police,British Transport Police,-1.482545,50.917935,On or near Totton (Station),E01023077,New Forest 004B,Bicycle theft,,
,2023-07,British Transport Police,British Transport Police,-1.482545,50.917935,On or near Totton (Station),E01023077,New Forest 004B,Bicycle theft,,
,2023-07,British Transport Police,British Transport Police,-1.752757,50.855632,On or near Bradford Forster Square (Station),E01023062,New Forest 010B,Violence and sexual offences,,
,2023-07,British Transport Police,British Transport Police,-1.752757,50.855632,On or near Bradford Forster Square (Station),E01023062,New Forest 010B,Violence and sexual offences,,
,2023-07,British Transport Police,British Transport Police,-1.619332,50.798475,On or near Newcastle Central (Station),E01022998,New Forest 015C,Criminal damage and arson,,
,2023-07,British Transport Police,British Transport Police,-1.619332,50.798475,On or near Newcastle Central (Station),E01022998,New Forest 015C,Criminal damage and arson,,
,2023-07,British Transport Police,British Transport Police,-1.619332,50.798475,On or near Newcastle Central (Station),E01022998,New Forest 015C,Drugs,,
,2023-07,British Transport Police,British Transport Police,-1.619332,50.798475,On or near Newcastle Central (Station),E01022998,New Forest 015C,Drugs,,
,2023-07,British Transport Police,British Transport Police,-1.619332,50.798475,On or near Newcastle Central (Station),E01022998,New Forest 015C,Drugs,,
,2023-07,British Transport Police,British Transport Police,-1.619332,50.798475,On or near Newcastle Central (Station),E01022998,New Forest 015C,Drugs,,
,2023-07,British Transport Police,British Transport Police,-1.619332,50.798475,On or near Newcastle Central (Station),E01022998,New Forest 015C,Drugs,,
,2023-07,British Transport Police,British Transport Police,-1.619332,50.798475,On or near Newcastle Central (Station),E01022998,New Forest 015C,Drugs,,
,2023-07,British Transport Police,British Transport Police,-1.619332,50.798475,On or near Newcastle Central (Station),E01022998,New Forest 015C,Drugs,,
,2023-07,British Transport Police,British Transport Police,-1.619332,50.798475,On or near Newcastle Central (Station),E01022998,New Forest 015C,Drugs,,
,2023-07,British Transport Police,British Transport Police,-1.619332,50.798475,On or near Newcastle Central (Station),E01022998,New Forest 015C,Other theft,,
,2023-07,British Transport Police,British Transport Police,-1.619332,50.798475,On or near Newcastle Central (Station),E01022998,New Forest 015C,Other theft,,
,2023-07,British Transport Police,British Transport Police,-1.619332,50.798475,On or near Newcastle Central (Station),E01022998,New Forest 015C,Other theft,,
,2023-07,British Transport Police,British Transport Police,-1.619332,50.798475,On or near Newcastle Central (Station),E01022998,New Forest 015C,Other theft,,
,2023-07,British Transport Police,British Transport Police,-1.619332,50.798475,On or near Newcastle Central (Station),E01022998,New Forest 015C,Other theft,,
,2023-07,British Transport Police,British Transport Police,-1.619332,50.798475,On or near Newcastle Central (Station),E01022998,New Forest 015C,Other theft,,
,2023-07,British Transport Police,British Transport Police,-1.619332,50.798475,On or near Newcastle Central (Station),E01022998,New Forest 015C,Other theft,,
,2023-07,British Transport Police,British Transport Police,-1.619332,50.798475,On or near Newcastle Central (Station),E01022998,New Forest 015C,Possession of weapons,,
,2023-07,British Transport Police,British Transport Police,-1.619332,50.798475,On or near Newcastle Central (Station),E01022998,New Forest 015C,Public order,,
,2023-07,British Transport Police,British Transport Police,-1.619332,50.798475,On or near Newcastle Central (Station),E01022998,New Forest 015C,Public order,,
,2023-07,British Transport Police,British Transport Police,-1.619332,50.798475,On or near Newcastle Central (Station),E01022998,New Forest 015C,Public order,,
,2023-07,British Transport Police,British Transport Police,-1.619332,50.798475,On or near Newcastle Central (Station),E01022998,New Forest 015C,Public order,,
,2023-07,British Transport Police,British Transport Police,-1.619332,50.798475,On or near Newcastle Central (Station),E01022998,New Forest 015C,Public order,,
,2023-07,British Transport Police,British Transport Police,-1.619332,50.798475,On or near Newcastle Central (Station),E01022998,New Forest 015C,Public order,,
,2023-07,British Transport Police,British Transport Police,-1.619332,50.798475,On or near Newcastle Central (Station),E01022998,New Forest 015C,Public order,,
,2023-07,British Transport Police,British Transport Police,-1.619332,50.798475,On or near Newcastle Central (Station),E01022998,New Forest 015C,Public order,,
,2023-07,British Transport Police,British Transport Police,-1.619332,50.798475,On or near Newcastle Central (Station),E01022998,New Forest 015C,Public order,,
,2023-07,British Transport Police,British Transport Police,-1.619332,50.798475,On or near Newcastle Central (Station),E01022998,New Forest 015C,Public order,,
,2023-07,British Transport Police,British Transport Police,-1.619332,50.798475,On or near Newcastle Central (Station),E01022998,New Forest 015C,Public order,,
,2023-07,British Transport Police,British Transport Police,-1.619332,50.798475,On or near Newcastle Central (Station),E01022998,New Forest 015C,Public order,,
,2023-07,British Transport Police,British Transport Police,-1.619332,50.798475,On or near Newcastle Central (Station),E01022998,New Forest 015C,Public order,,
,2023-07,British Transport Police,British Transport Police,-1.619332,50.798475,On or near Newcastle Central (Station),E01022998,New Forest 015C,Shoplifting,,
,2023-07,British Transport Police,British Transport Police,-1.619332,50.798475,On or near Newcastle Central (Station),E01022998,New Forest 015C,Shoplifting,,
,2023-07,British Transport Police,British Transport Police,-1.619332,50.798475,On or near Newcastle Central (Station),E01022998,New Forest 015C,Shoplifting,,
,2023-07,British Transport Police,British Transport Police,-1.619332,50.798475,On or near Newcastle Central (Station),E01022998,New Forest 015C,Shoplifting,,
,2023-07,British Transport Police,British Transport Police,-1.619332,50.798475,On or near Newcastle Central (Station),E01022998,New Forest 015C,Shoplifting,,
,2023-07,British Transport Police,British Transport Police,-1.619332,50.798475,On or near Newcastle Central (Station),E01022998,New Forest 015C,Shoplifting,,
,2023-07,British Transport Police,British Transport Police,-1.619332,50.798475,On or near Newcastle Central (Station),E01022998,New Forest 015C,Shoplifting,,
,2023-07,British Transport Police,British Transport Police,-1.619332,50.798475,On or near Newcastle Central (Station),E01022998,New Forest 015C,Shoplifting,,
,2023-07,British Transport Police,British Transport Police,-1.619332,50.798475,On or near Newcastle Central (Station),E01022998,New Forest 015C,Shoplifting,,
,2023-07,British Transport Police,British Transport Police,-1.619332,50.798475,On or near Newcastle Central (Station),E01022998,New Forest 015C,Shoplifting,,
,2023-07,British Transport Police,British Transport Police,-1.619332,50.798475,On or near Newcastle Central (Station),E01022998,New Forest 015C,Shoplifting,,
,2023-07,British Transport Police,British Transport Police,-1.619332,50.798475,On or near Newcastle Central (Station),E01022998,New Forest 015C,Shoplifting,,
,2023-07,British Transport Police,British Transport Police,-1.619332,50.798475,On or near Newcastle Central (Station),E01022998,New Forest 015C,Shoplifting,,
,2023-07,British Transport Police,British Transport Police,-1.619332,50.798475,On or near Newcastle Central (Station),E01022998,New Forest 015C,Shoplifting,,
,2023-07,British Transport Police,British Transport Police,-1.619332,50.798475,On or near Newcastle Central (Station),E01022998,New Forest 015C,Shoplifting,,
,2023-07,British Transport Police,British Transport Police,-1.619332,50.798475,On or near Newcastle Central (Station),E01022998,New Forest 015C,Shoplifting,,
,2023-07,British Transport Police,British Transport Police,-1.619332,50.798475,On or near Newcastle Central (Station),E01022998,New Forest 015C,Theft from the person,,
,2023-07,British Transport Police,British Transport Police,-1.619332,50.798475,On or near Newcastle Central (Station),E01022998,New Forest 015C,Theft from the person,,
,2023-07,British Transport Police,British Transport Police,-1.619332,50.798475,On or near Newcastle Central (Station),E01022998,New Forest 015C,Violence and sexual offences,,
,2023-07,British Transport Police,British Transport Police,-1.619332,50.798475,On or near Newcastle Central (Station),E01022998,New Forest 015C,Violence and sexual offences,,
,2023-07,British Transport Police,British Transport Police,-1.619332,50.798475,On or near Newcastle Central (Station),E01022998,New Forest 015C,Violence and sexual offences,,
,2023-07,British Transport Police,British Transport Police,-1.573505,50.816752,On or near Brockenhurst (Station),E01023000,New Forest 015D,Vehicle crime,,
,2023-07,British Transport Police,British Transport Police,-1.713857,50.752666,On or near Hinton Admiral (Station),E01022996,New Forest 016C,Public order,,
,2023-07,British Transport Police,British Transport Police,-1.657764,50.755825,On or near New Milton (Station),E01023018,New Forest 020B,Bicycle theft,,
,2023-07,British Transport Police,British Transport Police,-1.657764,50.755825,On or near New Milton (Station),E01023018,New Forest 020B,Criminal damage and arson,,
,2023-07,British Transport Police,British Transport Police,-1.657764,50.755825,On or near New Milton (Station),E01023018,New Forest 020B,Criminal damage and arson,,
,2023-07,British Transport Police,British Transport Police,-1.657764,50.755825,On or near New Milton (Station),E01023018,New Forest 020B,Public order,,
,2023-07,British Transport Police,British Transport Police,0.024603,51.549544,On or near Forest Gate (Station),E01003544,Newham 001B,Public order,,
,2023-07,British Transport Police,British Transport Police,0.024603,51.549544,On or near Forest Gate (Station),E01003544,Newham 001B,Public order,,
,2023-07,British Transport Police,British Transport Police,0.024603,51.549544,On or near Forest Gate (Station),E01003544,Newham 001B,Robbery,,
,2023-07,British Transport Police,British Transport Police,0.024603,51.549544,On or near Forest Gate (Station),E01003544,Newham 001B,Robbery,,
,2023-07,British Transport Police,British Transport Police,0.024603,51.549544,On or near Forest Gate (Station),E01003544,Newham 001B,Violence and sexual offences,,
,2023-07,British Transport Police,British Transport Police,0.024603,51.549544,On or near Forest Gate (Station),E01003544,Newham 001B,Violence and sexual offences,,
,2023-07,British Transport Police,British Transport Police,0.024603,51.549544,On or near Forest Gate (Station),E01003544,Newham 001B,Violence and sexual offences,,
,2023-07,British Transport Police,British Transport Police,0.045278,51.551631,On or near Manor Park (Station),E01003590,Newham 003D,Other theft,,
,2023-07,British Transport Police,British Transport Police,0.045278,51.551631,On or near Manor Park (Station),E01003590,Newham 003D,Public order,,
,2023-07,British Transport Police,British Transport Police,0.045278,51.551631,On or near Manor Park (Station),E01003590,Newham 003D,Public order,,
,2023-07,British Transport Police,British Transport Police,0.045278,51.551631,On or near Manor Park (Station),E01003590,Newham 003D,Theft from the person,,
,2023-07,British Transport Police,British Transport Police,0.045278,51.551631,On or near Manor Park (Station),E01003590,Newham 003D,Theft from the person,,
,2023-07,British Transport Police,British Transport Police,0.045278,51.551631,On or near Manor Park (Station),E01003590,Newham 003D,Theft from the person,,
,2023-07,British Transport Police,British Transport Police,0.045278,51.551631,On or near Manor Park (Station),E01003590,Newham 003D,Violence and sexual offences,,
,2023-07,British Transport Police,British Transport Police,0.045278,51.551631,On or near Manor Park (Station),E01003590,Newham 003D,Violence and sexual offences,,
,2023-07,British Transport Police,British Transport Police,0.005844,51.546079,On or near Maryland (Station),E01003616,Newham 012A,Theft from the person,,
,2023-07,British Transport Police,British Transport Police,0.051099,51.538948,On or near East Ham (Lu Station),E01003520,Newham 018A,Criminal damage and arson,,
,2023-07,British Transport Police,British Transport Police,0.051099,51.538948,On or near East Ham (Lu Station),E01003520,Newham 018A,Drugs,,
,2023-07,British Transport Police,British Transport Police,0.051099,51.538948,On or near East Ham (Lu Station),E01003520,Newham 018A,Drugs,,
,2023-07,British Transport Police,British Transport Police,0.051099,51.538948,On or near East Ham (Lu Station),E01003520,Newham 018A,Other theft,,
,2023-07,British Transport Police,British Transport Police,0.051099,51.538948,On or near East Ham (Lu Station),E01003520,Newham 018A,Possession of weapons,,
,2023-07,British Transport Police,British Transport Police,0.051099,51.538948,On or near East Ham (Lu Station),E01003520,Newham 018A,Public order,,
,2023-07,British Transport Police,British Transport Police,0.051099,51.538948,On or near East Ham (Lu Station),E01003520,Newham 018A,Public order,,
,2023-07,British Transport Police,British Transport Police,0.051099,51.538948,On or near East Ham (Lu Station),E01003520,Newham 018A,Robbery,,
,2023-07,British Transport Police,British Transport Police,0.051099,51.538948,On or near East Ham (Lu Station),E01003520,Newham 018A,Robbery,,
,2023-07,British Transport Police,British Transport Police,0.051099,51.538948,On or near East Ham (Lu Station),E01003520,Newham 018A,Robbery,,
,2023-07,British Transport Police,British Transport Police,0.051099,51.538948,On or near East Ham (Lu Station),E01003520,Newham 018A,Theft from the person,,
,2023-07,British Transport Police,British Transport Police,0.051099,51.538948,On or near East Ham (Lu Station),E01003520,Newham 018A,Theft from the person,,
,2023-07,British Transport Police,British Transport Police,0.051099,51.538948,On or near East Ham (Lu Station),E01003520,Newham 018A,Theft from the person,,
,2023-07,British Transport Police,British Transport Police,0.051099,51.538948,On or near East Ham (Lu Station),E01003520,Newham 018A,Theft from the person,,
,2023-07,British Transport Police,British Transport Police,0.051099,51.538948,On or near East Ham (Lu Station),E01003520,Newham 018A,Other crime,,
,2023-07,British Transport Police,British Transport Police,0.003815,51.532400,On or near Abbey Road (Dlr),E01003631,Newham 020A,Public order,,
,2023-07,British Transport Police,British Transport Police,0.003815,51.532400,On or near Abbey Road (Dlr),E01003631,Newham 020A,Theft from the person,,
,2023-07,British Transport Police,British Transport Police,0.035403,51.535379,On or near Upton Park (Lu Station),E01003491,Newham 022A,Criminal damage and arson,,
,2023-07,British Transport Police,British Transport Police,0.035403,51.535379,On or near Upton Park (Lu Station),E01003491,Newham 022A,Other theft,,
,2023-07,British Transport Police,British Transport Police,0.035403,51.535379,On or near Upton Park (Lu Station),E01003491,Newham 022A,Other theft,,
,2023-07,British Transport Police,British Transport Police,0.035403,51.535379,On or near Upton Park (Lu Station),E01003491,Newham 022A,Robbery,,
,2023-07,British Transport Police,British Transport Police,0.035403,51.535379,On or near Upton Park (Lu Station),E01003491,Newham 022A,Theft from the person,,
,2023-07,British Transport Police,British Transport Police,0.035403,51.535379,On or near Upton Park (Lu Station),E01003491,Newham 022A,Theft from the person,,
,2023-07,British Transport Police,British Transport Police,0.035403,51.535379,On or near Upton Park (Lu Station),E01003491,Newham 022A,Theft from the person,,
,2023-07,British Transport Police,British Transport Police,0.035403,51.535379,On or near Upton Park (Lu Station),E01003491,Newham 022A,Theft from the person,,
,2023-07,British Transport Police,British Transport Police,0.035403,51.535379,On or near Upton Park (Lu Station),E01003491,Newham 022A,Theft from the person,,
,2023-07,British Transport Police,British Transport Police,0.035403,51.535379,On or near Upton Park (Lu Station),E01003491,Newham 022A,Theft from the person,,
,2023-07,British Transport Police,British Transport Police,0.035403,51.535379,On or near Upton Park (Lu Station),E01003491,Newham 022A,Theft from the person,,
,2023-07,British Transport Police,British Transport Police,0.035403,51.535379,On or near Upton Park (Lu Station),E01003491,Newham 022A,Violence and sexual offences,,
,2023-07,British Transport Police,British Transport Police,0.005110,51.528070,On or near West Ham (Dlr),E01003496,Newham 027A,Criminal damage and arson,,
,2023-07,British Transport Police,British Transport Police,0.005110,51.528070,On or near West Ham (Dlr),E01003496,Newham 027A,Other theft,,
,2023-07,British Transport Police,British Transport Police,0.005110,51.528070,On or near West Ham (Dlr),E01003496,Newham 027A,Other theft,,
,2023-07,British Transport Police,British Transport Police,0.005110,51.528070,On or near West Ham (Dlr),E01003496,Newham 027A,Other theft,,
,2023-07,British Transport Police,British Transport Police,0.005110,51.528070,On or near West Ham (Dlr),E01003496,Newham 027A,Public order,,
,2023-07,British Transport Police,British Transport Police,0.005110,51.528070,On or near West Ham (Dlr),E01003496,Newham 027A,Robbery,,
,2023-07,British Transport Police,British Transport Police,0.005110,51.528070,On or near West Ham (Dlr),E01003496,Newham 027A,Robbery,,
,2023-07,British Transport Police,British Transport Police,0.005110,51.528070,On or near West Ham (Dlr),E01003496,Newham 027A,Theft from the person,,
,2023-07,British Transport Police,British Transport Police,0.005110,51.528070,On or near West Ham (Dlr),E01003496,Newham 027A,Theft from the person,,
,2023-07,British Transport Police,British Transport Police,0.005110,51.528070,On or near West Ham (Dlr),E01003496,Newham 027A,Theft from the person,,
,2023-07,British Transport Police,British Transport Police,0.005110,51.528070,On or near West Ham (Dlr),E01003496,Newham 027A,Violence and sexual offences,,
,2023-07,British Transport Police,British Transport Police,0.005110,51.528070,On or near West Ham (Dlr),E01003496,Newham 027A,Violence and sexual offences,,
,2023-07,British Transport Police,British Transport Police,0.005110,51.528070,On or near West Ham (Dlr),E01003496,Newham 027A,Violence and sexual offences,,
,2023-07,British Transport Police,British Transport Police,0.005110,51.528070,On or near West Ham (Dlr),E01003496,Newham 027A,Violence and sexual offences,,
,2023-07,British Transport Police,British Transport Police,0.005110,51.528070,On or near West Ham (Dlr),E01003496,Newham 027A,Violence and sexual offences,,
,2023-07,British Transport Police,British Transport Police,0.005110,51.528070,On or near West Ham (Dlr),E01003496,Newham 027A,Violence and sexual offences,,
,2023-07,British Transport Police,British Transport Police,0.005110,51.528070,On or near West Ham (Dlr),E01003496,Newham 027A,Violence and sexual offences,,
,2023-07,British Transport Police,British Transport Police,0.005110,51.528070,On or near West Ham (Dlr),E01003496,Newham 027A,Violence and sexual offences,,
,2023-07,British Transport Police,British Transport Police,0.005110,51.528070,On or near West Ham (Dlr),E01003496,Newham 027A,Violence and sexual offences,,
,2023-07,British Transport Police,British Transport Police,0.005110,51.528070,On or near West Ham (Dlr),E01003496,Newham 027A,Violence and sexual offences,,
,2023-07,British Transport Police,British Transport Police,0.016721,51.531128,On or near Plaistow (Lu Station),E01003593,Newham 027D,Other theft,,
,2023-07,British Transport Police,British Transport Police,0.061177,51.514330,On or near Beckton (Dlr),E01003486,Newham 033C,Theft from the person,,
,2023-07,British Transport Police,British Transport Police,0.061177,51.514330,On or near Beckton (Dlr),E01003486,Newham 033C,Violence and sexual offences,,
,2023-07,British Transport Police,British Transport Police,0.061177,51.514330,On or near Beckton (Dlr),E01003486,Newham 033C,Violence and sexual offences,,
,2023-07,British Transport Police,British Transport Police,0.071772,51.508953,On or near Gallions Reach (Dlr),E01034207,Newham 033G,Theft from the person,,
,2023-07,British Transport Police,British Transport Police,0.004300,51.520451,On or near Star Lane (Dlr),E01003497,Newham 034A,Violence and sexual offences,,
,2023-07,British Transport Police,British Transport Police,0.008177,51.513892,On or near Canning Town (Dlr),E01034211,Newham 034M,Drugs,,
,2023-07,British Transport Police,British Transport Police,0.008177,51.513892,On or near Canning Town (Dlr),E01034211,Newham 034M,Other theft,,
,2023-07,British Transport Police,British Transport Police,0.008177,51.513892,On or near Canning Town (Dlr),E01034211,Newham 034M,Other theft,,
,2023-07,British Transport Police,British Transport Police,0.008177,51.513892,On or near Canning Town (Dlr),E01034211,Newham 034M,Other theft,,
,2023-07,British Transport Police,British Transport Police,0.008177,51.513892,On or near Canning Town (Dlr),E01034211,Newham 034M,Other theft,,
,2023-07,British Transport Police,British Transport Police,0.008177,51.513892,On or near Canning Town (Dlr),E01034211,Newham 034M,Public order,,
,2023-07,British Transport Police,British Transport Police,0.008177,51.513892,On or near Canning Town (Dlr),E01034211,Newham 034M,Robbery,,
,2023-07,British Transport Police,British Transport Police,0.008177,51.513892,On or near Canning Town (Dlr),E01034211,Newham 034M,Theft from the person,,
,2023-07,British Transport Police,British Transport Police,0.008177,51.513892,On or near Canning Town (Dlr),E01034211,Newham 034M,Theft from the person,,
,2023-07,British Transport Police,British Transport Police,0.008177,51.513892,On or near Canning Town (Dlr),E01034211,Newham 034M,Theft from the person,,
,2023-07,British Transport Police,British Transport Police,0.008177,51.513892,On or near Canning Town (Dlr),E01034211,Newham 034M,Theft from the person,,
,2023-07,British Transport Police,British Transport Police,0.008177,51.513892,On or near Canning Town (Dlr),E01034211,Newham 034M,Theft from the person,,
,2023-07,British Transport Police,British Transport Police,0.008177,51.513892,On or near Canning Town (Dlr),E01034211,Newham 034M,Theft from the person,,
,2023-07,British Transport Police,British Transport Police,0.008177,51.513892,On or near Canning Town (Dlr),E01034211,Newham 034M,Theft from the person,,
,2023-07,British Transport Police,British Transport Police,0.008177,51.513892,On or near Canning Town (Dlr),E01034211,Newham 034M,Violence and sexual offences,,
,2023-07,British Transport Police,British Transport Police,0.008177,51.513892,On or near Canning Town (Dlr),E01034211,Newham 034M,Violence and sexual offences,,
,2023-07,British Transport Police,British Transport Police,0.008177,51.513892,On or near Canning Town (Dlr),E01034211,Newham 034M,Violence and sexual offences,,
,2023-07,British Transport Police,British Transport Police,0.025831,51.509631,On or near Custom House (Station),E01034212,Newham 034N,Public order,,
,2023-07,British Transport Police,British Transport Police,0.025831,51.509631,On or near Custom House (Station),E01034212,Newham 034N,Violence and sexual offences,,
,2023-07,British Transport Police,British Transport Police,0.054945,51.508756,On or near Beckton Park (Dlr),E01003481,Newham 035B,Theft from the person,,
,2023-07,British Transport Police,British Transport Police,0.034160,51.509307,On or near Prince Regent (Dlr),E01003515,Newham 036D,Criminal damage and arson,,
,2023-07,British Transport Police,British Transport Police,-0.008776,51.544853,On or near Stratford International (Dlr),E01034220,Newham 039D,Criminal damage and arson,,
,2023-07,British Transport Police,British Transport Police,-0.004658,51.540309,On or near Stratford (Station),E01034220,Newham 039D,Criminal damage and arson,,
,2023-07,British Transport Police,British Transport Police,-0.004658,51.540309,On or near Stratford (Station),E01034220,Newham 039D,Drugs,,
,2023-07,British Transport Police,British Transport Police,-0.004658,51.540309,On or near Stratford (Station),E01034220,Newham 039D,Drugs,,
,2023-07,British Transport Police,British Transport Police,-0.004658,51.540309,On or near Stratford (Station),E01034220,Newham 039D,Drugs,,
,2023-07,British Transport Police,British Transport Police,-0.004658,51.540309,On or near Stratford (Station),E01034220,Newham 039D,Drugs,,
,2023-07,British Transport Police,British Transport Police,-0.004658,51.540309,On or near Stratford (Station),E01034220,Newham 039D,Drugs,,
,2023-07,British Transport Police,British Transport Police,-0.004658,51.540309,On or near Stratford (Station),E01034220,Newham 039D,Drugs,,
,2023-07,British Transport Police,British Transport Police,-0.004658,51.540309,On or near Stratford (Station),E01034220,Newham 039D,Other theft,,
,2023-07,British Transport Police,British Transport Police,-0.004658,51.540309,On or near Stratford (Station),E01034220,Newham 039D,Other theft,,
,2023-07,British Transport Police,British Transport Police,-0.004658,51.540309,On or near Stratford (Station),E01034220,Newham 039D,Other theft,,
,2023-07,British Transport Police,British Transport Police,-0.004658,51.540309,On or near Stratford (Station),E01034220,Newham 039D,Other theft,,
,2023-07,British Transport Police,British Transport Police,-0.004658,51.540309,On or near Stratford (Station),E01034220,Newham 039D,Other theft,,
,2023-07,British Transport Police,British Transport Police,-0.004658,51.540309,On or near Stratford (Station),E01034220,Newham 039D,Other theft,,
,2023-07,British Transport Police,British Transport Police,-0.008776,51.544853,On or near Stratford International (Dlr),E01034220,Newham 039D,Other theft,,
,2023-07,British Transport Police,British Transport Police,-0.004658,51.540309,On or near Stratford (Station),E01034220,Newham 039D,Other theft,,
,2023-07,British Transport Police,British Transport Police,-0.004658,51.540309,On or near Stratford (Station),E01034220,Newham 039D,Other theft,,
,2023-07,British Transport Police,British Transport Police,-0.004658,51.540309,On or near Stratford (Station),E01034220,Newham 039D,Other theft,,
,2023-07,British Transport Police,British Transport Police,-0.004658,51.540309,On or near Stratford (Station),E01034220,Newham 039D,Other theft,,
,2023-07,British Transport Police,British Transport Police,-0.004658,51.540309,On or near Stratford (Station),E01034220,Newham 039D,Other theft,,
,2023-07,British Transport Police,British Transport Police,-0.004658,51.540309,On or near Stratford (Station),E01034220,Newham 039D,Other theft,,
,2023-07,British Transport Police,British Transport Police,-0.004658,51.540309,On or near Stratford (Station),E01034220,Newham 039D,Other theft,,
,2023-07,British Transport Police,British Transport Police,-0.004658,51.540309,On or near Stratford (Station),E01034220,Newham 039D,Other theft,,
,2023-07,British Transport Police,British Transport Police,-0.004658,51.540309,On or near Stratford (Station),E01034220,Newham 039D,Possession of weapons,,
,2023-07,British Transport Police,British Transport Police,-0.004658,51.540309,On or near Stratford (Station),E01034220,Newham 039D,Possession of weapons,,
,2023-07,British Transport Police,British Transport Police,-0.004658,51.540309,On or near Stratford (Station),E01034220,Newham 039D,Possession of weapons,,
,2023-07,British Transport Police,British Transport Police,-0.004658,51.540309,On or near Stratford (Station),E01034220,Newham 039D,Public order,,
,2023-07,British Transport Police,British Transport Police,-0.004658,51.540309,On or near Stratford (Station),E01034220,Newham 039D,Public order,,
,2023-07,British Transport Police,British Transport Police,-0.004658,51.540309,On or near Stratford (Station),E01034220,Newham 039D,Public order,,
,2023-07,British Transport Police,British Transport Police,-0.004658,51.540309,On or near Stratford (Station),E01034220,Newham 039D,Public order,,
,2023-07,British Transport Police,British Transport Police,-0.004658,51.540309,On or near Stratford (Station),E01034220,Newham 039D,Public order,,
,2023-07,British Transport Police,British Transport Police,-0.004658,51.540309,On or near Stratford (Station),E01034220,Newham 039D,Public order,,
,2023-07,British Transport Police,British Transport Police,-0.004658,51.540309,On or near Stratford (Station),E01034220,Newham 039D,Public order,,
,2023-07,British Transport Police,British Transport Police,-0.004658,51.540309,On or near Stratford (Station),E01034220,Newham 039D,Public order,,
,2023-07,British Transport Police,British Transport Police,-0.004658,51.540309,On or near Stratford (Station),E01034220,Newham 039D,Public order,,
,2023-07,British Transport Police,British Transport Police,-0.004658,51.540309,On or near Stratford (Station),E01034220,Newham 039D,Public order,,
,2023-07,British Transport Police,British Transport Police,-0.004658,51.540309,On or near Stratford (Station),E01034220,Newham 039D,Public order,,
,2023-07,British Transport Police,British Transport Police,-0.004658,51.540309,On or near Stratford (Station),E01034220,Newham 039D,Public order,,
,2023-07,British Transport Police,British Transport Police,-0.004658,51.540309,On or near Stratford (Station),E01034220,Newham 039D,Public order,,
,2023-07,British Transport Police,British Transport Police,-0.004658,51.540309,On or near Stratford (Station),E01034220,Newham 039D,Public order,,
,2023-07,British Transport Police,British Transport Police,-0.004658,51.540309,On or near Stratford (Station),E01034220,Newham 039D,Public order,,
,2023-07,British Transport Police,British Transport Police,-0.004658,51.540309,On or near Stratford (Station),E01034220,Newham 039D,Public order,,
,2023-07,British Transport Police,British Transport Police,-0.004658,51.540309,On or near Stratford (Station),E01034220,Newham 039D,Public order,,
,2023-07,British Transport Police,British Transport Police,-0.004658,51.540309,On or near Stratford (Station),E01034220,Newham 039D,Public order,,
,2023-07,British Transport Police,British Transport Police,-0.004658,51.540309,On or near Stratford (Station),E01034220,Newham 039D,Robbery,,
,2023-07,British Transport Police,British Transport Police,-0.004658,51.540309,On or near Stratford (Station),E01034220,Newham 039D,Robbery,,
,2023-07,British Transport Police,British Transport Police,-0.004658,51.540309,On or near Stratford (Station),E01034220,Newham 039D,Robbery,,
,2023-07,British Transport Police,British Transport Police,-0.004658,51.540309,On or near Stratford (Station),E01034220,Newham 039D,Robbery,,
,2023-07,British Transport Police,British Transport Police,-0.004658,51.540309,On or near Stratford (Station),E01034220,Newham 039D,Robbery,,
,2023-07,British Transport Police,British Transport Police,-0.008776,51.544853,On or near Stratford International (Dlr),E01034220,Newham 039D,Shoplifting,,
,2023-07,British Transport Police,British Transport Police,-0.004658,51.540309,On or near Stratford (Station),E01034220,Newham 039D,Shoplifting,,
,2023-07,British Transport Police,British Transport Police,-0.004658,51.540309,On or near Stratford (Station),E01034220,Newham 039D,Shoplifting,,
,2023-07,British Transport Police,British Transport Police,-0.004658,51.540309,On or near Stratford (Station),E01034220,Newham 039D,Shoplifting,,
,2023-07,British Transport Police,British Transport Police,-0.004658,51.540309,On or near Stratford (Station),E01034220,Newham 039D,Shoplifting,,
,2023-07,British Transport Police,British Transport Police,-0.004658,51.540309,On or near Stratford (Station),E01034220,Newham 039D,Theft from the person,,
,2023-07,British Transport Police,British Transport Police,-0.004658,51.540309,On or near Stratford (Station),E01034220,Newham 039D,Theft from the person,,
,2023-07,British Transport Police,British Transport Police,-0.004658,51.540309,On or near Stratford (Station),E01034220,Newham 039D,Theft from the person,,
,2023-07,British Transport Police,British Transport Police,-0.004658,51.540309,On or near Stratford (Station),E01034220,Newham 039D,Theft from the person,,
,2023-07,British Transport Police,British Transport Police,-0.004658,51.540309,On or near Stratford (Station),E01034220,Newham 039D,Theft from the person,,
,2023-07,British Transport Police,British Transport Police,-0.004658,51.540309,On or near Stratford (Station),E01034220,Newham 039D,Theft from the person,,
,2023-07,British Transport Police,British Transport Police,-0.004658,51.540309,On or near Stratford (Station),E01034220,Newham 039D,Theft from the person,,
,2023-07,British Transport Police,British Transport Police,-0.004658,51.540309,On or near Stratford (Station),E01034220,Newham 039D,Theft from the person,,
,2023-07,British Transport Police,British Transport Police,-0.004658,51.540309,On or near Stratford (Station),E01034220,Newham 039D,Theft from the person,,
,2023-07,British Transport Police,British Transport Police,-0.004658,51.540309,On or near Stratford (Station),E01034220,Newham 039D,Theft from the person,,
,2023-07,British Transport Police,British Transport Police,-0.004658,51.540309,On or near Stratford (Station),E01034220,Newham 039D,Theft from the person,,
,2023-07,British Transport Police,British Transport Police,-0.004658,51.540309,On or near Stratford (Station),E01034220,Newham 039D,Theft from the person,,
,2023-07,British Transport Police,British Transport Police,-0.008776,51.544853,On or near Stratford International (Dlr),E01034220,Newham 039D,Theft from the person,,
,2023-07,British Transport Police,British Transport Police,-0.004658,51.540309,On or near Stratford (Station),E01034220,Newham 039D,Violence and sexual offences,,
,2023-07,British Transport Police,British Transport Police,-0.004658,51.540309,On or near Stratford (Station),E01034220,Newham 039D,Violence and sexual offences,,
,2023-07,British Transport Police,British Transport Police,-0.004658,51.540309,On or near Stratford (Station),E01034220,Newham 039D,Violence and sexual offences,,
,2023-07,British Transport Police,British Transport Police,-0.004658,51.540309,On or near Stratford (Station),E01034220,Newham 039D,Violence and sexual offences,,
,2023-07,British Transport Police,British Transport Police,-0.004658,51.540309,On or near Stratford (Station),E01034220,Newham 039D,Violence and sexual offences,,
,2023-07,British Transport Police,British Transport Police,-0.004658,51.540309,On or near Stratford (Station),E01034220,Newham 039D,Violence and sexual offences,,
,2023-07,British Transport Police,British Transport Police,-0.004658,51.540309,On or near Stratford (Station),E01034220,Newham 039D,Violence and sexual offences,,
,2023-07,British Transport Police,British Transport Police,-0.004658,51.540309,On or near Stratford (Station),E01034220,Newham 039D,Violence and sexual offences,,
,2023-07,British Transport Police,British Transport Police,-0.004658,51.540309,On or near Stratford (Station),E01034220,Newham 039D,Violence and sexual offences,,
,2023-07,British Transport Police,British Transport Police,-0.004658,51.540309,On or near Stratford (Station),E01034220,Newham 039D,Violence and sexual offences,,
,2023-07,British Transport Police,British Transport Police,-0.004658,51.540309,On or near Stratford (Station),E01034220,Newham 039D,Violence and sexual offences,,
,2023-07,British Transport Police,British Transport Police,-0.004658,51.540309,On or near Stratford (Station),E01034220,Newham 039D,Violence and sexual offences,,
,2023-07,British Transport Police,British Transport Police,-0.004658,51.540309,On or near Stratford (Station),E01034220,Newham 039D,Violence and sexual offences,,
,2023-07,British Transport Police,British Transport Police,-0.004658,51.540309,On or near Stratford (Station),E01034220,Newham 039D,Violence and sexual offences,,
,2023-07,British Transport Police,British Transport Police,-0.004658,51.540309,On or near Stratford (Station),E01034220,Newham 039D,Violence and sexual offences,,
,2023-07,British Transport Police,British Transport Police,-0.013770,51.534019,On or near Pudding Mill Lane (Dlr),E01033579,Newham 040C,Other theft,,
,2023-07,British Transport Police,British Transport Police,0.062336,51.502008,On or near King George V (Dlr),E01003611,Newham 041C,Violence and sexual offences,,
,2023-07,British Transport Police,British Transport Police,0.048018,51.503716,On or near London City Airport (Dlr),E01034224,Newham 041D,Theft from the person,,
,2023-07,British Transport Police,British Transport Police,0.048018,51.503716,On or near London City Airport (Dlr),E01034224,Newham 041D,Violence and sexual offences,,
,2023-07,British Transport Police,British Transport Police,0.033186,51.502310,On or near Pontoon Dock (Dlr),E01034225,Newham 042B,Other theft,,
,2023-07,British Transport Police,British Transport Police,0.033186,51.502310,On or near Pontoon Dock (Dlr),E01034225,Newham 042B,Violence and sexual offences,,
,2023-07,British Transport Police,British Transport Police,0.022306,51.502939,On or near West Silvertown (Dlr),E01034229,Newham 042F,Robbery,,
,2023-07,British Transport Police,British Transport Police,-3.001739,51.588014,On or near Newport (Gwent) (Station),W01001685,Newport 014B,Violence and sexual offences,,
,2023-07,British Transport Police,British Transport Police,-3.001739,51.588014,On or near Newport (Gwent) (Station),W01001685,Newport 014B,Violence and sexual offences,,
,2023-07,British Transport Police,British Transport Police,-3.001739,51.588014,On or near Newport (Gwent) (Station),W01001685,Newport 014B,Violence and sexual offences,,
,2023-07,British Transport Police,British Transport Police,-3.001739,51.588014,On or near Newport (Gwent) (Station),W01001685,Newport 014B,Violence and sexual offences,,
,2023-07,British Transport Police,British Transport Police,-3.001739,51.588014,On or near Newport (Gwent) (Station),W01001685,Newport 014B,Violence and sexual offences,,
,2023-07,British Transport Police,British Transport Police,-3.001739,51.588014,On or near Newport (Gwent) (Station),W01001685,Newport 014B,Violence and sexual offences,,
,2023-07,British Transport Police,British Transport Police,-3.084211,51.535324,On or near Upton Park (Station),W01001657,Newport 020C,Theft from the person,,
,2023-07,British Transport Police,British Transport Police,-4.063460,51.073981,On or near Barnstaple (Station),E01020124,North Devon 009C,Bicycle theft,,
,2023-07,British Transport Police,British Transport Police,-1.470153,53.301058,On or near Dronfield (Station),E01019786,North East Derbyshire 004D,Other theft,,
,2023-07,British Transport Police,British Transport Police,-0.088410,53.563289,On or near Grimsby Town (Station),E01013187,North East Lincolnshire 008A,Criminal damage and arson,,
,2023-07,British Transport Police,British Transport Police,-0.088410,53.563289,On or near Grimsby Town (Station),E01013187,North East Lincolnshire 008A,Possession of weapons,,
,2023-07,British Transport Police,British Transport Police,-0.088410,53.563289,On or near Grimsby Town (Station),E01013187,North East Lincolnshire 008A,Public order,,
,2023-07,British Transport Police,British Transport Police,-0.088410,53.563289,On or near Grimsby Town (Station),E01013187,North East Lincolnshire 008A,Public order,,
,2023-07,British Transport Police,British Transport Police,-0.088410,53.563289,On or near Grimsby Town (Station),E01013187,North East Lincolnshire 008A,Public order,,
,2023-07,British Transport Police,British Transport Police,-0.088410,53.563289,On or near Grimsby Town (Station),E01013187,North East Lincolnshire 008A,Violence and sexual offences,,
,2023-07,British Transport Police,British Transport Police,-0.088410,53.563289,On or near Grimsby Town (Station),E01013187,North East Lincolnshire 008A,Violence and sexual offences,,
,2023-07,British Transport Police,British Transport Police,-0.029308,53.561979,On or near Cleethorpes (Station),E01013199,North East Lincolnshire 024B,Violence and sexual offences,,
,2023-07,British Transport Police,British Transport Police,-0.026979,52.053108,On or near Royston (Station),E01023656,North Hertfordshire 002C,Bicycle theft,,
,2023-07,British Transport Police,British Transport Police,-0.026979,52.053108,On or near Royston (Station),E01023656,North Hertfordshire 002C,Bicycle theft,,
,2023-07,British Transport Police,British Transport Police,-0.026979,52.053108,On or near Royston (Station),E01023656,North Hertfordshire 002C,Vehicle crime,,
,2023-07,British Transport Police,British Transport Police,-0.026979,52.053108,On or near Royston (Station),E01023656,North Hertfordshire 002C,Violence and sexual offences,,
,2023-07,British Transport Police,British Transport Police,-0.187476,51.992870,On or near Baldock (Station),E01023588,North Hertfordshire 004B,Bicycle theft,,
,2023-07,British Transport Police,British Transport Police,-0.187476,51.992870,On or near Baldock (Station),E01023588,North Hertfordshire 004B,Violence and sexual offences,,
,2023-07,British Transport Police,British Transport Police,-0.229354,51.979893,On or near Letchworth Garden City (Station),E01023644,North Hertfordshire 008A,Bicycle theft,,
,2023-07,British Transport Police,British Transport Police,-0.229354,51.979893,On or near Letchworth Garden City (Station),E01023644,North Hertfordshire 008A,Bicycle theft,,
,2023-07,British Transport Police,British Transport Police,-0.229354,51.979893,On or near Letchworth Garden City (Station),E01023644,North Hertfordshire 008A,Bicycle theft,,
,2023-07,British Transport Police,British Transport Police,-0.229354,51.979893,On or near Letchworth Garden City (Station),E01023644,North Hertfordshire 008A,Bicycle theft,,
,2023-07,British Transport Police,British Transport Police,-0.229354,51.979893,On or near Letchworth Garden City (Station),E01023644,North Hertfordshire 008A,Criminal damage and arson,,
,2023-07,British Transport Police,British Transport Police,-0.229354,51.979893,On or near Letchworth Garden City (Station),E01023644,North Hertfordshire 008A,Public order,,
,2023-07,British Transport Police,British Transport Police,-0.229354,51.979893,On or near Letchworth Garden City (Station),E01023644,North Hertfordshire 008A,Public order,,
,2023-07,British Transport Police,British Transport Police,-0.229354,51.979893,On or near Letchworth Garden City (Station),E01023644,North Hertfordshire 008A,Shoplifting,,
,2023-07,British Transport Police,British Transport Police,-0.263439,51.953237,On or near Hitchin (Station),E01023610,North Hertfordshire 013E,Bicycle theft,,
,2023-07,British Transport Police,British Transport Police,-0.263439,51.953237,On or near Hitchin (Station),E01023610,North Hertfordshire 013E,Bicycle theft,,
,2023-07,British Transport Police,British Transport Police,-0.263439,51.953237,On or near Hitchin (Station),E01023610,North Hertfordshire 013E,Bicycle theft,,
,2023-07,British Transport Police,British Transport Police,-0.263439,51.953237,On or near Hitchin (Station),E01023610,North Hertfordshire 013E,Bicycle theft,,
,2023-07,British Transport Police,British Transport Police,-0.263439,51.953237,On or near Hitchin (Station),E01023610,North Hertfordshire 013E,Drugs,,
,2023-07,British Transport Police,British Transport Police,-0.263439,51.953237,On or near Hitchin (Station),E01023610,North Hertfordshire 013E,Violence and sexual offences,,
,2023-07,British Transport Police,British Transport Police,-0.263439,51.953237,On or near Hitchin (Station),E01023610,North Hertfordshire 013E,Other crime,,
,2023-07,British Transport Police,British Transport Police,-0.410285,52.995281,On or near Sleaford (Station),E01026227,North Kesteven 010A,Violence and sexual offences,,
,2023-07,British Transport Police,British Transport Police,-0.600211,53.195031,On or near Hykeham (Station),E01032991,North Kesteven 014E,Bicycle theft,,
,2023-07,British Transport Police,British Transport Police,-0.653949,53.585462,On or near Scunthorpe (Station),E01013330,North Lincolnshire 008D,Public order,,
,2023-07,British Transport Police,British Transport Police,-0.731639,52.393683,On or near Kettering (Station),E01027113,North Northamptonshire 018B,Public order,,
,2023-07,British Transport Police,British Transport Police,-0.731639,52.393683,On or near Kettering (Station),E01027113,North Northamptonshire 018B,Theft from the person,,
,2023-07,British Transport Police,British Transport Police,-0.731639,52.393683,On or near Kettering (Station),E01027113,North Northamptonshire 018B,Violence and sexual offences,,
,2023-07,British Transport Police,British Transport Police,-0.731639,52.393683,On or near Kettering (Station),E01027113,North Northamptonshire 018B,Violence and sexual offences,,
,2023-07,British Transport Police,British Transport Police,-2.827589,51.390951,On or near Yatton (Station),E01014859,North Somerset 012E,Criminal damage and arson,,
,2023-07,British Transport Police,British Transport Police,-2.827589,51.390951,On or near Yatton (Station),E01014859,North Somerset 012E,Other theft,,
,2023-07,British Transport Police,British Transport Police,-2.827589,51.390951,On or near Yatton (Station),E01014859,North Somerset 012E,Public order,,
,2023-07,British Transport Police,British Transport Police,-2.941399,51.348667,On or near Weston Milton (Station),E01014812,North Somerset 017A,Bicycle theft,,
,2023-07,British Transport Police,British Transport Police,-2.971567,51.344562,On or near Weston-Super-Mare (Station),E01014801,North Somerset 020C,Other theft,,
,2023-07,British Transport Police,British Transport Police,-2.971567,51.344562,On or near Weston-Super-Mare (Station),E01014801,North Somerset 020C,Other theft,,
,2023-07,British Transport Police,British Transport Police,-2.971567,51.344562,On or near Weston-Super-Mare (Station),E01014801,North Somerset 020C,Violence and sexual offences,,
,2023-07,British Transport Police,British Transport Police,-2.909332,51.357939,On or near Worle (Station),E01032672,North Somerset 026E,Vehicle crime,,
,2023-07,British Transport Police,British Transport Police,-1.458053,55.042454,On or near Monkseaton (Metro Station),E01008586,North Tyneside 009E,Public order,,
,2023-07,British Transport Police,British Transport Police,-2.010740,55.774732,On or near Berwick Upon Tweed (Station),E01027378,Northumberland 002A,Other theft,,
,2023-07,British Transport Police,British Transport Police,-2.010740,55.774732,On or near Berwick Upon Tweed (Station),E01027378,Northumberland 002A,Other theft,,
,2023-07,British Transport Police,British Transport Police,-1.682399,55.162464,On or near Morpeth (Station),E01027452,Northumberland 016A,Theft from the person,,
,2023-07,British Transport Police,British Transport Police,-2.463612,54.967856,On or near Haltwhistle (Station),E01027486,Northumberland 037C,Public order,,
,2023-07,British Transport Police,British Transport Police,1.305655,52.626555,On or near Norwich (Station),E01035137,Norwich 014E,Bicycle theft,,
,2023-07,British Transport Police,British Transport Police,1.305655,52.626555,On or near Norwich (Station),E01035137,Norwich 014E,Criminal damage and arson,,
,2023-07,British Transport Police,British Transport Police,1.305655,52.626555,On or near Norwich (Station),E01035137,Norwich 014E,Criminal damage and arson,,
,2023-07,British Transport Police,British Transport Police,1.305655,52.626555,On or near Norwich (Station),E01035137,Norwich 014E,Other theft,,
,2023-07,British Transport Police,British Transport Police,1.305655,52.626555,On or near Norwich (Station),E01035137,Norwich 014E,Public order,,
,2023-07,British Transport Police,British Transport Police,1.305655,52.626555,On or near Norwich (Station),E01035137,Norwich 014E,Public order,,
,2023-07,British Transport Police,British Transport Police,1.305655,52.626555,On or near Norwich (Station),E01035137,Norwich 014E,Robbery,,
,2023-07,British Transport Police,British Transport Police,1.305655,52.626555,On or near Norwich (Station),E01035137,Norwich 014E,Shoplifting,,
,2023-07,British Transport Police,British Transport Police,1.305655,52.626555,On or near Norwich (Station),E01035137,Norwich 014E,Shoplifting,,
,2023-07,British Transport Police,British Transport Police,1.305655,52.626555,On or near Norwich (Station),E01035137,Norwich 014E,Shoplifting,,
,2023-07,British Transport Police,British Transport Police,1.305655,52.626555,On or near Norwich (Station),E01035137,Norwich 014E,Shoplifting,,
,2023-07,British Transport Police,British Transport Police,1.305655,52.626555,On or near Norwich (Station),E01035137,Norwich 014E,Theft from the person,,
,2023-07,British Transport Police,British Transport Police,1.305655,52.626555,On or near Norwich (Station),E01035137,Norwich 014E,Violence and sexual offences,,
,2023-07,British Transport Police,British Transport Police,1.305655,52.626555,On or near Norwich (Station),E01035137,Norwich 014E,Violence and sexual offences,,
,2023-07,British Transport Police,British Transport Police,-1.147157,52.946560,On or near Nottingham (Station),E01013871,Nottingham 040B,Drugs,,
,2023-07,British Transport Police,British Transport Police,-1.147157,52.946560,On or near Nottingham (Station),E01013871,Nottingham 040B,Other theft,,
,2023-07,British Transport Police,British Transport Police,-1.147157,52.946560,On or near Nottingham (Station),E01013871,Nottingham 040B,Other theft,,
,2023-07,British Transport Police,British Transport Police,-1.147157,52.946560,On or near Nottingham (Station),E01013871,Nottingham 040B,Public order,,
,2023-07,British Transport Police,British Transport Police,-1.147157,52.946560,On or near Nottingham (Station),E01013871,Nottingham 040B,Public order,,
,2023-07,British Transport Police,British Transport Police,-1.147157,52.946560,On or near Nottingham (Station),E01013871,Nottingham 040B,Public order,,
,2023-07,British Transport Police,British Transport Police,-1.147157,52.946560,On or near Nottingham (Station),E01013871,Nottingham 040B,Shoplifting,,
,2023-07,British Transport Police,British Transport Police,-1.147157,52.946560,On or near Nottingham (Station),E01013871,Nottingham 040B,Shoplifting,,
,2023-07,British Transport Police,British Transport Police,-1.147157,52.946560,On or near Nottingham (Station),E01013871,Nottingham 040B,Shoplifting,,
,2023-07,British Transport Police,British Transport Police,-1.147157,52.946560,On or near Nottingham (Station),E01013871,Nottingham 040B,Shoplifting,,
,2023-07,British Transport Police,British Transport Police,-1.147157,52.946560,On or near Nottingham (Station),E01013871,Nottingham 040B,Violence and sexual offences,,
,2023-07,British Transport Police,British Transport Police,-1.464095,52.526479,On or near Nuneaton (Station),E01031043,Nuneaton and Bedworth 005A,Bicycle theft,,
,2023-07,British Transport Police,British Transport Police,-1.464095,52.526479,On or near Nuneaton (Station),E01031043,Nuneaton and Bedworth 005A,Bicycle theft,,
,2023-07,British Transport Police,British Transport Police,-1.464095,52.526479,On or near Nuneaton (Station),E01031043,Nuneaton and Bedworth 005A,Criminal damage and arson,,
,2023-07,British Transport Police,British Transport Police,-1.464095,52.526479,On or near Nuneaton (Station),E01031043,Nuneaton and Bedworth 005A,Public order,,
,2023-07,British Transport Police,British Transport Police,-1.464095,52.526479,On or near Nuneaton (Station),E01031043,Nuneaton and Bedworth 005A,Public order,,
,2023-07,British Transport Police,British Transport Police,-1.464095,52.526479,On or near Nuneaton (Station),E01031043,Nuneaton and Bedworth 005A,Public order,,
,2023-07,British Transport Police,British Transport Police,-1.472455,52.503244,On or near Bermuda Park (Station),E01031118,Nuneaton and Bedworth 009D,Violence and sexual offences,,
,2023-07,British Transport Police,British Transport Police,-1.270295,51.753370,On or near Oxford (Station),E01028549,Oxford 009B,Bicycle theft,,
,2023-07,British Transport Police,British Transport Police,-1.270295,51.753370,On or near Oxford (Station),E01028549,Oxford 009B,Bicycle theft,,
,2023-07,British Transport Police,British Transport Police,-1.270295,51.753370,On or near Oxford (Station),E01028549,Oxford 009B,Bicycle theft,,
,2023-07,British Transport Police,British Transport Police,-1.270295,51.753370,On or near Oxford (Station),E01028549,Oxford 009B,Bicycle theft,,
,2023-07,British Transport Police,British Transport Police,-1.270295,51.753370,On or near Oxford (Station),E01028549,Oxford 009B,Bicycle theft,,
,2023-07,British Transport Police,British Transport Police,-1.270295,51.753370,On or near Oxford (Station),E01028549,Oxford 009B,Bicycle theft,,
,2023-07,British Transport Police,British Transport Police,-1.270295,51.753370,On or near Oxford (Station),E01028549,Oxford 009B,Bicycle theft,,
,2023-07,British Transport Police,British Transport Police,-1.270295,51.753370,On or near Oxford (Station),E01028549,Oxford 009B,Other theft,,
,2023-07,British Transport Police,British Transport Police,-1.270295,51.753370,On or near Oxford (Station),E01028549,Oxford 009B,Other theft,,
,2023-07,British Transport Police,British Transport Police,-1.270295,51.753370,On or near Oxford (Station),E01028549,Oxford 009B,Public order,,
,2023-07,British Transport Police,British Transport Police,-1.270295,51.753370,On or near Oxford (Station),E01028549,Oxford 009B,Theft from the person,,
,2023-07,British Transport Police,British Transport Police,-1.270295,51.753370,On or near Oxford (Station),E01028549,Oxford 009B,Violence and sexual offences,,
,2023-07,British Transport Police,British Transport Police,-1.270295,51.753370,On or near Oxford (Station),E01028549,Oxford 009B,Violence and sexual offences,,
,2023-07,British Transport Police,British Transport Police,-4.960339,51.802709,On or near Haverfordwest (Station),W01000573,Pembrokeshire 006B,Violence and sexual offences,,
,2023-07,British Transport Police,British Transport Police,-4.997062,51.756663,On or near Johnston (Dyfed) (Station),W01000575,Pembrokeshire 008C,Other theft,,
,2023-07,British Transport Police,British Transport Police,-4.997062,51.756663,On or near Johnston (Dyfed) (Station),W01000575,Pembrokeshire 008C,Vehicle crime,,
,2023-07,British Transport Police,British Transport Police,-4.937709,51.693843,On or near Pembroke Dock (Station),W01000602,Pembrokeshire 013C,Violence and sexual offences,,
,2023-07,British Transport Police,British Transport Police,-2.213759,53.834987,On or near Nelson (Station),E01025224,Pendle 011A,Violence and sexual offences,,
,2023-07,British Transport Police,British Transport Police,-0.251107,52.573093,On or near Peterborough (Station),E01015688,Peterborough 016D,Bicycle theft,,
,2023-07,British Transport Police,British Transport Police,-0.251107,52.573093,On or near Peterborough (Station),E01015688,Peterborough 016D,Criminal damage and arson,,
,2023-07,British Transport Police,British Transport Police,-0.251107,52.573093,On or near Peterborough (Station),E01015688,Peterborough 016D,Criminal damage and arson,,
,2023-07,British Transport Police,British Transport Police,-0.251107,52.573093,On or near Peterborough (Station),E01015688,Peterborough 016D,Criminal damage and arson,,
,2023-07,British Transport Police,British Transport Police,-0.251107,52.573093,On or near Peterborough (Station),E01015688,Peterborough 016D,Criminal damage and arson,,
,2023-07,British Transport Police,British Transport Police,-0.251107,52.573093,On or near Peterborough (Station),E01015688,Peterborough 016D,Other theft,,
,2023-07,British Transport Police,British Transport Police,-0.251107,52.573093,On or near Peterborough (Station),E01015688,Peterborough 016D,Other theft,,
,2023-07,British Transport Police,British Transport Police,-0.251107,52.573093,On or near Peterborough (Station),E01015688,Peterborough 016D,Public order,,
,2023-07,British Transport Police,British Transport Police,-0.251107,52.573093,On or near Peterborough (Station),E01015688,Peterborough 016D,Public order,,
,2023-07,British Transport Police,British Transport Police,-0.251107,52.573093,On or near Peterborough (Station),E01015688,Peterborough 016D,Public order,,
,2023-07,British Transport Police,British Transport Police,-0.251107,52.573093,On or near Peterborough (Station),E01015688,Peterborough 016D,Public order,,
,2023-07,British Transport Police,British Transport Police,-0.251107,52.573093,On or near Peterborough (Station),E01015688,Peterborough 016D,Public order,,
,2023-07,British Transport Police,British Transport Police,-0.251107,52.573093,On or near Peterborough (Station),E01015688,Peterborough 016D,Public order,,
,2023-07,British Transport Police,British Transport Police,-0.251107,52.573093,On or near Peterborough (Station),E01015688,Peterborough 016D,Shoplifting,,
,2023-07,British Transport Police,British Transport Police,-0.251107,52.573093,On or near Peterborough (Station),E01015688,Peterborough 016D,Theft from the person,,
,2023-07,British Transport Police,British Transport Police,-0.251107,52.573093,On or near Peterborough (Station),E01015688,Peterborough 016D,Violence and sexual offences,,
,2023-07,British Transport Police,British Transport Police,-0.251107,52.573093,On or near Peterborough (Station),E01015688,Peterborough 016D,Violence and sexual offences,,
,2023-07,British Transport Police,British Transport Police,-0.251107,52.573093,On or near Peterborough (Station),E01015688,Peterborough 016D,Violence and sexual offences,,
,2023-07,British Transport Police,British Transport Police,-0.251107,52.573093,On or near Peterborough (Station),E01015688,Peterborough 016D,Violence and sexual offences,,
,2023-07,British Transport Police,British Transport Police,-0.251107,52.573093,On or near Peterborough (Station),E01015688,Peterborough 016D,Violence and sexual offences,,
,2023-07,British Transport Police,British Transport Police,-0.251107,52.573093,On or near Peterborough (Station),E01015688,Peterborough 016D,Violence and sexual offences,,
,2023-07,British Transport Police,British Transport Police,-0.251107,52.573093,On or near Peterborough (Station),E01015688,Peterborough 016D,Violence and sexual offences,,
,2023-07,British Transport Police,British Transport Police,-0.251107,52.573093,On or near Peterborough (Station),E01015688,Peterborough 016D,Violence and sexual offences,,
,2023-07,British Transport Police,British Transport Police,-0.251107,52.573093,On or near Peterborough (Station),E01015688,Peterborough 016D,Violence and sexual offences,,
,2023-07,British Transport Police,British Transport Police,-4.171383,50.377010,On or near Plymouth (Station),E01015171,Plymouth 020E,Possession of weapons,,
,2023-07,British Transport Police,British Transport Police,-4.171383,50.377010,On or near Plymouth (Station),E01015171,Plymouth 020E,Vehicle crime,,
,2023-07,British Transport Police,British Transport Police,-4.171383,50.377010,On or near Plymouth (Station),E01015171,Plymouth 020E,Violence and sexual offences,,
,2023-07,British Transport Police,British Transport Police,-4.171383,50.377010,On or near Plymouth (Station),E01015171,Plymouth 020E,Violence and sexual offences,,
,2023-07,British Transport Police,British Transport Police,-1.067285,50.841968,On or near Cosham (Station),E01017051,Portsmouth 002A,Other theft,,
,2023-07,British Transport Police,British Transport Police,-1.067285,50.841968,On or near Cosham (Station),E01017051,Portsmouth 002A,Other theft,,
,2023-07,British Transport Police,British Transport Police,-1.067285,50.841968,On or near Cosham (Station),E01017051,Portsmouth 002A,Public order,,
,2023-07,British Transport Police,British Transport Police,-1.067285,50.841968,On or near Cosham (Station),E01017051,Portsmouth 002A,Public order,,
,2023-07,British Transport Police,British Transport Police,-1.067285,50.841968,On or near Cosham (Station),E01017051,Portsmouth 002A,Shoplifting,,
,2023-07,British Transport Police,British Transport Police,-1.067285,50.841968,On or near Cosham (Station),E01017051,Portsmouth 002A,Violence and sexual offences,,
,2023-07,British Transport Police,British Transport Police,-1.059159,50.827919,On or near Hilsea (Station),E01017085,Portsmouth 008E,Bicycle theft,,
,2023-07,British Transport Police,British Transport Police,-1.073766,50.796517,On or near Fratton (Station),E01017080,Portsmouth 015E,Bicycle theft,,
,2023-07,British Transport Police,British Transport Police,-1.073766,50.796517,On or near Fratton (Station),E01017080,Portsmouth 015E,Criminal damage and arson,,
,2023-07,British Transport Police,British Transport Police,-1.073766,50.796517,On or near Fratton (Station),E01017080,Portsmouth 015E,Other theft,,
,2023-07,British Transport Police,British Transport Police,-1.073766,50.796517,On or near Fratton (Station),E01017080,Portsmouth 015E,Theft from the person,,
,2023-07,British Transport Police,British Transport Police,-1.107751,50.797185,On or near Portsmouth Harbour (Station),E01017034,Portsmouth 027A,Criminal damage and arson,,
,2023-07,British Transport Police,British Transport Police,-1.107751,50.797185,On or near Portsmouth Harbour (Station),E01017034,Portsmouth 027A,Shoplifting,,
,2023-07,British Transport Police,British Transport Police,-1.107751,50.797185,On or near Portsmouth Harbour (Station),E01017034,Portsmouth 027A,Violence and sexual offences,,
,2023-07,British Transport Police,British Transport Police,-1.107751,50.797185,On or near Portsmouth Harbour (Station),E01017034,Portsmouth 027A,Violence and sexual offences,,
,2023-07,British Transport Police,British Transport Police,-1.107751,50.797185,On or near Portsmouth Harbour (Station),E01017034,Portsmouth 027A,Violence and sexual offences,,
,2023-07,British Transport Police,British Transport Police,-1.090398,50.798753,On or near Portsmouth & Southsea (Station),E01017032,Portsmouth 027C,Other theft,,
,2023-07,British Transport Police,British Transport Police,-1.090398,50.798753,On or near Portsmouth & Southsea (Station),E01017032,Portsmouth 027C,Violence and sexual offences,,
,2023-07,British Transport Police,British Transport Police,-1.090398,50.798753,On or near Portsmouth & Southsea (Station),E01017032,Portsmouth 027C,Violence and sexual offences,,
,2023-07,British Transport Police,British Transport Police,-1.090398,50.798753,On or near Portsmouth & Southsea (Station),E01017032,Portsmouth 027C,Violence and sexual offences,,
,2023-07,British Transport Police,British Transport Police,-1.090398,50.798753,On or near Portsmouth & Southsea (Station),E01017032,Portsmouth 027C,Violence and sexual offences,,
,2023-07,British Transport Police,British Transport Police,-1.090398,50.798753,On or near Portsmouth & Southsea (Station),E01017032,Portsmouth 027C,Violence and sexual offences,,
,2023-07,British Transport Police,British Transport Police,-3.854658,52.595089,On or near Machynlleth (Station),W01000473,Powys 004C,Public order,,
,2023-07,British Transport Police,British Transport Police,-3.311568,52.512301,On or near Newtown (Station),W01000480,Powys 008A,Public order,,
,2023-07,British Transport Police,British Transport Police,-2.708568,53.755058,On or near Preston (Station),E01025290,Preston 017B,Criminal damage and arson,,
,2023-07,British Transport Police,British Transport Police,-2.708568,53.755058,On or near Preston (Station),E01025290,Preston 017B,Drugs,,
,2023-07,British Transport Police,British Transport Police,-2.708568,53.755058,On or near Preston (Station),E01025290,Preston 017B,Drugs,,
,2023-07,British Transport Police,British Transport Police,-2.708568,53.755058,On or near Preston (Station),E01025290,Preston 017B,Drugs,,
,2023-07,British Transport Police,British Transport Police,-2.708568,53.755058,On or near Preston (Station),E01025290,Preston 017B,Drugs,,
,2023-07,British Transport Police,British Transport Police,-2.708568,53.755058,On or near Preston (Station),E01025290,Preston 017B,Other theft,,
,2023-07,British Transport Police,British Transport Police,-2.708568,53.755058,On or near Preston (Station),E01025290,Preston 017B,Other theft,,
,2023-07,British Transport Police,British Transport Police,-2.708568,53.755058,On or near Preston (Station),E01025290,Preston 017B,Other theft,,
,2023-07,British Transport Police,British Transport Police,-2.708568,53.755058,On or near Preston (Station),E01025290,Preston 017B,Other theft,,
,2023-07,British Transport Police,British Transport Police,-2.708568,53.755058,On or near Preston (Station),E01025290,Preston 017B,Public order,,
,2023-07,British Transport Police,British Transport Police,-2.708568,53.755058,On or near Preston (Station),E01025290,Preston 017B,Public order,,
,2023-07,British Transport Police,British Transport Police,-2.708568,53.755058,On or near Preston (Station),E01025290,Preston 017B,Public order,,
,2023-07,British Transport Police,British Transport Police,-2.708568,53.755058,On or near Preston (Station),E01025290,Preston 017B,Violence and sexual offences,,
,2023-07,British Transport Police,British Transport Police,-2.708568,53.755058,On or near Preston (Station),E01025290,Preston 017B,Violence and sexual offences,,
,2023-07,British Transport Police,British Transport Police,-2.708568,53.755058,On or near Preston (Station),E01025290,Preston 017B,Violence and sexual offences,,
,2023-07,British Transport Police,British Transport Police,-2.708568,53.755058,On or near Preston (Station),E01025290,Preston 017B,Violence and sexual offences,,
,2023-07,British Transport Police,British Transport Police,-2.708568,53.755058,On or near Preston (Station),E01025290,Preston 017B,Violence and sexual offences,,
,2023-07,British Transport Police,British Transport Police,-2.708568,53.755058,On or near Preston (Station),E01025290,Preston 017B,Violence and sexual offences,,
,2023-07,British Transport Police,British Transport Police,-2.708568,53.755058,On or near Preston (Station),E01025290,Preston 017B,Violence and sexual offences,,
,2023-07,British Transport Police,British Transport Police,-2.708568,53.755058,On or near Preston (Station),E01025290,Preston 017B,Other crime,,
,2023-07,British Transport Police,British Transport Police,-0.990511,51.455152,On or near Reading West (Station),E01016360,Reading 007D,Drugs,,
,2023-07,British Transport Police,British Transport Police,-0.990511,51.455152,On or near Reading West (Station),E01016360,Reading 007D,Violence and sexual offences,,
,2023-07,British Transport Police,British Transport Police,-0.973242,51.458378,On or near Reading (Station),E01033415,Reading 019B,Bicycle theft,,
,2023-07,British Transport Police,British Transport Police,-0.973242,51.458378,On or near Reading (Station),E01033415,Reading 019B,Bicycle theft,,
,2023-07,British Transport Police,British Transport Police,-0.973242,51.458378,On or near Reading (Station),E01033415,Reading 019B,Bicycle theft,,
,2023-07,British Transport Police,British Transport Police,-0.973242,51.458378,On or near Reading (Station),E01033415,Reading 019B,Bicycle theft,,
,2023-07,British Transport Police,British Transport Police,-0.973242,51.458378,On or near Reading (Station),E01033415,Reading 019B,Bicycle theft,,
,2023-07,British Transport Police,British Transport Police,-0.973242,51.458378,On or near Reading (Station),E01033415,Reading 019B,Bicycle theft,,
,2023-07,British Transport Police,British Transport Police,-0.973242,51.458378,On or near Reading (Station),E01033415,Reading 019B,Drugs,,
,2023-07,British Transport Police,British Transport Police,-0.973242,51.458378,On or near Reading (Station),E01033415,Reading 019B,Other theft,,
,2023-07,British Transport Police,British Transport Police,-0.973242,51.458378,On or near Reading (Station),E01033415,Reading 019B,Other theft,,
,2023-07,British Transport Police,British Transport Police,-0.973242,51.458378,On or near Reading (Station),E01033415,Reading 019B,Other theft,,
,2023-07,British Transport Police,British Transport Police,-0.973242,51.458378,On or near Reading (Station),E01033415,Reading 019B,Other theft,,
,2023-07,British Transport Police,British Transport Police,-0.973242,51.458378,On or near Reading (Station),E01033415,Reading 019B,Other theft,,
,2023-07,British Transport Police,British Transport Police,-0.973242,51.458378,On or near Reading (Station),E01033415,Reading 019B,Other theft,,
,2023-07,British Transport Police,British Transport Police,-0.973242,51.458378,On or near Reading (Station),E01033415,Reading 019B,Other theft,,
,2023-07,British Transport Police,British Transport Police,-0.973242,51.458378,On or near Reading (Station),E01033415,Reading 019B,Public order,,
,2023-07,British Transport Police,British Transport Police,-0.973242,51.458378,On or near Reading (Station),E01033415,Reading 019B,Public order,,
,2023-07,British Transport Police,British Transport Police,-0.973242,51.458378,On or near Reading (Station),E01033415,Reading 019B,Public order,,
,2023-07,British Transport Police,British Transport Police,-0.973242,51.458378,On or near Reading (Station),E01033415,Reading 019B,Public order,,
,2023-07,British Transport Police,British Transport Police,-0.973242,51.458378,On or near Reading (Station),E01033415,Reading 019B,Shoplifting,,
,2023-07,British Transport Police,British Transport Police,-0.973242,51.458378,On or near Reading (Station),E01033415,Reading 019B,Theft from the person,,
,2023-07,British Transport Police,British Transport Police,-0.973242,51.458378,On or near Reading (Station),E01033415,Reading 019B,Theft from the person,,
,2023-07,British Transport Police,British Transport Police,-0.973242,51.458378,On or near Reading (Station),E01033415,Reading 019B,Vehicle crime,,
,2023-07,British Transport Police,British Transport Police,-0.973242,51.458378,On or near Reading (Station),E01033415,Reading 019B,Violence and sexual offences,,
,2023-07,British Transport Police,British Transport Police,-0.973242,51.458378,On or near Reading (Station),E01033415,Reading 019B,Violence and sexual offences,,
,2023-07,British Transport Police,British Transport Police,-0.973242,51.458378,On or near Reading (Station),E01033415,Reading 019B,Violence and sexual offences,,
,2023-07,British Transport Police,British Transport Police,-0.973242,51.458378,On or near Reading (Station),E01033415,Reading 019B,Violence and sexual offences,,
,2023-07,British Transport Police,British Transport Police,-0.973242,51.458378,On or near Reading (Station),E01033415,Reading 019B,Violence and sexual offences,,
,2023-07,British Transport Police,British Transport Police,-0.973242,51.458378,On or near Reading (Station),E01033415,Reading 019B,Violence and sexual offences,,
,2023-07,British Transport Police,British Transport Police,-0.973242,51.458378,On or near Reading (Station),E01033415,Reading 019B,Violence and sexual offences,,
,2023-07,British Transport Police,British Transport Police,-0.973242,51.458378,On or near Reading (Station),E01033415,Reading 019B,Other crime,,
,2023-07,British Transport Police,British Transport Police,-0.973242,51.458378,On or near Reading (Station),E01033415,Reading 019B,Other crime,,
,2023-07,British Transport Police,British Transport Police,0.034458,51.607142,On or near Woodford (Lu Station),E01003655,Redbridge 004B,Criminal damage and arson,,
,2023-07,British Transport Police,British Transport Police,0.034458,51.607142,On or near Woodford (Lu Station),E01003655,Redbridge 004B,Criminal damage and arson,,
,2023-07,British Transport Police,British Transport Police,0.034458,51.607142,On or near Woodford (Lu Station),E01003655,Redbridge 004B,Public order,,
,2023-07,British Transport Police,British Transport Police,0.034458,51.607142,On or near Woodford (Lu Station),E01003655,Redbridge 004B,Public order,,
,2023-07,British Transport Police,British Transport Police,0.034458,51.607142,On or near Woodford (Lu Station),E01003655,Redbridge 004B,Theft from the person,,
,2023-07,British Transport Police,British Transport Police,0.034458,51.607142,On or near Woodford (Lu Station),E01003655,Redbridge 004B,Vehicle crime,,
,2023-07,British Transport Police,British Transport Police,0.092318,51.602852,On or near Hainault (Lu Station),E01003702,Redbridge 006E,Other theft,,
,2023-07,British Transport Police,British Transport Police,0.092318,51.602852,On or near Hainault (Lu Station),E01003702,Redbridge 006E,Public order,,
,2023-07,British Transport Police,British Transport Police,0.092318,51.602852,On or near Hainault (Lu Station),E01003702,Redbridge 006E,Theft from the person,,
,2023-07,British Transport Police,British Transport Police,0.092318,51.602852,On or near Hainault (Lu Station),E01003702,Redbridge 006E,Theft from the person,,
,2023-07,British Transport Police,British Transport Police,0.092318,51.602852,On or near Hainault (Lu Station),E01003702,Redbridge 006E,Theft from the person,,
,2023-07,British Transport Police,British Transport Police,0.092318,51.602852,On or near Hainault (Lu Station),E01003702,Redbridge 006E,Theft from the person,,
,2023-07,British Transport Police,British Transport Police,0.092318,51.602852,On or near Hainault (Lu Station),E01003702,Redbridge 006E,Theft from the person,,
,2023-07,British Transport Police,British Transport Police,0.092318,51.602852,On or near Hainault (Lu Station),E01003702,Redbridge 006E,Theft from the person,,
,2023-07,British Transport Police,British Transport Police,0.092318,51.602852,On or near Hainault (Lu Station),E01003702,Redbridge 006E,Theft from the person,,
,2023-07,British Transport Police,British Transport Police,0.088488,51.585852,On or near Barkingside (Lu Station),E01003639,Redbridge 013A,Criminal damage and arson,,
,2023-07,British Transport Police,British Transport Police,0.090547,51.575640,On or near Newbury Park (Lu Station),E01003641,Redbridge 013C,Criminal damage and arson,,
,2023-07,British Transport Police,British Transport Police,0.090547,51.575640,On or near Newbury Park (Lu Station),E01003641,Redbridge 013C,Criminal damage and arson,,
,2023-07,British Transport Police,British Transport Police,0.090547,51.575640,On or near Newbury Park (Lu Station),E01003641,Redbridge 013C,Other theft,,
,2023-07,British Transport Police,British Transport Police,0.090547,51.575640,On or near Newbury Park (Lu Station),E01003641,Redbridge 013C,Vehicle crime,,
,2023-07,British Transport Police,British Transport Police,0.090547,51.575640,On or near Newbury Park (Lu Station),E01003641,Redbridge 013C,Vehicle crime,,
,2023-07,British Transport Police,British Transport Police,0.090547,51.575640,On or near Newbury Park (Lu Station),E01003641,Redbridge 013C,Vehicle crime,,
,2023-07,British Transport Police,British Transport Police,0.090547,51.575640,On or near Newbury Park (Lu Station),E01003641,Redbridge 013C,Vehicle crime,,
,2023-07,British Transport Police,British Transport Police,0.090547,51.575640,On or near Newbury Park (Lu Station),E01003641,Redbridge 013C,Vehicle crime,,
,2023-07,British Transport Police,British Transport Police,0.021464,51.580893,On or near Snaresbrook (Lu Station),E01003778,Redbridge 014E,Bicycle theft,,
,2023-07,British Transport Police,British Transport Police,0.021464,51.580893,On or near Snaresbrook (Lu Station),E01003778,Redbridge 014E,Criminal damage and arson,,
,2023-07,British Transport Police,British Transport Police,0.028719,51.575588,On or near Wanstead (Lu Station),E01003789,Redbridge 018A,Public order,,
,2023-07,British Transport Police,British Transport Police,0.028719,51.575588,On or near Wanstead (Lu Station),E01003789,Redbridge 018A,Violence and sexual offences,,
,2023-07,British Transport Police,British Transport Police,0.110636,51.565627,On or near Goodmayes (Station),E01003769,Redbridge 022A,Bicycle theft,,
,2023-07,British Transport Police,British Transport Police,0.068683,51.558899,On or near Ilford (Station),E01003783,Redbridge 029A,Other theft,,
,2023-07,British Transport Police,British Transport Police,0.068683,51.558899,On or near Ilford (Station),E01003783,Redbridge 029A,Other theft,,
,2023-07,British Transport Police,British Transport Police,0.068683,51.558899,On or near Ilford (Station),E01003783,Redbridge 029A,Other theft,,
,2023-07,British Transport Police,British Transport Police,0.068683,51.558899,On or near Ilford (Station),E01003783,Redbridge 029A,Other theft,,
,2023-07,British Transport Police,British Transport Police,0.068683,51.558899,On or near Ilford (Station),E01003783,Redbridge 029A,Public order,,
,2023-07,British Transport Police,British Transport Police,0.068683,51.558899,On or near Ilford (Station),E01003783,Redbridge 029A,Public order,,
,2023-07,British Transport Police,British Transport Police,0.068683,51.558899,On or near Ilford (Station),E01003783,Redbridge 029A,Public order,,
,2023-07,British Transport Police,British Transport Police,0.068683,51.558899,On or near Ilford (Station),E01003783,Redbridge 029A,Theft from the person,,
,2023-07,British Transport Police,British Transport Police,0.068683,51.558899,On or near Ilford (Station),E01003783,Redbridge 029A,Theft from the person,,
,2023-07,British Transport Police,British Transport Police,0.068683,51.558899,On or near Ilford (Station),E01003783,Redbridge 029A,Violence and sexual offences,,
,2023-07,British Transport Police,British Transport Police,0.068683,51.558899,On or near Ilford (Station),E01003783,Redbridge 029A,Violence and sexual offences,,
,2023-07,British Transport Police,British Transport Police,0.068683,51.558899,On or near Ilford (Station),E01003783,Redbridge 029A,Violence and sexual offences,,
,2023-07,British Transport Police,British Transport Police,0.068683,51.558899,On or near Ilford (Station),E01003783,Redbridge 029A,Violence and sexual offences,,
,2023-07,British Transport Police,British Transport Police,0.097197,51.563924,On or near Seven Kings (Station),E01003714,Redbridge 034B,Public order,,
,2023-07,British Transport Police,British Transport Police,0.097197,51.563924,On or near Seven Kings (Station),E01003714,Redbridge 034B,Public order,,
,2023-07,British Transport Police,British Transport Police,0.097197,51.563924,On or near Seven Kings (Station),E01003714,Redbridge 034B,Theft from the person,,
,2023-07,British Transport Police,British Transport Police,0.066300,51.576542,On or near Gants Hill (Lu Station),E01003690,Redbridge 035A,Other theft,,
,2023-07,British Transport Police,British Transport Police,0.066300,51.576542,On or near Gants Hill (Lu Station),E01003690,Redbridge 035A,Public order,,
,2023-07,British Transport Police,British Transport Police,0.066300,51.576542,On or near Gants Hill (Lu Station),E01003690,Redbridge 035A,Robbery,,
,2023-07,British Transport Police,British Transport Police,0.066300,51.576542,On or near Gants Hill (Lu Station),E01003690,Redbridge 035A,Violence and sexual offences,,
,2023-07,British Transport Police,British Transport Police,0.045394,51.576368,On or near Redbridge (Lu Station),E01003675,Redbridge 036A,Other theft,,
,2023-07,British Transport Police,British Transport Police,0.045394,51.576368,On or near Redbridge (Lu Station),E01003675,Redbridge 036A,Public order,,
,2023-07,British Transport Police,British Transport Police,0.045394,51.576368,On or near Redbridge (Lu Station),E01003675,Redbridge 036A,Robbery,,
,2023-07,British Transport Police,British Transport Police,0.045394,51.576368,On or near Redbridge (Lu Station),E01003675,Redbridge 036A,Vehicle crime,,
,2023-07,British Transport Police,British Transport Police,0.045394,51.576368,On or near Redbridge (Lu Station),E01003675,Redbridge 036A,Violence and sexual offences,,
,2023-07,British Transport Police,British Transport Police,-1.945426,52.306865,On or near Redditch (Station),E01032224,Redditch 004A,Bicycle theft,,
,2023-07,British Transport Police,British Transport Police,-1.945426,52.306865,On or near Redditch (Station),E01032224,Redditch 004A,Violence and sexual offences,,
,2023-07,British Transport Police,British Transport Police,-1.945426,52.306865,On or near Redditch (Station),E01032224,Redditch 004A,Violence and sexual offences,,
,2023-07,British Transport Police,British Transport Police,-0.238467,51.324057,On or near Epsom Downs (Station),E01030606,Reigate and Banstead 003A,Bicycle theft,,
,2023-07,British Transport Police,British Transport Police,-0.238467,51.324057,On or near Epsom Downs (Station),E01030606,Reigate and Banstead 003A,Criminal damage and arson,,
,2023-07,British Transport Police,British Transport Police,-0.238467,51.324057,On or near Epsom Downs (Station),E01030606,Reigate and Banstead 003A,Criminal damage and arson,,
,2023-07,British Transport Police,British Transport Police,-0.169531,51.309295,On or near Chipstead (Station),E01030567,Reigate and Banstead 004C,Criminal damage and arson,,
,2023-07,British Transport Police,British Transport Police,-0.242649,51.309273,On or near Tattenham Corner (Station),E01030643,Reigate and Banstead 005D,Criminal damage and arson,,
,2023-07,British Transport Police,British Transport Police,-0.242649,51.309273,On or near Tattenham Corner (Station),E01030643,Reigate and Banstead 005D,Criminal damage and arson,,
,2023-07,British Transport Police,British Transport Police,-0.242649,51.309273,On or near Tattenham Corner (Station),E01030643,Reigate and Banstead 005D,Criminal damage and arson,,
,2023-07,British Transport Police,British Transport Police,-0.242649,51.309273,On or near Tattenham Corner (Station),E01030643,Reigate and Banstead 005D,Drugs,,
,2023-07,British Transport Police,British Transport Police,-0.242649,51.309273,On or near Tattenham Corner (Station),E01030643,Reigate and Banstead 005D,Other theft,,
,2023-07,British Transport Police,British Transport Police,-0.242649,51.309273,On or near Tattenham Corner (Station),E01030643,Reigate and Banstead 005D,Public order,,
,2023-07,British Transport Police,British Transport Police,-0.242649,51.309273,On or near Tattenham Corner (Station),E01030643,Reigate and Banstead 005D,Robbery,,
,2023-07,British Transport Police,British Transport Police,-0.242649,51.309273,On or near Tattenham Corner (Station),E01030643,Reigate and Banstead 005D,Vehicle crime,,
,2023-07,British Transport Police,British Transport Police,-0.211317,51.294788,On or near Kingswood (Station),E01030589,Reigate and Banstead 007A,Bicycle theft,,
,2023-07,British Transport Police,British Transport Police,-0.211317,51.294788,On or near Kingswood (Station),E01030589,Reigate and Banstead 007A,Other theft,,
,2023-07,British Transport Police,British Transport Police,-0.150240,51.264145,On or near Merstham (Station),E01030598,Reigate and Banstead 009A,Other theft,,
,2023-07,British Transport Police,British Transport Police,-0.150240,51.264145,On or near Merstham (Station),E01030598,Reigate and Banstead 009A,Public order,,
,2023-07,British Transport Police,British Transport Police,-0.150240,51.264145,On or near Merstham (Station),E01030598,Reigate and Banstead 009A,Violence and sexual offences,,
,2023-07,British Transport Police,British Transport Police,-0.150240,51.264145,On or near Merstham (Station),E01030598,Reigate and Banstead 009A,Violence and sexual offences,,
,2023-07,British Transport Police,British Transport Police,-0.166145,51.240167,On or near Redhill (Station),E01035358,Reigate and Banstead 011I,Bicycle theft,,
,2023-07,British Transport Police,British Transport Police,-0.166145,51.240167,On or near Redhill (Station),E01035358,Reigate and Banstead 011I,Other theft,,
,2023-07,British Transport Police,British Transport Police,-0.166145,51.240167,On or near Redhill (Station),E01035358,Reigate and Banstead 011I,Other theft,,
,2023-07,British Transport Police,British Transport Police,-0.166145,51.240167,On or near Redhill (Station),E01035358,Reigate and Banstead 011I,Other theft,,
,2023-07,British Transport Police,British Transport Police,-0.166145,51.240167,On or near Redhill (Station),E01035358,Reigate and Banstead 011I,Public order,,
,2023-07,British Transport Police,British Transport Police,-0.166145,51.240167,On or near Redhill (Station),E01035358,Reigate and Banstead 011I,Theft from the person,,
,2023-07,British Transport Police,British Transport Police,-0.166145,51.240167,On or near Redhill (Station),E01035358,Reigate and Banstead 011I,Vehicle crime,,
,2023-07,British Transport Police,British Transport Police,-0.166145,51.240167,On or near Redhill (Station),E01035358,Reigate and Banstead 011I,Violence and sexual offences,,
,2023-07,British Transport Police,British Transport Police,-0.166145,51.240167,On or near Redhill (Station),E01035358,Reigate and Banstead 011I,Violence and sexual offences,,
,2023-07,British Transport Police,British Transport Police,-0.205021,51.241936,On or near Reigate (Station),E01030620,Reigate and Banstead 012D,Criminal damage and arson,,
,2023-07,British Transport Police,British Transport Police,-0.205021,51.241936,On or near Reigate (Station),E01030620,Reigate and Banstead 012D,Robbery,,
,2023-07,British Transport Police,British Transport Police,-0.162362,51.201701,On or near Salfords (Station),E01030628,Reigate and Banstead 015A,Public order,,
,2023-07,British Transport Police,British Transport Police,-0.160883,51.168736,On or near Horley (Station),E01030577,Reigate and Banstead 018C,Bicycle theft,,
,2023-07,British Transport Police,British Transport Police,-0.160883,51.168736,On or near Horley (Station),E01030577,Reigate and Banstead 018C,Bicycle theft,,
,2023-07,British Transport Police,British Transport Police,-0.160883,51.168736,On or near Horley (Station),E01030577,Reigate and Banstead 018C,Bicycle theft,,
,2023-07,British Transport Police,British Transport Police,-0.160883,51.168736,On or near Horley (Station),E01030577,Reigate and Banstead 018C,Public order,,
,2023-07,British Transport Police,British Transport Police,-0.160883,51.168736,On or near Horley (Station),E01030577,Reigate and Banstead 018C,Violence and sexual offences,,
,2023-07,British Transport Police,British Transport Police,-0.160883,51.168736,On or near Horley (Station),E01030577,Reigate and Banstead 018C,Other crime,,
,2023-07,British Transport Police,British Transport Police,-3.443152,51.715390,On or near Aberdare (Station),W01001147,Rhondda Cynon Taf 004A,Public order,,
,2023-07,British Transport Police,British Transport Police,-3.329706,51.642761,On or near Abercynon (Station),W01001143,Rhondda Cynon Taf 012A,Violence and sexual offences,,
,2023-07,British Transport Police,British Transport Police,-3.343242,51.599215,On or near Pontypridd (Station),W01001964,Rhondda Cynon Taf 021H,Public order,,
,2023-07,British Transport Police,British Transport Police,-3.263468,51.539568,On or near Taffs Well (Station),W01001241,Rhondda Cynon Taf 026D,Violence and sexual offences,,
,2023-07,British Transport Police,British Transport Police,-0.284946,51.477260,On or near Kew Gardens (Lu Station),E01003846,Richmond upon Thames 002A,Bicycle theft,,
,2023-07,British Transport Police,British Transport Police,-0.284946,51.477260,On or near Kew Gardens (Lu Station),E01003846,Richmond upon Thames 002A,Public order,,
,2023-07,British Transport Police,British Transport Police,-0.242033,51.467127,On or near Barnes (Station),E01003852,Richmond upon Thames 003A,Bicycle theft,,
,2023-07,British Transport Police,British Transport Police,-0.242033,51.467127,On or near Barnes (Station),E01003852,Richmond upon Thames 003A,Bicycle theft,,
,2023-07,British Transport Police,British Transport Police,-0.242033,51.467127,On or near Barnes (Station),E01003852,Richmond upon Thames 003A,Drugs,,
,2023-07,British Transport Police,British Transport Police,-0.242033,51.467127,On or near Barnes (Station),E01003852,Richmond upon Thames 003A,Drugs,,
,2023-07,British Transport Police,British Transport Police,-0.242033,51.467127,On or near Barnes (Station),E01003852,Richmond upon Thames 003A,Drugs,,
,2023-07,British Transport Police,British Transport Police,-0.242033,51.467127,On or near Barnes (Station),E01003852,Richmond upon Thames 003A,Drugs,,
,2023-07,British Transport Police,British Transport Police,-0.242033,51.467127,On or near Barnes (Station),E01003852,Richmond upon Thames 003A,Other theft,,
,2023-07,British Transport Police,British Transport Police,-0.242033,51.467127,On or near Barnes (Station),E01003852,Richmond upon Thames 003A,Other theft,,
,2023-07,British Transport Police,British Transport Police,-0.242033,51.467127,On or near Barnes (Station),E01003852,Richmond upon Thames 003A,Public order,,
,2023-07,British Transport Police,British Transport Police,-0.242033,51.467127,On or near Barnes (Station),E01003852,Richmond upon Thames 003A,Violence and sexual offences,,
,2023-07,British Transport Police,British Transport Police,-0.266809,51.468131,On or near Mortlake (Station),E01003855,Richmond upon Thames 003D,Violence and sexual offences,,
,2023-07,British Transport Police,British Transport Police,-0.286544,51.465360,On or near North Sheen (Station),E01003862,Richmond upon Thames 004D,Criminal damage and arson,,
,2023-07,British Transport Police,British Transport Police,-0.301913,51.463073,On or near Richmond (Station),E01003873,Richmond upon Thames 006A,Bicycle theft,,
,2023-07,British Transport Police,British Transport Police,-0.301913,51.463073,On or near Richmond (Station),E01003873,Richmond upon Thames 006A,Bicycle theft,,
,2023-07,British Transport Police,British Transport Police,-0.301913,51.463073,On or near Richmond (Station),E01003873,Richmond upon Thames 006A,Criminal damage and arson,,
,2023-07,British Transport Police,British Transport Police,-0.301913,51.463073,On or near Richmond (Station),E01003873,Richmond upon Thames 006A,Criminal damage and arson,,
,2023-07,British Transport Police,British Transport Police,-0.301913,51.463073,On or near Richmond (Station),E01003873,Richmond upon Thames 006A,Criminal damage and arson,,
,2023-07,British Transport Police,British Transport Police,-0.301913,51.463073,On or near Richmond (Station),E01003873,Richmond upon Thames 006A,Criminal damage and arson,,
,2023-07,British Transport Police,British Transport Police,-0.301913,51.463073,On or near Richmond (Station),E01003873,Richmond upon Thames 006A,Criminal damage and arson,,
,2023-07,British Transport Police,British Transport Police,-0.301913,51.463073,On or near Richmond (Station),E01003873,Richmond upon Thames 006A,Criminal damage and arson,,
,2023-07,British Transport Police,British Transport Police,-0.301913,51.463073,On or near Richmond (Station),E01003873,Richmond upon Thames 006A,Criminal damage and arson,,
,2023-07,British Transport Police,British Transport Police,-0.301913,51.463073,On or near Richmond (Station),E01003873,Richmond upon Thames 006A,Public order,,
,2023-07,British Transport Police,British Transport Police,-0.301913,51.463073,On or near Richmond (Station),E01003873,Richmond upon Thames 006A,Shoplifting,,
,2023-07,British Transport Police,British Transport Police,-0.320172,51.455226,On or near St Margaret'S (Hertfordshire) (Station),E01003868,Richmond upon Thames 007B,Bicycle theft,,
,2023-07,British Transport Police,British Transport Police,-0.320172,51.455226,On or near St Margaret'S (Hertfordshire) (Station),E01003868,Richmond upon Thames 007B,Other theft,,
,2023-07,British Transport Police,British Transport Police,-0.329954,51.450305,On or near Twickenham (Station),E01003869,Richmond upon Thames 011B,Bicycle theft,,
,2023-07,British Transport Police,British Transport Police,-0.329954,51.450305,On or near Twickenham (Station),E01003869,Richmond upon Thames 011B,Bicycle theft,,
,2023-07,British Transport Police,British Transport Police,-0.329954,51.450305,On or near Twickenham (Station),E01003869,Richmond upon Thames 011B,Bicycle theft,,
,2023-07,British Transport Police,British Transport Police,-0.329954,51.450305,On or near Twickenham (Station),E01003869,Richmond upon Thames 011B,Bicycle theft,,
,2023-07,British Transport Police,British Transport Police,-0.329954,51.450305,On or near Twickenham (Station),E01003869,Richmond upon Thames 011B,Bicycle theft,,
,2023-07,British Transport Police,British Transport Police,-0.329954,51.450305,On or near Twickenham (Station),E01003869,Richmond upon Thames 011B,Bicycle theft,,
,2023-07,British Transport Police,British Transport Police,-0.329954,51.450305,On or near Twickenham (Station),E01003869,Richmond upon Thames 011B,Bicycle theft,,
,2023-07,British Transport Police,British Transport Police,-0.329954,51.450305,On or near Twickenham (Station),E01003869,Richmond upon Thames 011B,Bicycle theft,,
,2023-07,British Transport Police,British Transport Police,-0.329954,51.450305,On or near Twickenham (Station),E01003869,Richmond upon Thames 011B,Bicycle theft,,
,2023-07,British Transport Police,British Transport Police,-0.329954,51.450305,On or near Twickenham (Station),E01003869,Richmond upon Thames 011B,Bicycle theft,,
,2023-07,British Transport Police,British Transport Police,-0.329954,51.450305,On or near Twickenham (Station),E01003869,Richmond upon Thames 011B,Bicycle theft,,
,2023-07,British Transport Police,British Transport Police,-0.329954,51.450305,On or near Twickenham (Station),E01003869,Richmond upon Thames 011B,Bicycle theft,,
,2023-07,British Transport Police,British Transport Police,-0.329954,51.450305,On or near Twickenham (Station),E01003869,Richmond upon Thames 011B,Bicycle theft,,
,2023-07,British Transport Police,British Transport Police,-0.329954,51.450305,On or near Twickenham (Station),E01003869,Richmond upon Thames 011B,Bicycle theft,,
,2023-07,British Transport Police,British Transport Police,-0.329954,51.450305,On or near Twickenham (Station),E01003869,Richmond upon Thames 011B,Bicycle theft,,
,2023-07,British Transport Police,British Transport Police,-0.329954,51.450305,On or near Twickenham (Station),E01003869,Richmond upon Thames 011B,Criminal damage and arson,,
,2023-07,British Transport Police,British Transport Police,-0.329954,51.450305,On or near Twickenham (Station),E01003869,Richmond upon Thames 011B,Criminal damage and arson,,
,2023-07,British Transport Police,British Transport Police,-0.329954,51.450305,On or near Twickenham (Station),E01003869,Richmond upon Thames 011B,Public order,,
,2023-07,British Transport Police,British Transport Police,-0.329954,51.450305,On or near Twickenham (Station),E01003869,Richmond upon Thames 011B,Violence and sexual offences,,
,2023-07,British Transport Police,British Transport Police,-0.329954,51.450305,On or near Twickenham (Station),E01003869,Richmond upon Thames 011B,Violence and sexual offences,,
,2023-07,British Transport Police,British Transport Police,-0.357789,51.449429,On or near Whitton (Station),E01003844,Richmond upon Thames 013E,Other theft,,
,2023-07,British Transport Police,British Transport Police,-0.339114,51.439355,On or near Strawberry Hill (Station),E01003884,Richmond upon Thames 016C,Bicycle theft,,
,2023-07,British Transport Police,British Transport Police,-0.339114,51.439355,On or near Strawberry Hill (Station),E01003884,Richmond upon Thames 016C,Bicycle theft,,
,2023-07,British Transport Police,British Transport Police,-0.339114,51.439355,On or near Strawberry Hill (Station),E01003884,Richmond upon Thames 016C,Public order,,
,2023-07,British Transport Police,British Transport Police,-0.332602,51.424558,On or near Teddington (Station),E01003889,Richmond upon Thames 021D,Bicycle theft,,
,2023-07,British Transport Police,British Transport Police,-0.332602,51.424558,On or near Teddington (Station),E01003889,Richmond upon Thames 021D,Bicycle theft,,
,2023-07,British Transport Police,British Transport Police,-0.332602,51.424558,On or near Teddington (Station),E01003889,Richmond upon Thames 021D,Bicycle theft,,
,2023-07,British Transport Police,British Transport Police,-0.332602,51.424558,On or near Teddington (Station),E01003889,Richmond upon Thames 021D,Bicycle theft,,
,2023-07,British Transport Police,British Transport Police,-0.332602,51.424558,On or near Teddington (Station),E01003889,Richmond upon Thames 021D,Bicycle theft,,
,2023-07,British Transport Police,British Transport Police,-0.312533,51.414525,On or near Hampton Wick (Station),E01003834,Richmond upon Thames 022A,Bicycle theft,,
,2023-07,British Transport Police,British Transport Police,-0.312533,51.414525,On or near Hampton Wick (Station),E01003834,Richmond upon Thames 022A,Bicycle theft,,
,2023-07,British Transport Police,British Transport Police,-0.312533,51.414525,On or near Hampton Wick (Station),E01003834,Richmond upon Thames 022A,Bicycle theft,,
,2023-07,British Transport Police,British Transport Police,-0.312533,51.414525,On or near Hampton Wick (Station),E01003834,Richmond upon Thames 022A,Violence and sexual offences,,
,2023-07,British Transport Police,British Transport Police,-0.371532,51.415875,On or near Hampton (Station),E01003827,Richmond upon Thames 023F,Public order,,
,2023-07,British Transport Police,British Transport Police,-2.094923,53.642878,On or near Littleborough (Station),E01005522,Rochdale 001C,Vehicle crime,,
,2023-07,British Transport Police,British Transport Police,-2.094923,53.642878,On or near Littleborough (Station),E01005522,Rochdale 001C,Vehicle crime,,
,2023-07,British Transport Police,British Transport Police,-2.154600,53.610179,On or near Rochdale (Station),E01005485,Rochdale 015D,Public order,,
,2023-07,British Transport Police,British Transport Police,-2.154600,53.610179,On or near Rochdale (Station),E01005485,Rochdale 015D,Shoplifting,,
,2023-07,British Transport Police,British Transport Police,-2.178415,53.592061,On or near Castleton (Station),E01005477,Rochdale 017B,Public order,,
,2023-07,British Transport Police,British Transport Police,-2.178415,53.592061,On or near Castleton (Station),E01005477,Rochdale 017B,Public order,,
,2023-07,British Transport Police,British Transport Police,0.702651,51.581998,On or near Rochford (Station),E01021955,Rochford 004D,Bicycle theft,,
,2023-07,British Transport Police,British Transport Police,0.702651,51.581998,On or near Rochford (Station),E01021955,Rochford 004D,Other theft,,
,2023-07,British Transport Police,British Transport Police,0.596720,51.588034,On or near Rayleigh (Station),E01021964,Rochford 008E,Other theft,,
,2023-07,British Transport Police,British Transport Police,0.596720,51.588034,On or near Rayleigh (Station),E01021964,Rochford 008E,Vehicle crime,,
,2023-07,British Transport Police,British Transport Police,0.596720,51.588034,On or near Rayleigh (Station),E01021964,Rochford 008E,Violence and sexual offences,,
,2023-07,British Transport Police,British Transport Police,0.659057,51.603529,On or near Hockley (Station),E01021936,Rochford 012B,Other theft,,
,2023-07,British Transport Police,British Transport Police,0.659057,51.603529,On or near Hockley (Station),E01021936,Rochford 012B,Violence and sexual offences,,
,2023-07,British Transport Police,British Transport Police,0.730679,50.952334,On or near Rye (Station),E01021117,Rother 004C,Violence and sexual offences,,
,2023-07,British Transport Police,British Transport Police,0.494820,50.912974,On or near Battle (Station),E01021085,Rother 006B,Criminal damage and arson,,
,2023-07,British Transport Police,British Transport Police,0.494820,50.912974,On or near Battle (Station),E01021085,Rother 006B,Public order,,
,2023-07,British Transport Police,British Transport Police,0.494820,50.912974,On or near Battle (Station),E01021085,Rother 006B,Violence and sexual offences,,
,2023-07,British Transport Police,British Transport Police,0.501280,50.888589,On or near Crowhurst (Station),E01021097,Rother 006E,Criminal damage and arson,,
,2023-07,British Transport Police,British Transport Police,0.456896,50.839291,On or near Collington (Station),E01021093,Rother 009A,Other theft,,
,2023-07,British Transport Police,British Transport Police,0.427116,50.833681,On or near Cooden Beach (Station),E01021125,Rother 009E,Bicycle theft,,
,2023-07,British Transport Police,British Transport Police,0.476917,50.841043,On or near Ore (Station),E01021092,Rother 011C,Violence and sexual offences,,
,2023-07,British Transport Police,British Transport Police,-1.360480,53.432235,On or near Rotherham Central (Station),E01007714,Rotherham 017B,Bicycle theft,,
,2023-07,British Transport Police,British Transport Police,-1.360480,53.432235,On or near Rotherham Central (Station),E01007714,Rotherham 017B,Public order,,
,2023-07,British Transport Police,British Transport Police,-1.251285,52.378491,On or near Rugby (Station),E01031174,Rugby 003D,Other theft,,
,2023-07,British Transport Police,British Transport Police,-1.251285,52.378491,On or near Rugby (Station),E01031174,Rugby 003D,Public order,,
,2023-07,British Transport Police,British Transport Police,-1.251285,52.378491,On or near Rugby (Station),E01031174,Rugby 003D,Violence and sexual offences,,
,2023-07,British Transport Police,British Transport Police,-0.546863,51.429461,On or near Egham (Station),E01030667,Runnymede 001A,Bicycle theft,,
,2023-07,British Transport Police,British Transport Police,-0.546863,51.429461,On or near Egham (Station),E01030667,Runnymede 001A,Bicycle theft,,
,2023-07,British Transport Police,British Transport Police,-0.546863,51.429461,On or near Egham (Station),E01030667,Runnymede 001A,Other theft,,
,2023-07,British Transport Police,British Transport Police,-0.508840,51.387286,On or near Chertsey (Station),E01030657,Runnymede 006D,Bicycle theft,,
,2023-07,British Transport Police,British Transport Police,-0.508840,51.387286,On or near Chertsey (Station),E01030657,Runnymede 006D,Violence and sexual offences,,
,2023-07,British Transport Police,British Transport Police,-0.508840,51.387286,On or near Chertsey (Station),E01030657,Runnymede 006D,Violence and sexual offences,,
,2023-07,British Transport Police,British Transport Police,-0.481180,51.349895,On or near Byfleet And New Haw (Station),E01030681,Runnymede 010A,Bicycle theft,,
,2023-07,British Transport Police,British Transport Police,-0.953164,52.954098,On or near Bingham (Station),E01028358,Rushcliffe 002B,Bicycle theft,,
,2023-07,British Transport Police,British Transport Police,-1.037328,52.948785,On or near Radcliffe (Nottinghamshire) (Station),E01028413,Rushcliffe 003D,Public order,,
,2023-07,British Transport Police,British Transport Police,-1.263232,52.862500,On or near East Midlands Parkway (Station),E01028408,Rushcliffe 014C,Other theft,,
,2023-07,British Transport Police,British Transport Police,-1.263232,52.862500,On or near East Midlands Parkway (Station),E01028408,Rushcliffe 014C,Public order,,
,2023-07,British Transport Police,British Transport Police,-0.757201,51.296152,On or near Farnborough (Main) (Station),E01023097,Rushmoor 004B,Bicycle theft,,
,2023-07,British Transport Police,British Transport Police,-0.757201,51.296152,On or near Farnborough (Main) (Station),E01023097,Rushmoor 004B,Bicycle theft,,
,2023-07,British Transport Police,British Transport Police,-0.757201,51.296152,On or near Farnborough (Main) (Station),E01023097,Rushmoor 004B,Bicycle theft,,
,2023-07,British Transport Police,British Transport Police,-0.757201,51.296152,On or near Farnborough (Main) (Station),E01023097,Rushmoor 004B,Vehicle crime,,
,2023-07,British Transport Police,British Transport Police,-0.757201,51.296152,On or near Farnborough (Main) (Station),E01023097,Rushmoor 004B,Vehicle crime,,
,2023-07,British Transport Police,British Transport Police,-0.742895,51.302133,On or near Farnborough North (Station),E01023103,Rushmoor 004C,Bicycle theft,,
,2023-07,British Transport Police,British Transport Police,-0.760366,51.246233,On or near Aldershot (Station),E01023144,Rushmoor 008D,Criminal damage and arson,,
,2023-07,British Transport Police,British Transport Police,-0.760366,51.246233,On or near Aldershot (Station),E01023144,Rushmoor 008D,Other theft,,
,2023-07,British Transport Police,British Transport Police,-0.760366,51.246233,On or near Aldershot (Station),E01023144,Rushmoor 008D,Public order,,
,2023-07,British Transport Police,British Transport Police,-0.760366,51.246233,On or near Aldershot (Station),E01023144,Rushmoor 008D,Theft from the person,,
,2023-07,British Transport Police,British Transport Police,-0.760366,51.246233,On or near Aldershot (Station),E01023144,Rushmoor 008D,Theft from the person,,
,2023-07,British Transport Police,British Transport Police,-0.734362,52.671074,On or near Oakham (Station),E01035104,Rutland 002G,Public order,,
,2023-07,British Transport Police,British Transport Police,-0.734362,52.671074,On or near Oakham (Station),E01035104,Rutland 002G,Public order,,
,2023-07,British Transport Police,British Transport Police,-2.337476,53.514841,On or near Swinton (Greater Manchester) (Station),E01005672,Salford 005B,Criminal damage and arson,,
,2023-07,British Transport Police,British Transport Police,-2.276165,53.486334,On or near Salford Crescent (Station),E01005610,Salford 034C,Public order,,
,2023-07,British Transport Police,British Transport Police,-2.276165,53.486334,On or near Salford Crescent (Station),E01005610,Salford 034C,Violence and sexual offences,,
,2023-07,British Transport Police,British Transport Police,-2.255517,53.482776,On or near Salford Central (Station),E01032906,Salford 034E,Violence and sexual offences,,
,2023-07,British Transport Police,British Transport Police,-1.991032,52.563075,On or near Bescot Stadium (Station),E01009967,Sandwell 003D,Vehicle crime,,
,2023-07,British Transport Police,British Transport Police,-2.065569,52.530316,On or near Tipton (Station),E01033887,Sandwell 014G,Other theft,,
,2023-07,British Transport Police,British Transport Police,-2.011410,52.529354,On or near Black Lake (Tram Stop),E01009981,Sandwell 018A,Bicycle theft,,
,2023-07,British Transport Police,British Transport Police,-1.964642,52.505470,On or near The Hawthorns (Station),E01010046,Sandwell 023A,Bicycle theft,,
,2023-07,British Transport Police,British Transport Police,-1.964642,52.505470,On or near The Hawthorns (Station),E01010046,Sandwell 023A,Violence and sexual offences,,
,2023-07,British Transport Police,British Transport Police,-2.006054,52.492944,On or near Langley Green (Station),E01010021,Sandwell 024D,Criminal damage and arson,,
,2023-07,British Transport Police,British Transport Police,-2.092637,52.469373,On or near Cradley Heath (Station),E01009953,Sandwell 038A,Violence and sexual offences,,
,2023-07,British Transport Police,British Transport Police,-1.970586,52.496349,On or near Smethwick Rolfe Street (Station),E01010062,Sandwell 040A,Other theft,,
,2023-07,British Transport Police,British Transport Police,-2.990468,51.127837,On or near Bridgwater (Station),E01029094,Sedgemoor 009A,Criminal damage and arson,,
,2023-07,British Transport Police,British Transport Police,-2.990468,51.127837,On or near Bridgwater (Station),E01029094,Sedgemoor 009A,Public order,,
,2023-07,British Transport Police,British Transport Police,-2.990468,51.127837,On or near Bridgwater (Station),E01029094,Sedgemoor 009A,Public order,,
,2023-07,British Transport Police,British Transport Police,-2.990468,51.127837,On or near Bridgwater (Station),E01029094,Sedgemoor 009A,Violence and sexual offences,,
,2023-07,British Transport Police,British Transport Police,-2.990468,51.127837,On or near Bridgwater (Station),E01029094,Sedgemoor 009A,Other crime,,
,2023-07,British Transport Police,British Transport Police,-3.003148,53.645611,On or near Southport (Station),E01033798,Sefton 004I,Criminal damage and arson,,
,2023-07,British Transport Police,British Transport Police,-3.003148,53.645611,On or near Southport (Station),E01033798,Sefton 004I,Drugs,,
,2023-07,British Transport Police,British Transport Police,-3.003148,53.645611,On or near Southport (Station),E01033798,Sefton 004I,Other theft,,
,2023-07,British Transport Police,British Transport Police,-3.003148,53.645611,On or near Southport (Station),E01033798,Sefton 004I,Public order,,
,2023-07,British Transport Police,British Transport Police,-3.003148,53.645611,On or near Southport (Station),E01033798,Sefton 004I,Violence and sexual offences,,
,2023-07,British Transport Police,British Transport Police,-3.003148,53.645611,On or near Southport (Station),E01033798,Sefton 004I,Violence and sexual offences,,
,2023-07,British Transport Police,British Transport Police,-3.071739,53.566131,On or near Freshfield (Station),E01006985,Sefton 013A,Bicycle theft,,
,2023-07,British Transport Police,British Transport Police,-3.071739,53.566131,On or near Freshfield (Station),E01006985,Sefton 013A,Bicycle theft,,
,2023-07,British Transport Police,British Transport Police,-3.049532,53.497377,On or near Hall Road (Station),E01006938,Sefton 022C,Bicycle theft,,
,2023-07,British Transport Police,British Transport Police,-3.039804,53.487600,On or near Blundellsands And Crosby (Station),E01006941,Sefton 028A,Bicycle theft,,
,2023-07,British Transport Police,British Transport Police,-3.039804,53.487600,On or near Blundellsands And Crosby (Station),E01006941,Sefton 028A,Bicycle theft,,
,2023-07,British Transport Police,British Transport Police,-3.039804,53.487600,On or near Blundellsands And Crosby (Station),E01006941,Sefton 028A,Violence and sexual offences,,
,2023-07,British Transport Police,British Transport Police,-2.994630,53.453442,On or near Bootle New Strand (Station),E01007007,Sefton 037B,Other theft,,
,2023-07,British Transport Police,British Transport Police,-1.063190,53.783078,On or near Selby (Station),E01027909,Selby 005E,Public order,,
,2023-07,British Transport Police,British Transport Police,0.169107,51.393324,On or near Swanley (Station),E01024475,Sevenoaks 003D,Bicycle theft,,
,2023-07,British Transport Police,British Transport Police,0.169107,51.393324,On or near Swanley (Station),E01024475,Sevenoaks 003D,Criminal damage and arson,,
,2023-07,British Transport Police,British Transport Police,0.169107,51.393324,On or near Swanley (Station),E01024475,Sevenoaks 003D,Criminal damage and arson,,
,2023-07,British Transport Police,British Transport Police,0.169107,51.393324,On or near Swanley (Station),E01024475,Sevenoaks 003D,Criminal damage and arson,,
,2023-07,British Transport Police,British Transport Police,0.169107,51.393324,On or near Swanley (Station),E01024475,Sevenoaks 003D,Criminal damage and arson,,
,2023-07,British Transport Police,British Transport Police,0.169107,51.393324,On or near Swanley (Station),E01024475,Sevenoaks 003D,Criminal damage and arson,,
,2023-07,British Transport Police,British Transport Police,0.169107,51.393324,On or near Swanley (Station),E01024475,Sevenoaks 003D,Other theft,,
,2023-07,British Transport Police,British Transport Police,0.169107,51.393324,On or near Swanley (Station),E01024475,Sevenoaks 003D,Public order,,
,2023-07,British Transport Police,British Transport Police,0.169107,51.393324,On or near Swanley (Station),E01024475,Sevenoaks 003D,Public order,,
,2023-07,British Transport Police,British Transport Police,0.169107,51.393324,On or near Swanley (Station),E01024475,Sevenoaks 003D,Violence and sexual offences,,
,2023-07,British Transport Police,British Transport Police,0.169107,51.393324,On or near Swanley (Station),E01024475,Sevenoaks 003D,Violence and sexual offences,,
,2023-07,British Transport Police,British Transport Police,0.169107,51.393324,On or near Swanley (Station),E01024475,Sevenoaks 003D,Violence and sexual offences,,
,2023-07,British Transport Police,British Transport Police,0.169107,51.393324,On or near Swanley (Station),E01024475,Sevenoaks 003D,Violence and sexual offences,,
,2023-07,British Transport Police,British Transport Police,0.169107,51.393324,On or near Swanley (Station),E01024475,Sevenoaks 003D,Violence and sexual offences,,
,2023-07,British Transport Police,British Transport Police,0.169107,51.393324,On or near Swanley (Station),E01024475,Sevenoaks 003D,Violence and sexual offences,,
,2023-07,British Transport Police,British Transport Police,0.318458,51.342131,On or near Ebbsfleet International (Station),E01024442,Sevenoaks 004B,Criminal damage and arson,,
,2023-07,British Transport Police,British Transport Police,0.318458,51.342131,On or near Ebbsfleet International (Station),E01024442,Sevenoaks 004B,Criminal damage and arson,,
,2023-07,British Transport Police,British Transport Police,0.318458,51.342131,On or near Ebbsfleet International (Station),E01024442,Sevenoaks 004B,Violence and sexual offences,,
,2023-07,British Transport Police,British Transport Police,0.318458,51.342131,On or near Ebbsfleet International (Station),E01024442,Sevenoaks 004B,Violence and sexual offences,,
,2023-07,British Transport Police,British Transport Police,0.190555,51.366359,On or near Rainham (Kent) (Station),E01024431,Sevenoaks 005A,Bicycle theft,,
,2023-07,British Transport Police,British Transport Police,0.204391,51.362674,On or near Eynsford (Station),E01024431,Sevenoaks 005A,Criminal damage and arson,,
,2023-07,British Transport Police,British Transport Police,0.204391,51.362674,On or near Eynsford (Station),E01024431,Sevenoaks 005A,Criminal damage and arson,,
,2023-07,British Transport Police,British Transport Police,0.190555,51.366359,On or near Rainham (Kent) (Station),E01024431,Sevenoaks 005A,Criminal damage and arson,,
,2023-07,British Transport Police,British Transport Police,0.190555,51.366359,On or near Rainham (Kent) (Station),E01024431,Sevenoaks 005A,Criminal damage and arson,,
,2023-07,British Transport Police,British Transport Police,0.204391,51.362674,On or near Eynsford (Station),E01024431,Sevenoaks 005A,Criminal damage and arson,,
,2023-07,British Transport Police,British Transport Police,0.190555,51.366359,On or near Rainham (Kent) (Station),E01024431,Sevenoaks 005A,Public order,,
,2023-07,British Transport Police,British Transport Police,0.190555,51.366359,On or near Rainham (Kent) (Station),E01024431,Sevenoaks 005A,Vehicle crime,,
,2023-07,British Transport Police,British Transport Police,0.190555,51.366359,On or near Rainham (Kent) (Station),E01024431,Sevenoaks 005A,Violence and sexual offences,,
,2023-07,British Transport Police,British Transport Police,0.190555,51.366359,On or near Rainham (Kent) (Station),E01024431,Sevenoaks 005A,Violence and sexual offences,,
,2023-07,British Transport Police,British Transport Police,0.171116,51.296630,On or near Dunton Green (Station),E01035001,Sevenoaks 008G,Criminal damage and arson,,
,2023-07,British Transport Police,British Transport Police,0.196941,51.312957,On or near Otford (Station),E01024453,Sevenoaks 009D,Public order,,
,2023-07,British Transport Police,British Transport Police,0.196941,51.312957,On or near Otford (Station),E01024453,Sevenoaks 009D,Violence and sexual offences,,
,2023-07,British Transport Police,British Transport Police,0.194029,51.289808,On or near Bat And Ball (Station),E01024465,Sevenoaks 010D,Criminal damage and arson,,
,2023-07,British Transport Police,British Transport Police,0.194029,51.289808,On or near Bat And Ball (Station),E01024465,Sevenoaks 010D,Criminal damage and arson,,
,2023-07,British Transport Police,British Transport Police,0.194029,51.289808,On or near Bat And Ball (Station),E01024465,Sevenoaks 010D,Robbery,,
,2023-07,British Transport Police,British Transport Police,0.194029,51.289808,On or near Bat And Ball (Station),E01024465,Sevenoaks 010D,Violence and sexual offences,,
,2023-07,British Transport Police,British Transport Police,0.194029,51.289808,On or near Bat And Ball (Station),E01024465,Sevenoaks 010D,Violence and sexual offences,,
,2023-07,British Transport Police,British Transport Police,0.194029,51.289808,On or near Bat And Ball (Station),E01024465,Sevenoaks 010D,Violence and sexual offences,,
,2023-07,British Transport Police,British Transport Police,0.194029,51.289808,On or near Bat And Ball (Station),E01024465,Sevenoaks 010D,Violence and sexual offences,,
,2023-07,British Transport Police,British Transport Police,0.182430,51.276968,On or near Sevenoaks (Station),E01024469,Sevenoaks 012D,Bicycle theft,,
,2023-07,British Transport Police,British Transport Police,0.182430,51.276968,On or near Sevenoaks (Station),E01024469,Sevenoaks 012D,Criminal damage and arson,,
,2023-07,British Transport Police,British Transport Police,0.182430,51.276968,On or near Sevenoaks (Station),E01024469,Sevenoaks 012D,Criminal damage and arson,,
,2023-07,British Transport Police,British Transport Police,0.182430,51.276968,On or near Sevenoaks (Station),E01024469,Sevenoaks 012D,Criminal damage and arson,,
,2023-07,British Transport Police,British Transport Police,0.182430,51.276968,On or near Sevenoaks (Station),E01024469,Sevenoaks 012D,Public order,,
,2023-07,British Transport Police,British Transport Police,0.182430,51.276968,On or near Sevenoaks (Station),E01024469,Sevenoaks 012D,Public order,,
,2023-07,British Transport Police,British Transport Police,0.182430,51.276968,On or near Sevenoaks (Station),E01024469,Sevenoaks 012D,Public order,,
,2023-07,British Transport Police,British Transport Police,0.182430,51.276968,On or near Sevenoaks (Station),E01024469,Sevenoaks 012D,Theft from the person,,
,2023-07,British Transport Police,British Transport Police,0.182430,51.276968,On or near Sevenoaks (Station),E01024469,Sevenoaks 012D,Vehicle crime,,
,2023-07,British Transport Police,British Transport Police,0.182430,51.276968,On or near Sevenoaks (Station),E01024469,Sevenoaks 012D,Vehicle crime,,
,2023-07,British Transport Police,British Transport Police,0.182430,51.276968,On or near Sevenoaks (Station),E01024469,Sevenoaks 012D,Vehicle crime,,
,2023-07,British Transport Police,British Transport Police,0.182430,51.276968,On or near Sevenoaks (Station),E01024469,Sevenoaks 012D,Violence and sexual offences,,
,2023-07,British Transport Police,British Transport Police,-1.413868,53.416858,On or near Meadowhall (Station),E01007852,Sheffield 014C,Criminal damage and arson,,
,2023-07,British Transport Police,British Transport Police,-1.413868,53.416858,On or near Meadowhall (Station),E01007852,Sheffield 014C,Other theft,,
,2023-07,British Transport Police,British Transport Police,-1.413868,53.416858,On or near Meadowhall (Station),E01007852,Sheffield 014C,Public order,,
,2023-07,British Transport Police,British Transport Police,-1.413868,53.416858,On or near Meadowhall (Station),E01007852,Sheffield 014C,Violence and sexual offences,,
,2023-07,British Transport Police,British Transport Police,-1.463354,53.377152,On or near Sheffield (Station),E01033268,Sheffield 075G,Bicycle theft,,
,2023-07,British Transport Police,British Transport Police,-1.463354,53.377152,On or near Sheffield (Station),E01033268,Sheffield 075G,Criminal damage and arson,,
,2023-07,British Transport Police,British Transport Police,-1.463354,53.377152,On or near Sheffield (Station),E01033268,Sheffield 075G,Drugs,,
,2023-07,British Transport Police,British Transport Police,-1.463354,53.377152,On or near Sheffield (Station),E01033268,Sheffield 075G,Other theft,,
,2023-07,British Transport Police,British Transport Police,-1.463354,53.377152,On or near Sheffield (Station),E01033268,Sheffield 075G,Other theft,,
,2023-07,British Transport Police,British Transport Police,-1.463354,53.377152,On or near Sheffield (Station),E01033268,Sheffield 075G,Other theft,,
,2023-07,British Transport Police,British Transport Police,-1.463354,53.377152,On or near Sheffield (Station),E01033268,Sheffield 075G,Other theft,,
,2023-07,British Transport Police,British Transport Police,-1.463354,53.377152,On or near Sheffield (Station),E01033268,Sheffield 075G,Other theft,,
,2023-07,British Transport Police,British Transport Police,-1.463354,53.377152,On or near Sheffield (Station),E01033268,Sheffield 075G,Other theft,,
,2023-07,British Transport Police,British Transport Police,-1.463354,53.377152,On or near Sheffield (Station),E01033268,Sheffield 075G,Other theft,,
,2023-07,British Transport Police,British Transport Police,-1.463354,53.377152,On or near Sheffield (Station),E01033268,Sheffield 075G,Public order,,
,2023-07,British Transport Police,British Transport Police,-1.463354,53.377152,On or near Sheffield (Station),E01033268,Sheffield 075G,Public order,,
,2023-07,British Transport Police,British Transport Police,-1.463354,53.377152,On or near Sheffield (Station),E01033268,Sheffield 075G,Public order,,
,2023-07,British Transport Police,British Transport Police,-1.463354,53.377152,On or near Sheffield (Station),E01033268,Sheffield 075G,Public order,,
,2023-07,British Transport Police,British Transport Police,-1.463354,53.377152,On or near Sheffield (Station),E01033268,Sheffield 075G,Public order,,
,2023-07,British Transport Police,British Transport Police,-1.463354,53.377152,On or near Sheffield (Station),E01033268,Sheffield 075G,Public order,,
,2023-07,British Transport Police,British Transport Police,-1.463354,53.377152,On or near Sheffield (Station),E01033268,Sheffield 075G,Shoplifting,,
,2023-07,British Transport Police,British Transport Police,-1.463354,53.377152,On or near Sheffield (Station),E01033268,Sheffield 075G,Shoplifting,,
,2023-07,British Transport Police,British Transport Police,-1.463354,53.377152,On or near Sheffield (Station),E01033268,Sheffield 075G,Shoplifting,,
,2023-07,British Transport Police,British Transport Police,-1.463354,53.377152,On or near Sheffield (Station),E01033268,Sheffield 075G,Vehicle crime,,
,2023-07,British Transport Police,British Transport Police,-1.463354,53.377152,On or near Sheffield (Station),E01033268,Sheffield 075G,Violence and sexual offences,,
,2023-07,British Transport Police,British Transport Police,-1.463354,53.377152,On or near Sheffield (Station),E01033268,Sheffield 075G,Violence and sexual offences,,
,2023-07,British Transport Police,British Transport Police,-1.463354,53.377152,On or near Sheffield (Station),E01033268,Sheffield 075G,Other crime,,
,2023-07,British Transport Police,British Transport Police,-2.750480,52.711404,On or near Shrewsbury (Station),E01035061,Shropshire 019E,Criminal damage and arson,,
,2023-07,British Transport Police,British Transport Police,-2.750480,52.711404,On or near Shrewsbury (Station),E01035061,Shropshire 019E,Other theft,,
,2023-07,British Transport Police,British Transport Police,-2.750480,52.711404,On or near Shrewsbury (Station),E01035061,Shropshire 019E,Public order,,
,2023-07,British Transport Police,British Transport Police,-2.750480,52.711404,On or near Shrewsbury (Station),E01035061,Shropshire 019E,Public order,,
,2023-07,British Transport Police,British Transport Police,-2.750480,52.711404,On or near Shrewsbury (Station),E01035061,Shropshire 019E,Violence and sexual offences,,
,2023-07,British Transport Police,British Transport Police,-2.750480,52.711404,On or near Shrewsbury (Station),E01035061,Shropshire 019E,Violence and sexual offences,,
,2023-07,British Transport Police,British Transport Police,-2.750480,52.711404,On or near Shrewsbury (Station),E01035061,Shropshire 019E,Violence and sexual offences,,
,2023-07,British Transport Police,British Transport Police,-2.750480,52.711404,On or near Shrewsbury (Station),E01035061,Shropshire 019E,Other crime,,
,2023-07,British Transport Police,British Transport Police,-0.646725,51.523338,On or near Burnham (Station),E01016494,Slough 003B,Other theft,,
,2023-07,British Transport Police,British Transport Police,-0.541888,51.508001,On or near Langley (Station),E01016509,Slough 010D,Criminal damage and arson,,
,2023-07,British Transport Police,British Transport Police,-0.541888,51.508001,On or near Langley (Station),E01016509,Slough 010D,Other theft,,
,2023-07,British Transport Police,British Transport Police,-0.541888,51.508001,On or near Langley (Station),E01016509,Slough 010D,Public order,,
,2023-07,British Transport Police,British Transport Police,-0.541888,51.508001,On or near Langley (Station),E01016509,Slough 010D,Violence and sexual offences,,
,2023-07,British Transport Police,British Transport Police,-0.591224,51.512336,On or near Slough (Station),E01035253,Slough 015D,Bicycle theft,,
,2023-07,British Transport Police,British Transport Police,-0.591224,51.512336,On or near Slough (Station),E01035253,Slough 015D,Drugs,,
,2023-07,British Transport Police,British Transport Police,-0.591224,51.512336,On or near Slough (Station),E01035253,Slough 015D,Drugs,,
,2023-07,British Transport Police,British Transport Police,-0.591224,51.512336,On or near Slough (Station),E01035253,Slough 015D,Other theft,,
,2023-07,British Transport Police,British Transport Police,-0.591224,51.512336,On or near Slough (Station),E01035253,Slough 015D,Other theft,,
,2023-07,British Transport Police,British Transport Police,-0.591224,51.512336,On or near Slough (Station),E01035253,Slough 015D,Other theft,,
,2023-07,British Transport Police,British Transport Police,-0.591224,51.512336,On or near Slough (Station),E01035253,Slough 015D,Other theft,,
,2023-07,British Transport Police,British Transport Police,-0.591224,51.512336,On or near Slough (Station),E01035253,Slough 015D,Public order,,
,2023-07,British Transport Police,British Transport Police,-0.591224,51.512336,On or near Slough (Station),E01035253,Slough 015D,Public order,,
,2023-07,British Transport Police,British Transport Police,-0.591224,51.512336,On or near Slough (Station),E01035253,Slough 015D,Public order,,
,2023-07,British Transport Police,British Transport Police,-0.591224,51.512336,On or near Slough (Station),E01035253,Slough 015D,Public order,,
,2023-07,British Transport Police,British Transport Police,-0.591224,51.512336,On or near Slough (Station),E01035253,Slough 015D,Robbery,,
,2023-07,British Transport Police,British Transport Police,-0.591224,51.512336,On or near Slough (Station),E01035253,Slough 015D,Theft from the person,,
,2023-07,British Transport Police,British Transport Police,-0.591224,51.512336,On or near Slough (Station),E01035253,Slough 015D,Violence and sexual offences,,
,2023-07,British Transport Police,British Transport Police,-1.726557,52.449740,On or near Birmingham International (Station),E01010109,Solihull 009A,Other theft,,
,2023-07,British Transport Police,British Transport Police,-1.726557,52.449740,On or near Birmingham International (Station),E01010109,Solihull 009A,Other theft,,
,2023-07,British Transport Police,British Transport Police,-1.726557,52.449740,On or near Birmingham International (Station),E01010109,Solihull 009A,Other theft,,
,2023-07,British Transport Police,British Transport Police,-1.726557,52.449740,On or near Birmingham International (Station),E01010109,Solihull 009A,Public order,,
,2023-07,British Transport Police,British Transport Police,-1.726557,52.449740,On or near Birmingham International (Station),E01010109,Solihull 009A,Theft from the person,,
,2023-07,British Transport Police,British Transport Police,-1.726557,52.449740,On or near Birmingham International (Station),E01010109,Solihull 009A,Theft from the person,,
,2023-07,British Transport Police,British Transport Police,-1.726557,52.449740,On or near Birmingham International (Station),E01010109,Solihull 009A,Violence and sexual offences,,
,2023-07,British Transport Police,British Transport Police,-1.726557,52.449740,On or near Birmingham International (Station),E01010109,Solihull 009A,Violence and sexual offences,,
,2023-07,British Transport Police,British Transport Police,-1.788390,52.414633,On or near Solihull (Station),E01010192,Solihull 019A,Bicycle theft,,
,2023-07,British Transport Police,British Transport Police,-1.788390,52.414633,On or near Solihull (Station),E01010192,Solihull 019A,Public order,,
,2023-07,British Transport Police,British Transport Police,-1.788390,52.414633,On or near Solihull (Station),E01010192,Solihull 019A,Theft from the person,,
,2023-07,British Transport Police,British Transport Police,-1.844767,52.403753,On or near Shirley (Station),E01010219,Solihull 021B,Violence and sexual offences,,
,2023-07,British Transport Police,British Transport Police,-1.642220,52.395884,On or near Berkswell (Station),E01010169,Solihull 025C,Criminal damage and arson,,
,2023-07,British Transport Police,British Transport Police,-1.752973,52.371572,On or near Dorridge (Station),E01010188,Solihull 028F,Bicycle theft,,
,2023-07,British Transport Police,British Transport Police,-1.752973,52.371572,On or near Dorridge (Station),E01010188,Solihull 028F,Public order,,
,2023-07,British Transport Police,British Transport Police,-3.106645,51.022909,On or near Taunton (Station),E01029289,Somerset West and Taunton 011D,Bicycle theft,,
,2023-07,British Transport Police,British Transport Police,-3.106645,51.022909,On or near Taunton (Station),E01029289,Somerset West and Taunton 011D,Other theft,,
,2023-07,British Transport Police,British Transport Police,-1.376195,50.941137,On or near Swaythling (Station),E01017264,Southampton 003A,Criminal damage and arson,,
,2023-07,British Transport Police,British Transport Police,-1.470302,50.919904,On or near Redbridge (Station),E01017239,Southampton 012C,Public order,,
,2023-07,British Transport Police,British Transport Police,-1.470302,50.919904,On or near Redbridge (Station),E01017239,Southampton 012C,Violence and sexual offences,,
,2023-07,British Transport Police,British Transport Police,-1.387857,50.922306,On or near St Denys (Station),E01017228,Southampton 013B,Bicycle theft,,
,2023-07,British Transport Police,British Transport Police,-1.414065,50.907504,On or near Southampton Central (Station),E01035445,Southampton 023F,Bicycle theft,,
,2023-07,British Transport Police,British Transport Police,-1.414065,50.907504,On or near Southampton Central (Station),E01035445,Southampton 023F,Bicycle theft,,
,2023-07,British Transport Police,British Transport Police,-1.414065,50.907504,On or near Southampton Central (Station),E01035445,Southampton 023F,Bicycle theft,,
,2023-07,British Transport Police,British Transport Police,-1.414065,50.907504,On or near Southampton Central (Station),E01035445,Southampton 023F,Bicycle theft,,
,2023-07,British Transport Police,British Transport Police,-1.414065,50.907504,On or near Southampton Central (Station),E01035445,Southampton 023F,Drugs,,
,2023-07,British Transport Police,British Transport Police,-1.414065,50.907504,On or near Southampton Central (Station),E01035445,Southampton 023F,Drugs,,
,2023-07,British Transport Police,British Transport Police,-1.414065,50.907504,On or near Southampton Central (Station),E01035445,Southampton 023F,Drugs,,
,2023-07,British Transport Police,British Transport Police,-1.414065,50.907504,On or near Southampton Central (Station),E01035445,Southampton 023F,Drugs,,
,2023-07,British Transport Police,British Transport Police,-1.414065,50.907504,On or near Southampton Central (Station),E01035445,Southampton 023F,Other theft,,
,2023-07,British Transport Police,British Transport Police,-1.414065,50.907504,On or near Southampton Central (Station),E01035445,Southampton 023F,Other theft,,
,2023-07,British Transport Police,British Transport Police,-1.414065,50.907504,On or near Southampton Central (Station),E01035445,Southampton 023F,Public order,,
,2023-07,British Transport Police,British Transport Police,-1.414065,50.907504,On or near Southampton Central (Station),E01035445,Southampton 023F,Public order,,
,2023-07,British Transport Police,British Transport Police,-1.414065,50.907504,On or near Southampton Central (Station),E01035445,Southampton 023F,Public order,,
,2023-07,British Transport Police,British Transport Police,-1.414065,50.907504,On or near Southampton Central (Station),E01035445,Southampton 023F,Public order,,
,2023-07,British Transport Police,British Transport Police,-1.414065,50.907504,On or near Southampton Central (Station),E01035445,Southampton 023F,Public order,,
,2023-07,British Transport Police,British Transport Police,-1.414065,50.907504,On or near Southampton Central (Station),E01035445,Southampton 023F,Public order,,
,2023-07,British Transport Police,British Transport Police,-1.414065,50.907504,On or near Southampton Central (Station),E01035445,Southampton 023F,Public order,,
,2023-07,British Transport Police,British Transport Police,-1.414065,50.907504,On or near Southampton Central (Station),E01035445,Southampton 023F,Public order,,
,2023-07,British Transport Police,British Transport Police,-1.414065,50.907504,On or near Southampton Central (Station),E01035445,Southampton 023F,Public order,,
,2023-07,British Transport Police,British Transport Police,-1.414065,50.907504,On or near Southampton Central (Station),E01035445,Southampton 023F,Robbery,,
,2023-07,British Transport Police,British Transport Police,-1.414065,50.907504,On or near Southampton Central (Station),E01035445,Southampton 023F,Theft from the person,,
,2023-07,British Transport Police,British Transport Police,-1.414065,50.907504,On or near Southampton Central (Station),E01035445,Southampton 023F,Theft from the person,,
,2023-07,British Transport Police,British Transport Police,-1.414065,50.907504,On or near Southampton Central (Station),E01035445,Southampton 023F,Other crime,,
,2023-07,British Transport Police,British Transport Police,0.157672,52.223839,On or near Cambridge North (Station),E01018273,South Cambridgeshire 007B,Bicycle theft,,
,2023-07,British Transport Police,British Transport Police,0.157672,52.223839,On or near Cambridge North (Station),E01018273,South Cambridgeshire 007B,Bicycle theft,,
,2023-07,British Transport Police,British Transport Police,0.157672,52.223839,On or near Cambridge North (Station),E01018273,South Cambridgeshire 007B,Bicycle theft,,
,2023-07,British Transport Police,British Transport Police,0.157672,52.223839,On or near Cambridge North (Station),E01018273,South Cambridgeshire 007B,Bicycle theft,,
,2023-07,British Transport Police,British Transport Police,0.157672,52.223839,On or near Cambridge North (Station),E01018273,South Cambridgeshire 007B,Bicycle theft,,
,2023-07,British Transport Police,British Transport Police,0.157672,52.223839,On or near Cambridge North (Station),E01018273,South Cambridgeshire 007B,Bicycle theft,,
,2023-07,British Transport Police,British Transport Police,0.157672,52.223839,On or near Cambridge North (Station),E01018273,South Cambridgeshire 007B,Bicycle theft,,
,2023-07,British Transport Police,British Transport Police,0.157672,52.223839,On or near Cambridge North (Station),E01018273,South Cambridgeshire 007B,Bicycle theft,,
,2023-07,British Transport Police,British Transport Police,0.157672,52.223839,On or near Cambridge North (Station),E01018273,South Cambridgeshire 007B,Bicycle theft,,
,2023-07,British Transport Police,British Transport Police,0.157672,52.223839,On or near Cambridge North (Station),E01018273,South Cambridgeshire 007B,Bicycle theft,,
,2023-07,British Transport Police,British Transport Police,0.157672,52.223839,On or near Cambridge North (Station),E01018273,South Cambridgeshire 007B,Bicycle theft,,
,2023-07,British Transport Police,British Transport Police,0.157672,52.223839,On or near Cambridge North (Station),E01018273,South Cambridgeshire 007B,Bicycle theft,,
,2023-07,British Transport Police,British Transport Police,0.157672,52.223839,On or near Cambridge North (Station),E01018273,South Cambridgeshire 007B,Other theft,,
,2023-07,British Transport Police,British Transport Police,0.157672,52.223839,On or near Cambridge North (Station),E01018273,South Cambridgeshire 007B,Other theft,,
,2023-07,British Transport Police,British Transport Police,0.157672,52.223839,On or near Cambridge North (Station),E01018273,South Cambridgeshire 007B,Other theft,,
,2023-07,British Transport Police,British Transport Police,0.157672,52.223839,On or near Cambridge North (Station),E01018273,South Cambridgeshire 007B,Other theft,,
,2023-07,British Transport Police,British Transport Police,0.165558,52.103570,On or near Whittlesford (Station),E01018239,South Cambridgeshire 017B,Vehicle crime,,
,2023-07,British Transport Police,British Transport Police,0.031083,52.114112,On or near Shepreth (Station),E01018270,South Cambridgeshire 018E,Bicycle theft,,
,2023-07,British Transport Police,British Transport Police,0.639944,51.541175,On or near Leigh On Sea (Station),E01015910,Southend-on-Sea 008C,Bicycle theft,,
,2023-07,British Transport Police,British Transport Police,0.639944,51.541175,On or near Leigh On Sea (Station),E01015910,Southend-on-Sea 008C,Criminal damage and arson,,
,2023-07,British Transport Police,British Transport Police,0.639944,51.541175,On or near Leigh On Sea (Station),E01015910,Southend-on-Sea 008C,Theft from the person,,
,2023-07,British Transport Police,British Transport Police,0.639944,51.541175,On or near Leigh On Sea (Station),E01015910,Southend-on-Sea 008C,Vehicle crime,,
,2023-07,British Transport Police,British Transport Police,0.639944,51.541175,On or near Leigh On Sea (Station),E01015910,Southend-on-Sea 008C,Violence and sexual offences,,
,2023-07,British Transport Police,British Transport Police,0.670767,51.538742,On or near Chalkwell (Station),E01015848,Southend-on-Sea 011D,Bicycle theft,,
,2023-07,British Transport Police,British Transport Police,0.670767,51.538742,On or near Chalkwell (Station),E01015848,Southend-on-Sea 011D,Criminal damage and arson,,
,2023-07,British Transport Police,British Transport Police,0.670767,51.538742,On or near Chalkwell (Station),E01015848,Southend-on-Sea 011D,Criminal damage and arson,,
,2023-07,British Transport Police,British Transport Police,0.670767,51.538742,On or near Chalkwell (Station),E01015848,Southend-on-Sea 011D,Other theft,,
,2023-07,British Transport Police,British Transport Police,0.670767,51.538742,On or near Chalkwell (Station),E01015848,Southend-on-Sea 011D,Robbery,,
,2023-07,British Transport Police,British Transport Police,0.795274,51.531001,On or near Shoeburyness (Station),E01015876,Southend-on-Sea 013A,Criminal damage and arson,,
,2023-07,British Transport Police,British Transport Police,0.795274,51.531001,On or near Shoeburyness (Station),E01015876,Southend-on-Sea 013A,Public order,,
,2023-07,British Transport Police,British Transport Police,0.691422,51.537316,On or near Westcliff (Station),E01015851,Southend-on-Sea 015A,Public order,,
,2023-07,British Transport Police,British Transport Police,0.691422,51.537316,On or near Westcliff (Station),E01015851,Southend-on-Sea 015A,Violence and sexual offences,,
,2023-07,British Transport Police,British Transport Police,0.712184,51.537234,On or near Southend Central (Station),E01015852,Southend-on-Sea 015B,Bicycle theft,,
,2023-07,British Transport Police,British Transport Police,0.712184,51.537234,On or near Southend Central (Station),E01015852,Southend-on-Sea 015B,Bicycle theft,,
,2023-07,British Transport Police,British Transport Police,0.712184,51.537234,On or near Southend Central (Station),E01015852,Southend-on-Sea 015B,Criminal damage and arson,,
,2023-07,British Transport Police,British Transport Police,0.712184,51.537234,On or near Southend Central (Station),E01015852,Southend-on-Sea 015B,Public order,,
,2023-07,British Transport Police,British Transport Police,0.712184,51.537234,On or near Southend Central (Station),E01015852,Southend-on-Sea 015B,Public order,,
,2023-07,British Transport Police,British Transport Police,0.712184,51.537234,On or near Southend Central (Station),E01015852,Southend-on-Sea 015B,Robbery,,
,2023-07,British Transport Police,British Transport Police,0.712184,51.537234,On or near Southend Central (Station),E01015852,Southend-on-Sea 015B,Robbery,,
,2023-07,British Transport Police,British Transport Police,0.712184,51.537234,On or near Southend Central (Station),E01015852,Southend-on-Sea 015B,Violence and sexual offences,,
,2023-07,British Transport Police,British Transport Police,0.712184,51.537234,On or near Southend Central (Station),E01015852,Southend-on-Sea 015B,Violence and sexual offences,,
,2023-07,British Transport Police,British Transport Police,0.712184,51.537234,On or near Southend Central (Station),E01015852,Southend-on-Sea 015B,Violence and sexual offences,,
,2023-07,British Transport Police,British Transport Police,0.712184,51.537234,On or near Southend Central (Station),E01015852,Southend-on-Sea 015B,Violence and sexual offences,,
,2023-07,British Transport Police,British Transport Police,0.712184,51.537234,On or near Southend Central (Station),E01015852,Southend-on-Sea 015B,Violence and sexual offences,,
,2023-07,British Transport Police,British Transport Police,0.731301,51.538822,On or near Southend East (Station),E01015894,Southend-on-Sea 016F,Criminal damage and arson,,
,2023-07,British Transport Police,British Transport Police,-2.431829,51.542032,On or near Yate (Station),E01015019,South Gloucestershire 007A,Criminal damage and arson,,
,2023-07,British Transport Police,British Transport Police,-2.564008,51.503196,On or near Filton Abbey Wood (Station),E01014907,South Gloucestershire 018D,Public order,,
,2023-07,British Transport Police,British Transport Police,-2.546651,51.513702,On or near Bristol Parkway (Station),E01035227,South Gloucestershire 035A,Other theft,,
,2023-07,British Transport Police,British Transport Police,-2.546651,51.513702,On or near Bristol Parkway (Station),E01035227,South Gloucestershire 035A,Public order,,
,2023-07,British Transport Police,British Transport Police,-2.546651,51.513702,On or near Bristol Parkway (Station),E01035227,South Gloucestershire 035A,Public order,,
,2023-07,British Transport Police,British Transport Police,-2.546651,51.513702,On or near Bristol Parkway (Station),E01035227,South Gloucestershire 035A,Vehicle crime,,
,2023-07,British Transport Police,British Transport Police,-2.546651,51.513702,On or near Bristol Parkway (Station),E01035227,South Gloucestershire 035A,Vehicle crime,,
,2023-07,British Transport Police,British Transport Police,-3.688547,50.435738,On or near Totnes (Station),E01020180,South Hams 003A,Other theft,,
,2023-07,British Transport Police,British Transport Police,-3.688547,50.435738,On or near Totnes (Station),E01020180,South Hams 003A,Other theft,,
,2023-07,British Transport Police,British Transport Police,-3.688547,50.435738,On or near Totnes (Station),E01020180,South Hams 003A,Violence and sexual offences,,
,2023-07,British Transport Police,British Transport Police,-0.156961,52.788734,On or near Spalding (Station),E01032995,South Holland 006F,Bicycle theft,,
,2023-07,British Transport Police,British Transport Police,-0.642515,52.906668,On or near Grantham (Station),E01026317,South Kesteven 006A,Public order,,
,2023-07,British Transport Police,British Transport Police,-0.642515,52.906668,On or near Grantham (Station),E01026317,South Kesteven 006A,Public order,,
,2023-07,British Transport Police,British Transport Police,-0.642515,52.906668,On or near Grantham (Station),E01026317,South Kesteven 006A,Theft from the person,,
,2023-07,British Transport Police,British Transport Police,-0.642515,52.906668,On or near Grantham (Station),E01026317,South Kesteven 006A,Vehicle crime,,
,2023-07,British Transport Police,British Transport Police,-0.642515,52.906668,On or near Grantham (Station),E01026317,South Kesteven 006A,Other crime,,
,2023-07,British Transport Police,British Transport Police,1.117987,52.565287,On or near Wymondham (Station),E01026884,South Norfolk 007A,Theft from the person,,
,2023-07,British Transport Police,British Transport Police,-1.242505,51.610980,On or near Didcot Parkway (Station),E01028623,South Oxfordshire 010C,Bicycle theft,,
,2023-07,British Transport Police,British Transport Police,-1.242505,51.610980,On or near Didcot Parkway (Station),E01028623,South Oxfordshire 010C,Bicycle theft,,
,2023-07,British Transport Police,British Transport Police,-1.242505,51.610980,On or near Didcot Parkway (Station),E01028623,South Oxfordshire 010C,Criminal damage and arson,,
,2023-07,British Transport Police,British Transport Police,-1.242505,51.610980,On or near Didcot Parkway (Station),E01028623,South Oxfordshire 010C,Vehicle crime,,
,2023-07,British Transport Police,British Transport Police,-1.242505,51.610980,On or near Didcot Parkway (Station),E01028623,South Oxfordshire 010C,Violence and sexual offences,,
,2023-07,British Transport Police,British Transport Police,-1.158081,51.570166,On or near Cholsey (Station),E01035752,South Oxfordshire 015I,Criminal damage and arson,,
,2023-07,British Transport Police,British Transport Police,-0.900399,51.534217,On or near Henley-On-Thames (Station),E01028655,South Oxfordshire 017C,Violence and sexual offences,,
,2023-07,British Transport Police,British Transport Police,-2.524418,51.099421,On or near Castle Cary (Station),E01029168,South Somerset 002C,Public order,,
,2023-07,British Transport Police,British Transport Police,-2.611957,50.924794,On or near Yeovil Junction (Station),E01029178,South Somerset 020A,Public order,,
,2023-07,British Transport Police,British Transport Police,-2.245113,52.478654,On or near Manchester Oxford Road (Station),E01029667,South Staffordshire 013B,Public order,,
,2023-07,British Transport Police,British Transport Police,-2.245113,52.478654,On or near Manchester Oxford Road (Station),E01029667,South Staffordshire 013B,Public order,,
,2023-07,British Transport Police,British Transport Police,-2.245113,52.478654,On or near Manchester Oxford Road (Station),E01029667,South Staffordshire 013B,Public order,,
,2023-07,British Transport Police,British Transport Police,-2.245113,52.478654,On or near Manchester Oxford Road (Station),E01029667,South Staffordshire 013B,Violence and sexual offences,,
,2023-07,British Transport Police,British Transport Police,-1.460773,54.959540,On or near Brockley Whins (Metro Station),E01008603,South Tyneside 014B,Bicycle theft,,
,2023-07,British Transport Police,British Transport Police,-1.460773,54.959540,On or near Brockley Whins (Metro Station),E01008603,South Tyneside 014B,Criminal damage and arson,,
,2023-07,British Transport Police,British Transport Police,-1.485609,54.957440,On or near Fellgate (Metro Station),E01008629,South Tyneside 020C,Criminal damage and arson,,
,2023-07,British Transport Police,British Transport Police,-1.485609,54.957440,On or near Fellgate (Metro Station),E01008629,South Tyneside 020C,Criminal damage and arson,,
,2023-07,British Transport Police,British Transport Police,-1.485609,54.957440,On or near Fellgate (Metro Station),E01008629,South Tyneside 020C,Criminal damage and arson,,
,2023-07,British Transport Police,British Transport Police,-1.421276,54.946440,On or near East Boldon (Metro Station),E01008620,South Tyneside 023D,Bicycle theft,,
,2023-07,British Transport Police,British Transport Police,-0.093713,51.501267,On or near Borough (Lu Station),E01003929,Southwark 002B,Public order,,
,2023-07,British Transport Police,British Transport Police,-0.103737,51.508482,On or near Blackfriars (Station),E01003934,Southwark 002C,Other theft,,
,2023-07,British Transport Police,British Transport Police,-0.103737,51.508482,On or near Blackfriars (Station),E01003934,Southwark 002C,Other theft,,
,2023-07,British Transport Police,British Transport Police,-0.103737,51.508482,On or near Blackfriars (Station),E01003934,Southwark 002C,Other theft,,
,2023-07,British Transport Police,British Transport Police,-0.103737,51.508482,On or near Blackfriars (Station),E01003934,Southwark 002C,Public order,,
,2023-07,British Transport Police,British Transport Police,-0.103737,51.508482,On or near Blackfriars (Station),E01003934,Southwark 002C,Public order,,
,2023-07,British Transport Police,British Transport Police,-0.103737,51.508482,On or near Blackfriars (Station),E01003934,Southwark 002C,Public order,,
,2023-07,British Transport Police,British Transport Police,-0.063677,51.498068,On or near Bermondsey (Lu Station),E01004023,Southwark 004D,Theft from the person,,
,2023-07,British Transport Police,British Transport Police,-0.063677,51.498068,On or near Bermondsey (Lu Station),E01004023,Southwark 004D,Theft from the person,,
,2023-07,British Transport Police,British Transport Police,-0.063677,51.498068,On or near Bermondsey (Lu Station),E01004023,Southwark 004D,Theft from the person,,
,2023-07,British Transport Police,British Transport Police,-0.063677,51.498068,On or near Bermondsey (Lu Station),E01004023,Southwark 004D,Theft from the person,,
,2023-07,British Transport Police,British Transport Police,-0.063677,51.498068,On or near Bermondsey (Lu Station),E01004023,Southwark 004D,Violence and sexual offences,,
,2023-07,British Transport Police,British Transport Police,-0.063677,51.498068,On or near Bermondsey (Lu Station),E01004023,Southwark 004D,Violence and sexual offences,,
,2023-07,British Transport Police,British Transport Police,-0.086862,51.503372,On or near London Bridge (Station),E01003981,Southwark 006F,Other theft,,
,2023-07,British Transport Police,British Transport Police,-0.086862,51.503372,On or near London Bridge (Station),E01003981,Southwark 006F,Other theft,,
,2023-07,British Transport Police,British Transport Police,-0.086862,51.503372,On or near London Bridge (Station),E01003981,Southwark 006F,Other theft,,
,2023-07,British Transport Police,British Transport Police,-0.086862,51.503372,On or near London Bridge (Station),E01003981,Southwark 006F,Other theft,,
,2023-07,British Transport Police,British Transport Police,-0.086862,51.503372,On or near London Bridge (Station),E01003981,Southwark 006F,Other theft,,
,2023-07,British Transport Police,British Transport Police,-0.086862,51.503372,On or near London Bridge (Station),E01003981,Southwark 006F,Public order,,
,2023-07,British Transport Police,British Transport Police,-0.086862,51.503372,On or near London Bridge (Station),E01003981,Southwark 006F,Public order,,
,2023-07,British Transport Police,British Transport Police,-0.086862,51.503372,On or near London Bridge (Station),E01003981,Southwark 006F,Public order,,
,2023-07,British Transport Police,British Transport Police,-0.086862,51.503372,On or near London Bridge (Station),E01003981,Southwark 006F,Shoplifting,,
,2023-07,British Transport Police,British Transport Police,-0.086862,51.503372,On or near London Bridge (Station),E01003981,Southwark 006F,Shoplifting,,
,2023-07,British Transport Police,British Transport Police,-0.086862,51.503372,On or near London Bridge (Station),E01003981,Southwark 006F,Theft from the person,,
,2023-07,British Transport Police,British Transport Police,-0.086862,51.503372,On or near London Bridge (Station),E01003981,Southwark 006F,Violence and sexual offences,,
,2023-07,British Transport Police,British Transport Police,-0.086862,51.503372,On or near London Bridge (Station),E01003981,Southwark 006F,Violence and sexual offences,,
,2023-07,British Transport Police,British Transport Police,-0.086862,51.503372,On or near London Bridge (Station),E01003981,Southwark 006F,Violence and sexual offences,,
,2023-07,British Transport Police,British Transport Police,-0.052196,51.501079,On or near Rotherhithe (Station),E01004030,Southwark 007A,Violence and sexual offences,,
,2023-07,British Transport Police,British Transport Police,-0.049748,51.497335,On or near Canada Water (Lu Station),E01004031,Southwark 007B,Bicycle theft,,
,2023-07,British Transport Police,British Transport Police,-0.049748,51.497335,On or near Canada Water (Lu Station),E01004031,Southwark 007B,Other theft,,
,2023-07,British Transport Police,British Transport Police,-0.047929,51.493372,On or near Surrey Quays (Station),E01004031,Southwark 007B,Other theft,,
,2023-07,British Transport Police,British Transport Police,-0.047929,51.493372,On or near Surrey Quays (Station),E01004031,Southwark 007B,Public order,,
,2023-07,British Transport Police,British Transport Police,-0.049748,51.497335,On or near Canada Water (Lu Station),E01004031,Southwark 007B,Public order,,
,2023-07,British Transport Police,British Transport Police,-0.049748,51.497335,On or near Canada Water (Lu Station),E01004031,Southwark 007B,Public order,,
,2023-07,British Transport Police,British Transport Police,-0.049748,51.497335,On or near Canada Water (Lu Station),E01004031,Southwark 007B,Shoplifting,,
,2023-07,British Transport Police,British Transport Police,-0.049748,51.497335,On or near Canada Water (Lu Station),E01004031,Southwark 007B,Theft from the person,,
,2023-07,British Transport Police,British Transport Police,-0.049748,51.497335,On or near Canada Water (Lu Station),E01004031,Southwark 007B,Theft from the person,,
,2023-07,British Transport Police,British Transport Police,-0.049748,51.497335,On or near Canada Water (Lu Station),E01004031,Southwark 007B,Theft from the person,,
,2023-07,British Transport Police,British Transport Police,-0.049748,51.497335,On or near Canada Water (Lu Station),E01004031,Southwark 007B,Theft from the person,,
,2023-07,British Transport Police,British Transport Police,-0.049748,51.497335,On or near Canada Water (Lu Station),E01004031,Southwark 007B,Theft from the person,,
,2023-07,British Transport Police,British Transport Police,-0.047929,51.493372,On or near Surrey Quays (Station),E01004031,Southwark 007B,Theft from the person,,
,2023-07,British Transport Police,British Transport Police,-0.049748,51.497335,On or near Canada Water (Lu Station),E01004031,Southwark 007B,Violence and sexual offences,,
,2023-07,British Transport Police,British Transport Police,-0.047929,51.493372,On or near Surrey Quays (Station),E01004031,Southwark 007B,Violence and sexual offences,,
,2023-07,British Transport Police,British Transport Police,-0.049748,51.497335,On or near Canada Water (Lu Station),E01004031,Southwark 007B,Violence and sexual offences,,
,2023-07,British Transport Police,British Transport Police,-0.049748,51.497335,On or near Canada Water (Lu Station),E01004031,Southwark 007B,Violence and sexual offences,,
,2023-07,British Transport Police,British Transport Police,-0.049748,51.497335,On or near Canada Water (Lu Station),E01004031,Southwark 007B,Violence and sexual offences,,
,2023-07,British Transport Police,British Transport Police,-0.098678,51.494145,On or near Elephant And Castle (Station),E01033874,Southwark 009H,Public order,,
,2023-07,British Transport Police,British Transport Police,-0.098678,51.494145,On or near Elephant And Castle (Station),E01033874,Southwark 009H,Violence and sexual offences,,
,2023-07,British Transport Police,British Transport Police,-0.054605,51.488142,On or near South Bermondsey (Station),E01003986,Southwark 011A,Public order,,
,2023-07,British Transport Police,British Transport Police,-0.105493,51.488194,On or near Kennington (Lu Station),E01003998,Southwark 014D,Other theft,,
,2023-07,British Transport Police,British Transport Police,-0.105493,51.488194,On or near Kennington (Lu Station),E01003998,Southwark 014D,Other theft,,
,2023-07,British Transport Police,British Transport Police,-0.105493,51.488194,On or near Kennington (Lu Station),E01003998,Southwark 014D,Other theft,,
,2023-07,British Transport Police,British Transport Police,-0.105493,51.488194,On or near Kennington (Lu Station),E01003998,Southwark 014D,Public order,,
,2023-07,British Transport Police,British Transport Police,-0.105493,51.488194,On or near Kennington (Lu Station),E01003998,Southwark 014D,Theft from the person,,
,2023-07,British Transport Police,British Transport Police,-0.057273,51.473853,On or near Queen'S Road (Peckham) (Station),E01004005,Southwark 023D,Other theft,,
,2023-07,British Transport Police,British Transport Police,-0.069512,51.465605,On or near Peckham Rye (Station),E01004065,Southwark 025D,Bicycle theft,,
,2023-07,British Transport Police,British Transport Police,-0.069512,51.465605,On or near Peckham Rye (Station),E01004065,Southwark 025D,Bicycle theft,,
,2023-07,British Transport Police,British Transport Police,-0.069512,51.465605,On or near Peckham Rye (Station),E01004065,Southwark 025D,Bicycle theft,,
,2023-07,British Transport Police,British Transport Police,-0.069512,51.465605,On or near Peckham Rye (Station),E01004065,Southwark 025D,Criminal damage and arson,,
,2023-07,British Transport Police,British Transport Police,-0.069512,51.465605,On or near Peckham Rye (Station),E01004065,Southwark 025D,Criminal damage and arson,,
,2023-07,British Transport Police,British Transport Police,-0.069512,51.465605,On or near Peckham Rye (Station),E01004065,Southwark 025D,Other theft,,
,2023-07,British Transport Police,British Transport Police,-0.069512,51.465605,On or near Peckham Rye (Station),E01004065,Southwark 025D,Other theft,,
,2023-07,British Transport Police,British Transport Police,-0.069512,51.465605,On or near Peckham Rye (Station),E01004065,Southwark 025D,Other theft,,
,2023-07,British Transport Police,British Transport Police,-0.069512,51.465605,On or near Peckham Rye (Station),E01004065,Southwark 025D,Public order,,
,2023-07,British Transport Police,British Transport Police,-0.069512,51.465605,On or near Peckham Rye (Station),E01004065,Southwark 025D,Public order,,
,2023-07,British Transport Police,British Transport Police,-0.069512,51.465605,On or near Peckham Rye (Station),E01004065,Southwark 025D,Violence and sexual offences,,
,2023-07,British Transport Police,British Transport Police,-0.069512,51.465605,On or near Peckham Rye (Station),E01004065,Southwark 025D,Violence and sexual offences,,
,2023-07,British Transport Police,British Transport Police,-0.069512,51.465605,On or near Peckham Rye (Station),E01004065,Southwark 025D,Violence and sexual offences,,
,2023-07,British Transport Police,British Transport Police,-0.088346,51.454237,On or near North Dulwich (Station),E01004048,Southwark 027C,Robbery,,
,2023-07,British Transport Police,British Transport Police,-0.089471,51.467988,On or near Denmark Hill (Station),E01004051,Southwark 027E,Other theft,,
,2023-07,British Transport Police,British Transport Police,-0.089471,51.467988,On or near Denmark Hill (Station),E01004051,Southwark 027E,Violence and sexual offences,,
,2023-07,British Transport Police,British Transport Police,-0.091907,51.440996,On or near West Dulwich (Station),E01003951,Southwark 033E,Other theft,,
,2023-07,British Transport Police,British Transport Police,-0.091907,51.440996,On or near West Dulwich (Station),E01003951,Southwark 033E,Violence and sexual offences,,
,2023-07,British Transport Police,British Transport Police,-0.101069,51.494539,On or near Elephant And Castle (Lu Station),E01003933,Southwark 034C,Bicycle theft,,
,2023-07,British Transport Police,British Transport Police,-0.101069,51.494539,On or near Elephant And Castle (Lu Station),E01003933,Southwark 034C,Other theft,,
,2023-07,British Transport Police,British Transport Police,-0.101069,51.494539,On or near Elephant And Castle (Lu Station),E01003933,Southwark 034C,Other theft,,
,2023-07,British Transport Police,British Transport Police,-0.101069,51.494539,On or near Elephant And Castle (Lu Station),E01003933,Southwark 034C,Public order,,
,2023-07,British Transport Police,British Transport Police,-0.101069,51.494539,On or near Elephant And Castle (Lu Station),E01003933,Southwark 034C,Public order,,
,2023-07,British Transport Police,British Transport Police,-0.101069,51.494539,On or near Elephant And Castle (Lu Station),E01003933,Southwark 034C,Robbery,,
,2023-07,British Transport Police,British Transport Police,-0.101069,51.494539,On or near Elephant And Castle (Lu Station),E01003933,Southwark 034C,Robbery,,
,2023-07,British Transport Police,British Transport Police,-0.101069,51.494539,On or near Elephant And Castle (Lu Station),E01003933,Southwark 034C,Theft from the person,,
,2023-07,British Transport Police,British Transport Police,-0.101069,51.494539,On or near Elephant And Castle (Lu Station),E01003933,Southwark 034C,Theft from the person,,
,2023-07,British Transport Police,British Transport Police,-0.101069,51.494539,On or near Elephant And Castle (Lu Station),E01003933,Southwark 034C,Theft from the person,,
,2023-07,British Transport Police,British Transport Police,-0.101069,51.494539,On or near Elephant And Castle (Lu Station),E01003933,Southwark 034C,Theft from the person,,
,2023-07,British Transport Police,British Transport Police,-0.101069,51.494539,On or near Elephant And Castle (Lu Station),E01003933,Southwark 034C,Theft from the person,,
,2023-07,British Transport Police,British Transport Police,-0.101069,51.494539,On or near Elephant And Castle (Lu Station),E01003933,Southwark 034C,Theft from the person,,
,2023-07,British Transport Police,British Transport Police,-0.101069,51.494539,On or near Elephant And Castle (Lu Station),E01003933,Southwark 034C,Violence and sexual offences,,
,2023-07,British Transport Police,British Transport Police,-0.104237,51.503902,On or near Southwark (Lu Station),E01032583,Southwark 034D,Public order,,
,2023-07,British Transport Police,British Transport Police,-0.104237,51.503902,On or near Southwark (Lu Station),E01032583,Southwark 034D,Theft from the person,,
,2023-07,British Transport Police,British Transport Police,-0.104237,51.503902,On or near Southwark (Lu Station),E01032583,Southwark 034D,Theft from the person,,
,2023-07,British Transport Police,British Transport Police,-0.104237,51.503902,On or near Southwark (Lu Station),E01032583,Southwark 034D,Theft from the person,,
,2023-07,British Transport Police,British Transport Police,-0.104237,51.503902,On or near Southwark (Lu Station),E01032583,Southwark 034D,Theft from the person,,
,2023-07,British Transport Police,British Transport Police,-0.104237,51.503902,On or near Southwark (Lu Station),E01032583,Southwark 034D,Theft from the person,,
,2023-07,British Transport Police,British Transport Police,-0.104237,51.503902,On or near Southwark (Lu Station),E01032583,Southwark 034D,Theft from the person,,
,2023-07,British Transport Police,British Transport Police,-0.104237,51.503902,On or near Southwark (Lu Station),E01032583,Southwark 034D,Theft from the person,,
,2023-07,British Transport Police,British Transport Police,-0.086493,51.505587,On or near London Bridge (Lu Station),E01033884,Southwark 035A,Bicycle theft,,
,2023-07,British Transport Police,British Transport Police,-0.086493,51.505587,On or near London Bridge (Lu Station),E01033884,Southwark 035A,Criminal damage and arson,,
,2023-07,British Transport Police,British Transport Police,-0.086493,51.505587,On or near London Bridge (Lu Station),E01033884,Southwark 035A,Other theft,,
,2023-07,British Transport Police,British Transport Police,-0.086493,51.505587,On or near London Bridge (Lu Station),E01033884,Southwark 035A,Other theft,,
,2023-07,British Transport Police,British Transport Police,-0.086493,51.505587,On or near London Bridge (Lu Station),E01033884,Southwark 035A,Other theft,,
,2023-07,British Transport Police,British Transport Police,-0.086493,51.505587,On or near London Bridge (Lu Station),E01033884,Southwark 035A,Other theft,,
,2023-07,British Transport Police,British Transport Police,-0.086493,51.505587,On or near London Bridge (Lu Station),E01033884,Southwark 035A,Other theft,,
,2023-07,British Transport Police,British Transport Police,-0.086493,51.505587,On or near London Bridge (Lu Station),E01033884,Southwark 035A,Public order,,
,2023-07,British Transport Police,British Transport Police,-0.086493,51.505587,On or near London Bridge (Lu Station),E01033884,Southwark 035A,Theft from the person,,
,2023-07,British Transport Police,British Transport Police,-0.086493,51.505587,On or near London Bridge (Lu Station),E01033884,Southwark 035A,Theft from the person,,
,2023-07,British Transport Police,British Transport Police,-0.086493,51.505587,On or near London Bridge (Lu Station),E01033884,Southwark 035A,Theft from the person,,
,2023-07,British Transport Police,British Transport Police,-0.086493,51.505587,On or near London Bridge (Lu Station),E01033884,Southwark 035A,Theft from the person,,
,2023-07,British Transport Police,British Transport Police,-0.086493,51.505587,On or near London Bridge (Lu Station),E01033884,Southwark 035A,Theft from the person,,
,2023-07,British Transport Police,British Transport Police,-0.086493,51.505587,On or near London Bridge (Lu Station),E01033884,Southwark 035A,Theft from the person,,
,2023-07,British Transport Police,British Transport Police,-0.086493,51.505587,On or near London Bridge (Lu Station),E01033884,Southwark 035A,Theft from the person,,
,2023-07,British Transport Police,British Transport Police,-0.086493,51.505587,On or near London Bridge (Lu Station),E01033884,Southwark 035A,Theft from the person,,
,2023-07,British Transport Police,British Transport Police,-0.086493,51.505587,On or near London Bridge (Lu Station),E01033884,Southwark 035A,Theft from the person,,
,2023-07,British Transport Police,British Transport Police,-0.086493,51.505587,On or near London Bridge (Lu Station),E01033884,Southwark 035A,Theft from the person,,
,2023-07,British Transport Police,British Transport Police,-0.086493,51.505587,On or near London Bridge (Lu Station),E01033884,Southwark 035A,Theft from the person,,
,2023-07,British Transport Police,British Transport Police,-0.086493,51.505587,On or near London Bridge (Lu Station),E01033884,Southwark 035A,Theft from the person,,
,2023-07,British Transport Police,British Transport Police,-0.086493,51.505587,On or near London Bridge (Lu Station),E01033884,Southwark 035A,Theft from the person,,
,2023-07,British Transport Police,British Transport Police,-0.086493,51.505587,On or near London Bridge (Lu Station),E01033884,Southwark 035A,Theft from the person,,
,2023-07,British Transport Police,British Transport Police,-0.086493,51.505587,On or near London Bridge (Lu Station),E01033884,Southwark 035A,Violence and sexual offences,,
,2023-07,British Transport Police,British Transport Police,-0.086493,51.505587,On or near London Bridge (Lu Station),E01033884,Southwark 035A,Violence and sexual offences,,
,2023-07,British Transport Police,British Transport Police,-0.502758,51.432582,On or near Staines (Station),E01034292,Spelthorne 004G,Drugs,,
,2023-07,British Transport Police,British Transport Police,-0.502758,51.432582,On or near Staines (Station),E01034292,Spelthorne 004G,Other theft,,
,2023-07,British Transport Police,British Transport Police,-0.502758,51.432582,On or near Staines (Station),E01034292,Spelthorne 004G,Public order,,
,2023-07,British Transport Police,British Transport Police,-0.502758,51.432582,On or near Staines (Station),E01034292,Spelthorne 004G,Violence and sexual offences,,
,2023-07,British Transport Police,British Transport Police,-0.417726,51.418285,On or near Sunbury (Station),E01030755,Spelthorne 010C,Public order,,
,2023-07,British Transport Police,British Transport Police,-0.417726,51.418285,On or near Sunbury (Station),E01030755,Spelthorne 010C,Violence and sexual offences,,
,2023-07,British Transport Police,British Transport Police,-2.242236,52.915728,On or near Derby (Station),E01029697,Stafford 005C,Criminal damage and arson,,
,2023-07,British Transport Police,British Transport Police,-2.242236,52.915728,On or near Derby (Station),E01029697,Stafford 005C,Other theft,,
,2023-07,British Transport Police,British Transport Police,-2.242236,52.915728,On or near Derby (Station),E01029697,Stafford 005C,Other theft,,
,2023-07,British Transport Police,British Transport Police,-2.242236,52.915728,On or near Derby (Station),E01029697,Stafford 005C,Public order,,
,2023-07,British Transport Police,British Transport Police,-2.242236,52.915728,On or near Derby (Station),E01029697,Stafford 005C,Public order,,
,2023-07,British Transport Police,British Transport Police,-2.242236,52.915728,On or near Derby (Station),E01029697,Stafford 005C,Public order,,
,2023-07,British Transport Police,British Transport Police,-2.242236,52.915728,On or near Derby (Station),E01029697,Stafford 005C,Public order,,
,2023-07,British Transport Police,British Transport Police,-2.242236,52.915728,On or near Derby (Station),E01029697,Stafford 005C,Public order,,
,2023-07,British Transport Police,British Transport Police,-2.242236,52.915728,On or near Derby (Station),E01029697,Stafford 005C,Public order,,
,2023-07,British Transport Police,British Transport Police,-2.242236,52.915728,On or near Derby (Station),E01029697,Stafford 005C,Public order,,
,2023-07,British Transport Police,British Transport Police,-2.242236,52.915728,On or near Derby (Station),E01029697,Stafford 005C,Public order,,
,2023-07,British Transport Police,British Transport Police,-2.242236,52.915728,On or near Derby (Station),E01029697,Stafford 005C,Shoplifting,,
,2023-07,British Transport Police,British Transport Police,-2.242236,52.915728,On or near Derby (Station),E01029697,Stafford 005C,Violence and sexual offences,,
,2023-07,British Transport Police,British Transport Police,-2.242236,52.915728,On or near Derby (Station),E01029697,Stafford 005C,Violence and sexual offences,,
,2023-07,British Transport Police,British Transport Police,-2.242236,52.915728,On or near Derby (Station),E01029697,Stafford 005C,Violence and sexual offences,,
,2023-07,British Transport Police,British Transport Police,-2.242236,52.915728,On or near Derby (Station),E01029697,Stafford 005C,Violence and sexual offences,,
,2023-07,British Transport Police,British Transport Police,-2.242236,52.915728,On or near Derby (Station),E01029697,Stafford 005C,Violence and sexual offences,,
,2023-07,British Transport Police,British Transport Police,-2.242236,52.915728,On or near Derby (Station),E01029697,Stafford 005C,Violence and sexual offences,,
,2023-07,British Transport Police,British Transport Police,-2.242236,52.915728,On or near Derby (Station),E01029697,Stafford 005C,Violence and sexual offences,,
,2023-07,British Transport Police,British Transport Police,-2.242236,52.915728,On or near Derby (Station),E01029697,Stafford 005C,Violence and sexual offences,,
,2023-07,British Transport Police,British Transport Police,-2.242236,52.915728,On or near Derby (Station),E01029697,Stafford 005C,Violence and sexual offences,,
,2023-07,British Transport Police,British Transport Police,-2.122288,52.789689,On or near Stafford (Station),E01029727,Stafford 013D,Bicycle theft,,
,2023-07,British Transport Police,British Transport Police,-2.122288,52.789689,On or near Stafford (Station),E01029727,Stafford 013D,Criminal damage and arson,,
,2023-07,British Transport Police,British Transport Police,-2.122288,52.789689,On or near Stafford (Station),E01029727,Stafford 013D,Other theft,,
,2023-07,British Transport Police,British Transport Police,-2.122288,52.789689,On or near Stafford (Station),E01029727,Stafford 013D,Other theft,,
,2023-07,British Transport Police,British Transport Police,-2.122288,52.789689,On or near Stafford (Station),E01029727,Stafford 013D,Other theft,,
,2023-07,British Transport Police,British Transport Police,-2.122288,52.789689,On or near Stafford (Station),E01029727,Stafford 013D,Public order,,
,2023-07,British Transport Police,British Transport Police,-2.122288,52.789689,On or near Stafford (Station),E01029727,Stafford 013D,Public order,,
,2023-07,British Transport Police,British Transport Police,-2.122288,52.789689,On or near Stafford (Station),E01029727,Stafford 013D,Shoplifting,,
,2023-07,British Transport Police,British Transport Police,-2.122288,52.789689,On or near Stafford (Station),E01029727,Stafford 013D,Theft from the person,,
,2023-07,British Transport Police,British Transport Police,-2.122288,52.789689,On or near Stafford (Station),E01029727,Stafford 013D,Violence and sexual offences,,
,2023-07,British Transport Police,British Transport Police,-2.122288,52.789689,On or near Stafford (Station),E01029727,Stafford 013D,Violence and sexual offences,,
,2023-07,British Transport Police,British Transport Police,-2.122288,52.789689,On or near Stafford (Station),E01029727,Stafford 013D,Violence and sexual offences,,
,2023-07,British Transport Police,British Transport Police,-2.122288,52.789689,On or near Stafford (Station),E01029727,Stafford 013D,Violence and sexual offences,,
,2023-07,British Transport Police,British Transport Police,-2.122288,52.789689,On or near Stafford (Station),E01029727,Stafford 013D,Violence and sexual offences,,
,2023-07,British Transport Police,British Transport Police,-0.351756,51.814640,On or near Harpenden (Station),E01023701,St Albans 003C,Other theft,,
,2023-07,British Transport Police,British Transport Police,-0.351756,51.814640,On or near Harpenden (Station),E01023701,St Albans 003C,Public order,,
,2023-07,British Transport Police,British Transport Police,-0.351756,51.814640,On or near Harpenden (Station),E01023701,St Albans 003C,Public order,,
,2023-07,British Transport Police,British Transport Police,-0.351756,51.814640,On or near Harpenden (Station),E01023701,St Albans 003C,Violence and sexual offences,,
,2023-07,British Transport Police,British Transport Police,-0.327217,51.750587,On or near St  Albans City (Station),E01035566,St Albans 012E,Bicycle theft,,
,2023-07,British Transport Police,British Transport Police,-0.327217,51.750587,On or near St  Albans City (Station),E01035566,St Albans 012E,Bicycle theft,,
,2023-07,British Transport Police,British Transport Police,-0.327217,51.750587,On or near St  Albans City (Station),E01035566,St Albans 012E,Bicycle theft,,
,2023-07,British Transport Police,British Transport Police,-0.327217,51.750587,On or near St  Albans City (Station),E01035566,St Albans 012E,Bicycle theft,,
,2023-07,British Transport Police,British Transport Police,-0.327217,51.750587,On or near St  Albans City (Station),E01035566,St Albans 012E,Bicycle theft,,
,2023-07,British Transport Police,British Transport Police,-0.327217,51.750587,On or near St  Albans City (Station),E01035566,St Albans 012E,Bicycle theft,,
,2023-07,British Transport Police,British Transport Police,-0.327217,51.750587,On or near St  Albans City (Station),E01035566,St Albans 012E,Bicycle theft,,
,2023-07,British Transport Police,British Transport Police,-0.327217,51.750587,On or near St  Albans City (Station),E01035566,St Albans 012E,Bicycle theft,,
,2023-07,British Transport Police,British Transport Police,-0.327217,51.750587,On or near St  Albans City (Station),E01035566,St Albans 012E,Bicycle theft,,
,2023-07,British Transport Police,British Transport Police,-0.327217,51.750587,On or near St  Albans City (Station),E01035566,St Albans 012E,Bicycle theft,,
,2023-07,British Transport Police,British Transport Police,-0.327217,51.750587,On or near St  Albans City (Station),E01035566,St Albans 012E,Bicycle theft,,
,2023-07,British Transport Police,British Transport Police,-0.327217,51.750587,On or near St  Albans City (Station),E01035566,St Albans 012E,Bicycle theft,,
,2023-07,British Transport Police,British Transport Police,-0.327217,51.750587,On or near St  Albans City (Station),E01035566,St Albans 012E,Bicycle theft,,
,2023-07,British Transport Police,British Transport Police,-0.327217,51.750587,On or near St  Albans City (Station),E01035566,St Albans 012E,Bicycle theft,,
,2023-07,British Transport Police,British Transport Police,-0.327217,51.750587,On or near St  Albans City (Station),E01035566,St Albans 012E,Bicycle theft,,
,2023-07,British Transport Police,British Transport Police,-0.327217,51.750587,On or near St  Albans City (Station),E01035566,St Albans 012E,Burglary,,
,2023-07,British Transport Police,British Transport Police,-0.327217,51.750587,On or near St  Albans City (Station),E01035566,St Albans 012E,Possession of weapons,,
,2023-07,British Transport Police,British Transport Police,-0.327217,51.750587,On or near St  Albans City (Station),E01035566,St Albans 012E,Public order,,
,2023-07,British Transport Police,British Transport Police,-0.327217,51.750587,On or near St  Albans City (Station),E01035566,St Albans 012E,Shoplifting,,
,2023-07,British Transport Police,British Transport Police,-0.327217,51.750587,On or near St  Albans City (Station),E01035566,St Albans 012E,Shoplifting,,
,2023-07,British Transport Police,British Transport Police,-0.327217,51.750587,On or near St  Albans City (Station),E01035566,St Albans 012E,Vehicle crime,,
,2023-07,British Transport Police,British Transport Police,-0.327217,51.750587,On or near St  Albans City (Station),E01035566,St Albans 012E,Violence and sexual offences,,
,2023-07,British Transport Police,British Transport Police,-0.327217,51.750587,On or near St  Albans City (Station),E01035566,St Albans 012E,Violence and sexual offences,,
,2023-07,British Transport Police,British Transport Police,-0.327217,51.750587,On or near St  Albans City (Station),E01035566,St Albans 012E,Other crime,,
,2023-07,British Transport Police,British Transport Police,-0.207361,51.901561,On or near Stevenage (Station),E01035570,Stevenage 008E,Bicycle theft,,
,2023-07,British Transport Police,British Transport Police,-0.207361,51.901561,On or near Stevenage (Station),E01035570,Stevenage 008E,Bicycle theft,,
,2023-07,British Transport Police,British Transport Police,-0.207361,51.901561,On or near Stevenage (Station),E01035570,Stevenage 008E,Bicycle theft,,
,2023-07,British Transport Police,British Transport Police,-0.207361,51.901561,On or near Stevenage (Station),E01035570,Stevenage 008E,Criminal damage and arson,,
,2023-07,British Transport Police,British Transport Police,-0.207361,51.901561,On or near Stevenage (Station),E01035570,Stevenage 008E,Public order,,
,2023-07,British Transport Police,British Transport Police,-0.207361,51.901561,On or near Stevenage (Station),E01035570,Stevenage 008E,Public order,,
,2023-07,British Transport Police,British Transport Police,-0.207361,51.901561,On or near Stevenage (Station),E01035570,Stevenage 008E,Theft from the person,,
,2023-07,British Transport Police,British Transport Police,-0.207361,51.901561,On or near Stevenage (Station),E01035570,Stevenage 008E,Vehicle crime,,
,2023-07,British Transport Police,British Transport Police,-0.207361,51.901561,On or near Stevenage (Station),E01035570,Stevenage 008E,Violence and sexual offences,,
,2023-07,British Transport Police,British Transport Police,-2.788862,53.516912,On or near Rainford (Station),E01006887,St. Helens 001F,Bicycle theft,,
,2023-07,British Transport Police,British Transport Police,-2.637505,53.451161,On or near Earlestown (Station),E01033793,St. Helens 013D,Bicycle theft,,
,2023-07,British Transport Police,British Transport Police,-2.699991,53.433898,On or near St Helens Junction (Station),E01006844,St. Helens 020A,Violence and sexual offences,,
,2023-07,British Transport Police,British Transport Police,-2.699991,53.433898,On or near St Helens Junction (Station),E01006844,St. Helens 020A,Violence and sexual offences,,
,2023-07,British Transport Police,British Transport Police,-2.699991,53.433898,On or near St Helens Junction (Station),E01006844,St. Helens 020A,Violence and sexual offences,,
,2023-07,British Transport Police,British Transport Police,-2.699991,53.433898,On or near St Helens Junction (Station),E01006844,St. Helens 020A,Violence and sexual offences,,
,2023-07,British Transport Police,British Transport Police,-2.759226,53.436725,On or near Thatto Heath (Station),E01006903,St. Helens 024A,Public order,,
,2023-07,British Transport Police,British Transport Police,-2.725053,53.426925,On or near Lea Green (Station),E01006912,St. Helens 024E,Other theft,,
,2023-07,British Transport Police,British Transport Police,-2.110413,53.423108,On or near Bredbury (Station),E01005749,Stockport 009C,Public order,,
,2023-07,British Transport Police,British Transport Police,-2.164028,53.405115,On or near Stockport (Station),E01005822,Stockport 016D,Criminal damage and arson,,
,2023-07,British Transport Police,British Transport Police,-2.164028,53.405115,On or near Stockport (Station),E01005822,Stockport 016D,Criminal damage and arson,,
,2023-07,British Transport Police,British Transport Police,-2.164028,53.405115,On or near Stockport (Station),E01005822,Stockport 016D,Drugs,,
,2023-07,British Transport Police,British Transport Police,-2.164028,53.405115,On or near Stockport (Station),E01005822,Stockport 016D,Other theft,,
,2023-07,British Transport Police,British Transport Police,-2.164028,53.405115,On or near Stockport (Station),E01005822,Stockport 016D,Public order,,
,2023-07,British Transport Police,British Transport Police,-2.164028,53.405115,On or near Stockport (Station),E01005822,Stockport 016D,Public order,,
,2023-07,British Transport Police,British Transport Police,-2.164028,53.405115,On or near Stockport (Station),E01005822,Stockport 016D,Public order,,
,2023-07,British Transport Police,British Transport Police,-2.164028,53.405115,On or near Stockport (Station),E01005822,Stockport 016D,Public order,,
,2023-07,British Transport Police,British Transport Police,-2.164028,53.405115,On or near Stockport (Station),E01005822,Stockport 016D,Violence and sexual offences,,
,2023-07,British Transport Police,British Transport Police,-2.164028,53.405115,On or near Stockport (Station),E01005822,Stockport 016D,Violence and sexual offences,,
,2023-07,British Transport Police,British Transport Police,-2.164028,53.405115,On or near Stockport (Station),E01005822,Stockport 016D,Violence and sexual offences,,
,2023-07,British Transport Police,British Transport Police,-2.164028,53.405115,On or near Stockport (Station),E01005822,Stockport 016D,Violence and sexual offences,,
,2023-07,British Transport Police,British Transport Police,-2.231304,53.391978,On or near Gatley (Station),E01005768,Stockport 025A,Bicycle theft,,
,2023-07,British Transport Police,British Transport Police,-2.123073,53.377331,On or near Hazel Grove (Station),E01005838,Stockport 031C,Criminal damage and arson,,
,2023-07,British Transport Police,British Transport Police,-2.123073,53.377331,On or near Hazel Grove (Station),E01005838,Stockport 031C,Criminal damage and arson,,
,2023-07,British Transport Police,British Transport Police,-2.123073,53.377331,On or near Hazel Grove (Station),E01005838,Stockport 031C,Criminal damage and arson,,
,2023-07,British Transport Police,British Transport Police,-2.123073,53.377331,On or near Hazel Grove (Station),E01005838,Stockport 031C,Criminal damage and arson,,
,2023-07,British Transport Police,British Transport Police,-2.236818,53.369415,On or near Heald Green (Station),E01005849,Stockport 036C,Criminal damage and arson,,
,2023-07,British Transport Police,British Transport Police,-2.188318,53.375927,On or near Cheadle Hulme (Station),E01005789,Stockport 039A,Bicycle theft,,
,2023-07,British Transport Police,British Transport Police,-2.188318,53.375927,On or near Cheadle Hulme (Station),E01005789,Stockport 039A,Drugs,,
,2023-07,British Transport Police,British Transport Police,-1.302842,54.558810,On or near Thornaby (Station),E01012287,Stockton-on-Tees 017B,Other theft,,
,2023-07,British Transport Police,British Transport Police,-1.302842,54.558810,On or near Thornaby (Station),E01012287,Stockton-on-Tees 017B,Other theft,,
,2023-07,British Transport Police,British Transport Police,-1.302842,54.558810,On or near Thornaby (Station),E01012287,Stockton-on-Tees 017B,Public order,,
,2023-07,British Transport Police,British Transport Police,-1.350627,54.528475,On or near Eaglescliffe (Station),E01012203,Stockton-on-Tees 021E,Criminal damage and arson,,
,2023-07,British Transport Police,British Transport Police,-1.350627,54.528475,On or near Eaglescliffe (Station),E01012203,Stockton-on-Tees 021E,Criminal damage and arson,,
,2023-07,British Transport Police,British Transport Police,-2.180659,53.008306,On or near Stoke-On-Trent (Station),E01014284,Stoke-on-Trent 016F,Bicycle theft,,
,2023-07,British Transport Police,British Transport Police,-2.180659,53.008306,On or near Stoke-On-Trent (Station),E01014284,Stoke-on-Trent 016F,Drugs,,
,2023-07,British Transport Police,British Transport Police,-2.180659,53.008306,On or near Stoke-On-Trent (Station),E01014284,Stoke-on-Trent 016F,Other theft,,
,2023-07,British Transport Police,British Transport Police,-2.180659,53.008306,On or near Stoke-On-Trent (Station),E01014284,Stoke-on-Trent 016F,Other theft,,
,2023-07,British Transport Police,British Transport Police,-2.180659,53.008306,On or near Stoke-On-Trent (Station),E01014284,Stoke-on-Trent 016F,Other theft,,
,2023-07,British Transport Police,British Transport Police,-2.180659,53.008306,On or near Stoke-On-Trent (Station),E01014284,Stoke-on-Trent 016F,Other theft,,
,2023-07,British Transport Police,British Transport Police,-2.180659,53.008306,On or near Stoke-On-Trent (Station),E01014284,Stoke-on-Trent 016F,Public order,,
,2023-07,British Transport Police,British Transport Police,-2.180659,53.008306,On or near Stoke-On-Trent (Station),E01014284,Stoke-on-Trent 016F,Public order,,
,2023-07,British Transport Police,British Transport Police,-2.180659,53.008306,On or near Stoke-On-Trent (Station),E01014284,Stoke-on-Trent 016F,Public order,,
,2023-07,British Transport Police,British Transport Police,-2.180659,53.008306,On or near Stoke-On-Trent (Station),E01014284,Stoke-on-Trent 016F,Violence and sexual offences,,
,2023-07,British Transport Police,British Transport Police,-2.180659,53.008306,On or near Stoke-On-Trent (Station),E01014284,Stoke-on-Trent 016F,Violence and sexual offences,,
,2023-07,British Transport Police,British Transport Police,-1.716118,52.194314,On or near Stratford-Upon-Avon (Station),E01031229,Stratford-on-Avon 009B,Violence and sexual offences,,
,2023-07,British Transport Police,British Transport Police,-2.218976,51.744487,On or near Stroud (Station),E01034804,Stroud 006G,Other theft,,
,2023-07,British Transport Police,British Transport Police,-2.218976,51.744487,On or near Stroud (Station),E01034804,Stroud 006G,Other theft,,
,2023-07,British Transport Police,British Transport Police,-2.218976,51.744487,On or near Stroud (Station),E01034804,Stroud 006G,Other theft,,
,2023-07,British Transport Police,British Transport Police,-2.218976,51.744487,On or near Stroud (Station),E01034804,Stroud 006G,Violence and sexual offences,,
,2023-07,British Transport Police,British Transport Police,-2.218976,51.744487,On or near Stroud (Station),E01034804,Stroud 006G,Violence and sexual offences,,
,2023-07,British Transport Police,British Transport Police,-1.386325,54.929146,On or near Seaburn (Metro Station),E01008713,Sunderland 001A,Violence and sexual offences,,
,2023-07,British Transport Police,British Transport Police,-1.386325,54.929146,On or near Seaburn (Metro Station),E01008713,Sunderland 001A,Violence and sexual offences,,
,2023-07,British Transport Police,British Transport Police,-1.400892,54.906911,On or near Millfield (Metro Station),E01008706,Sunderland 011C,Criminal damage and arson,,
,2023-07,British Transport Police,British Transport Police,-1.382148,54.905610,On or near Sunderland (Station),E01008703,Sunderland 013B,Other theft,,
,2023-07,British Transport Police,British Transport Police,-1.382148,54.905610,On or near Sunderland (Station),E01008703,Sunderland 013B,Violence and sexual offences,,
,2023-07,British Transport Police,British Transport Police,-1.384713,54.902311,On or near Park Lane (Metro Station),E01008831,Sunderland 013D,Drugs,,
,2023-07,British Transport Police,British Transport Police,-1.384713,54.902311,On or near Park Lane (Metro Station),E01008831,Sunderland 013D,Public order,,
,2023-07,British Transport Police,British Transport Police,-1.384713,54.902311,On or near Park Lane (Metro Station),E01008831,Sunderland 013D,Violence and sexual offences,,
,2023-07,British Transport Police,British Transport Police,-0.746963,51.311843,On or near Frimley (Station),E01030766,Surrey Heath 010A,Other crime,,
,2023-07,British Transport Police,British Transport Police,-0.153872,51.378031,On or near Hackbridge (Station),E01034153,Sutton 004F,Bicycle theft,,
,2023-07,British Transport Police,British Transport Police,-0.153872,51.378031,On or near Hackbridge (Station),E01034153,Sutton 004F,Other theft,,
,2023-07,British Transport Police,British Transport Police,-0.190647,51.359929,On or near Sutton (Surrey) (Station),E01034156,Sutton 012G,Robbery,,
,2023-07,British Transport Police,British Transport Police,-0.190647,51.359929,On or near Sutton (Surrey) (Station),E01034156,Sutton 012G,Vehicle crime,,
,2023-07,British Transport Police,British Transport Police,-0.190647,51.359929,On or near Sutton (Surrey) (Station),E01034156,Sutton 012G,Violence and sexual offences,,
,2023-07,British Transport Police,British Transport Police,-0.190647,51.359929,On or near Sutton (Surrey) (Station),E01034156,Sutton 012G,Violence and sexual offences,,
,2023-07,British Transport Police,British Transport Police,-0.166281,51.368487,On or near Carshalton (Station),E01004099,Sutton 015C,Violence and sexual offences,,
,2023-07,British Transport Police,British Transport Police,-0.214267,51.355516,On or near Cheam (Station),E01004110,Sutton 016A,Violence and sexual offences,,
,2023-07,British Transport Police,British Transport Police,0.758184,51.440754,On or near Sheerness-On-Sea (Station),E01024613,Swale 002A,Other theft,,
,2023-07,British Transport Police,British Transport Police,0.758184,51.440754,On or near Sheerness-On-Sea (Station),E01024613,Swale 002A,Public order,,
,2023-07,British Transport Police,British Transport Police,0.749658,51.415736,On or near Queenborough (Station),E01024596,Swale 005B,Criminal damage and arson,,
,2023-07,British Transport Police,British Transport Police,0.749658,51.415736,On or near Queenborough (Station),E01024596,Swale 005B,Criminal damage and arson,,
,2023-07,British Transport Police,British Transport Police,0.749658,51.415736,On or near Queenborough (Station),E01024596,Swale 005B,Public order,,
,2023-07,British Transport Police,British Transport Police,0.668284,51.353348,On or near Newington (Station),E01024571,Swale 008B,Criminal damage and arson,,
,2023-07,British Transport Police,British Transport Police,0.668284,51.353348,On or near Newington (Station),E01024571,Swale 008B,Criminal damage and arson,,
,2023-07,British Transport Police,British Transport Police,0.734938,51.342132,On or near Sittingbourne (Station),E01024561,Swale 009B,Bicycle theft,,
,2023-07,British Transport Police,British Transport Police,0.734938,51.342132,On or near Sittingbourne (Station),E01024561,Swale 009B,Bicycle theft,,
,2023-07,British Transport Police,British Transport Police,0.734938,51.342132,On or near Sittingbourne (Station),E01024561,Swale 009B,Criminal damage and arson,,
,2023-07,British Transport Police,British Transport Police,0.734938,51.342132,On or near Sittingbourne (Station),E01024561,Swale 009B,Possession of weapons,,
,2023-07,British Transport Police,British Transport Police,0.734938,51.342132,On or near Sittingbourne (Station),E01024561,Swale 009B,Public order,,
,2023-07,British Transport Police,British Transport Police,0.734938,51.342132,On or near Sittingbourne (Station),E01024561,Swale 009B,Public order,,
,2023-07,British Transport Police,British Transport Police,0.734938,51.342132,On or near Sittingbourne (Station),E01024561,Swale 009B,Public order,,
,2023-07,British Transport Police,British Transport Police,0.734938,51.342132,On or near Sittingbourne (Station),E01024561,Swale 009B,Public order,,
,2023-07,British Transport Police,British Transport Police,0.734938,51.342132,On or near Sittingbourne (Station),E01024561,Swale 009B,Public order,,
,2023-07,British Transport Police,British Transport Police,0.734938,51.342132,On or near Sittingbourne (Station),E01024561,Swale 009B,Theft from the person,,
,2023-07,British Transport Police,British Transport Police,0.734938,51.342132,On or near Sittingbourne (Station),E01024561,Swale 009B,Vehicle crime,,
,2023-07,British Transport Police,British Transport Police,0.734938,51.342132,On or near Sittingbourne (Station),E01024561,Swale 009B,Violence and sexual offences,,
,2023-07,British Transport Police,British Transport Police,0.734938,51.342132,On or near Sittingbourne (Station),E01024561,Swale 009B,Violence and sexual offences,,
,2023-07,British Transport Police,British Transport Police,0.734938,51.342132,On or near Sittingbourne (Station),E01024561,Swale 009B,Violence and sexual offences,,
,2023-07,British Transport Police,British Transport Police,0.734938,51.342132,On or near Sittingbourne (Station),E01024561,Swale 009B,Violence and sexual offences,,
,2023-07,British Transport Police,British Transport Police,0.734938,51.342132,On or near Sittingbourne (Station),E01024561,Swale 009B,Violence and sexual offences,,
,2023-07,British Transport Police,British Transport Police,0.734938,51.342132,On or near Sittingbourne (Station),E01024561,Swale 009B,Violence and sexual offences,,
,2023-07,British Transport Police,British Transport Police,0.890466,51.311473,On or near Faversham (Station),E01024625,Swale 015F,Bicycle theft,,
,2023-07,British Transport Police,British Transport Police,0.890466,51.311473,On or near Faversham (Station),E01024625,Swale 015F,Criminal damage and arson,,
,2023-07,British Transport Police,British Transport Police,0.890466,51.311473,On or near Faversham (Station),E01024625,Swale 015F,Other theft,,
,2023-07,British Transport Police,British Transport Police,0.890466,51.311473,On or near Faversham (Station),E01024625,Swale 015F,Public order,,
,2023-07,British Transport Police,British Transport Police,0.890466,51.311473,On or near Faversham (Station),E01024625,Swale 015F,Vehicle crime,,
,2023-07,British Transport Police,British Transport Police,0.890466,51.311473,On or near Faversham (Station),E01024625,Swale 015F,Violence and sexual offences,,
,2023-07,British Transport Police,British Transport Police,0.890466,51.311473,On or near Faversham (Station),E01024625,Swale 015F,Violence and sexual offences,,
,2023-07,British Transport Police,British Transport Police,0.890466,51.311473,On or near Faversham (Station),E01024625,Swale 015F,Violence and sexual offences,,
,2023-07,British Transport Police,British Transport Police,0.941089,51.277402,On or near Selling (Station),E01024555,Swale 017A,Criminal damage and arson,,
,2023-07,British Transport Police,British Transport Police,0.941089,51.277402,On or near Selling (Station),E01024555,Swale 017A,Criminal damage and arson,,
,2023-07,British Transport Police,British Transport Police,-4.035064,51.648749,On or near Gowerton (Station),W01000777,Swansea 012B,Violence and sexual offences,,
,2023-07,British Transport Police,British Transport Police,-3.941044,51.625224,On or near Swansea (Station),W01001955,Swansea 025F,Drugs,,
,2023-07,British Transport Police,British Transport Police,-3.941044,51.625224,On or near Swansea (Station),W01001955,Swansea 025F,Other theft,,
,2023-07,British Transport Police,British Transport Police,-3.941044,51.625224,On or near Swansea (Station),W01001955,Swansea 025F,Other theft,,
,2023-07,British Transport Police,British Transport Police,-3.941044,51.625224,On or near Swansea (Station),W01001955,Swansea 025F,Other theft,,
,2023-07,British Transport Police,British Transport Police,-3.941044,51.625224,On or near Swansea (Station),W01001955,Swansea 025F,Public order,,
,2023-07,British Transport Police,British Transport Police,-3.941044,51.625224,On or near Swansea (Station),W01001955,Swansea 025F,Public order,,
,2023-07,British Transport Police,British Transport Police,-3.941044,51.625224,On or near Swansea (Station),W01001955,Swansea 025F,Public order,,
,2023-07,British Transport Police,British Transport Police,-3.941044,51.625224,On or near Swansea (Station),W01001955,Swansea 025F,Public order,,
,2023-07,British Transport Police,British Transport Police,-3.941044,51.625224,On or near Swansea (Station),W01001955,Swansea 025F,Public order,,
,2023-07,British Transport Police,British Transport Police,-3.941044,51.625224,On or near Swansea (Station),W01001955,Swansea 025F,Theft from the person,,
,2023-07,British Transport Police,British Transport Police,-1.785640,51.563880,On or near Swindon (Station),E01033845,Swindon 015E,Drugs,,
,2023-07,British Transport Police,British Transport Police,-1.785640,51.563880,On or near Swindon (Station),E01033845,Swindon 015E,Violence and sexual offences,,
,2023-07,British Transport Police,British Transport Police,-1.785640,51.563880,On or near Swindon (Station),E01033845,Swindon 015E,Violence and sexual offences,,
,2023-07,British Transport Police,British Transport Police,-1.773920,51.504610,On or near Shipley (Station),E01033850,Swindon 025H,Drugs,,
,2023-07,British Transport Police,British Transport Police,-1.773920,51.504610,On or near Shipley (Station),E01033850,Swindon 025H,Other theft,,
,2023-07,British Transport Police,British Transport Police,-1.773920,51.504610,On or near Shipley (Station),E01033850,Swindon 025H,Other theft,,
,2023-07,British Transport Police,British Transport Police,-1.773920,51.504610,On or near Shipley (Station),E01033850,Swindon 025H,Other theft,,
,2023-07,British Transport Police,British Transport Police,-1.773920,51.504610,On or near Shipley (Station),E01033850,Swindon 025H,Possession of weapons,,
,2023-07,British Transport Police,British Transport Police,-1.773920,51.504610,On or near Shipley (Station),E01033850,Swindon 025H,Public order,,
,2023-07,British Transport Police,British Transport Police,-1.773920,51.504610,On or near Shipley (Station),E01033850,Swindon 025H,Public order,,
,2023-07,British Transport Police,British Transport Police,-1.773920,51.504610,On or near Shipley (Station),E01033850,Swindon 025H,Shoplifting,,
,2023-07,British Transport Police,British Transport Police,-1.773920,51.504610,On or near Shipley (Station),E01033850,Swindon 025H,Shoplifting,,
,2023-07,British Transport Police,British Transport Police,-1.773920,51.504610,On or near Shipley (Station),E01033850,Swindon 025H,Shoplifting,,
,2023-07,British Transport Police,British Transport Police,-1.773920,51.504610,On or near Shipley (Station),E01033850,Swindon 025H,Shoplifting,,
,2023-07,British Transport Police,British Transport Police,-1.773920,51.504610,On or near Shipley (Station),E01033850,Swindon 025H,Theft from the person,,
,2023-07,British Transport Police,British Transport Police,-1.773920,51.504610,On or near Shipley (Station),E01033850,Swindon 025H,Violence and sexual offences,,
,2023-07,British Transport Police,British Transport Police,-1.773920,51.504610,On or near Shipley (Station),E01033850,Swindon 025H,Violence and sexual offences,,
,2023-07,British Transport Police,British Transport Police,-1.773920,51.504610,On or near Shipley (Station),E01033850,Swindon 025H,Violence and sexual offences,,
,2023-07,British Transport Police,British Transport Police,-1.773920,51.504610,On or near Shipley (Station),E01033850,Swindon 025H,Violence and sexual offences,,
,2023-07,British Transport Police,British Transport Police,-1.773920,51.504610,On or near Shipley (Station),E01033850,Swindon 025H,Violence and sexual offences,,
,2023-07,British Transport Police,British Transport Police,-1.773920,51.504610,On or near Shipley (Station),E01033850,Swindon 025H,Other crime,,
,2023-07,British Transport Police,British Transport Police,-2.041358,53.514824,On or near Mossley (Greater Manchester) (Station),E01006058,Tameside 001E,Violence and sexual offences,,
,2023-07,British Transport Police,British Transport Police,-2.064051,53.483840,On or near Stalybridge (Station),E01006023,Tameside 015B,Criminal damage and arson,,
,2023-07,British Transport Police,British Transport Police,-2.064051,53.483840,On or near Stalybridge (Station),E01006023,Tameside 015B,Criminal damage and arson,,
,2023-07,British Transport Police,British Transport Police,-2.064051,53.483840,On or near Stalybridge (Station),E01006023,Tameside 015B,Other theft,,
,2023-07,British Transport Police,British Transport Police,-2.064051,53.483840,On or near Stalybridge (Station),E01006023,Tameside 015B,Other theft,,
,2023-07,British Transport Police,British Transport Police,-2.040536,53.445246,On or near Hattersley (Station),E01006024,Tameside 022A,Violence and sexual offences,,
,2023-07,British Transport Police,British Transport Police,-1.687352,52.637304,On or near Tamworth (Station),E01029851,Tamworth 002E,Other theft,,
,2023-07,British Transport Police,British Transport Police,-1.687352,52.637304,On or near Tamworth (Station),E01029851,Tamworth 002E,Other theft,,
,2023-07,British Transport Police,British Transport Police,-1.687352,52.637304,On or near Tamworth (Station),E01029851,Tamworth 002E,Vehicle crime,,
,2023-07,British Transport Police,British Transport Police,-1.687352,52.637304,On or near Tamworth (Station),E01029851,Tamworth 002E,Violence and sexual offences,,
,2023-07,British Transport Police,British Transport Police,-0.081171,51.309769,On or near Whyteleafe (Station),E01035363,Tandridge 002E,Other theft,,
,2023-07,British Transport Police,British Transport Police,-0.078307,51.282141,On or near Caterham (Station),E01030850,Tandridge 004D,Violence and sexual offences,,
,2023-07,British Transport Police,British Transport Police,-0.004834,51.256954,On or near Oxted (Station),E01030836,Tandridge 006C,Criminal damage and arson,,
,2023-07,British Transport Police,British Transport Police,-0.004834,51.256954,On or near Oxted (Station),E01030836,Tandridge 006C,Violence and sexual offences,,
,2023-07,British Transport Police,British Transport Police,-0.004834,51.256954,On or near Oxted (Station),E01030836,Tandridge 006C,Violence and sexual offences,,
,2023-07,British Transport Police,British Transport Police,-0.007165,51.176806,On or near Lingfield (Station),E01030821,Tandridge 010A,Public order,,
,2023-07,British Transport Police,British Transport Police,-3.464621,50.580676,On or near Dawlish (Station),E01020228,Teignbridge 006A,Other theft,,
,2023-07,British Transport Police,British Transport Police,-3.464621,50.580676,On or near Dawlish (Station),E01020228,Teignbridge 006A,Violence and sexual offences,,
,2023-07,British Transport Police,British Transport Police,-3.522678,50.548303,On or near St James Park (Exeter) (Station),E01020201,Teignbridge 011B,Theft from the person,,
,2023-07,British Transport Police,British Transport Police,-3.599604,50.529390,On or near Newton Abbot (Station),E01020217,Teignbridge 014B,Public order,,
,2023-07,British Transport Police,British Transport Police,-3.599604,50.529390,On or near Newton Abbot (Station),E01020217,Teignbridge 014B,Vehicle crime,,
,2023-07,British Transport Police,British Transport Police,-2.442758,52.680885,On or near Telford Central (Station),E01014157,Telford and Wrekin 024C,Public order,,
,2023-07,British Transport Police,British Transport Police,-2.442758,52.680885,On or near Telford Central (Station),E01014157,Telford and Wrekin 024C,Violence and sexual offences,,
,2023-07,British Transport Police,British Transport Police,1.286708,51.944306,On or near Harwich Town (Station),E01021997,Tendring 001A,Violence and sexual offences,,
,2023-07,British Transport Police,British Transport Police,1.286708,51.944306,On or near Harwich Town (Station),E01021997,Tendring 001A,Violence and sexual offences,,
,2023-07,British Transport Police,British Transport Police,1.280524,51.938740,On or near Dovercourt (Station),E01022001,Tendring 001D,Violence and sexual offences,,
,2023-07,British Transport Police,British Transport Police,1.045272,51.949095,On or near Manningtree (Station),E01022013,Tendring 003B,Bicycle theft,,
,2023-07,British Transport Police,British Transport Police,1.045272,51.949095,On or near Manningtree (Station),E01022013,Tendring 003B,Other theft,,
,2023-07,British Transport Police,British Transport Police,1.045272,51.949095,On or near Manningtree (Station),E01022013,Tendring 003B,Vehicle crime,,
,2023-07,British Transport Police,British Transport Police,1.161138,51.847822,On or near Thorpe-Le-Soken (Station),E01021974,Tendring 007B,Criminal damage and arson,,
,2023-07,British Transport Police,British Transport Police,1.161138,51.847822,On or near Thorpe-Le-Soken (Station),E01021974,Tendring 007B,Other theft,,
,2023-07,British Transport Police,British Transport Police,1.161138,51.847822,On or near Thorpe-Le-Soken (Station),E01021974,Tendring 007B,Public order,,
,2023-07,British Transport Police,British Transport Police,1.161138,51.847822,On or near Thorpe-Le-Soken (Station),E01021974,Tendring 007B,Public order,,
,2023-07,British Transport Police,British Transport Police,1.161138,51.847822,On or near Thorpe-Le-Soken (Station),E01021974,Tendring 007B,Other crime,,
,2023-07,British Transport Police,British Transport Police,1.153571,51.793809,On or near Clacton On Sea (Station),E01022027,Tendring 016D,Criminal damage and arson,,
,2023-07,British Transport Police,British Transport Police,1.153571,51.793809,On or near Clacton On Sea (Station),E01022027,Tendring 016D,Other theft,,
,2023-07,British Transport Police,British Transport Police,1.153571,51.793809,On or near Clacton On Sea (Station),E01022027,Tendring 016D,Public order,,
,2023-07,British Transport Police,British Transport Police,1.153571,51.793809,On or near Clacton On Sea (Station),E01022027,Tendring 016D,Shoplifting,,
,2023-07,British Transport Police,British Transport Police,1.153571,51.793809,On or near Clacton On Sea (Station),E01022027,Tendring 016D,Shoplifting,,
,2023-07,British Transport Police,British Transport Police,1.153571,51.793809,On or near Clacton On Sea (Station),E01022027,Tendring 016D,Violence and sexual offences,,
,2023-07,British Transport Police,British Transport Police,1.153571,51.793809,On or near Clacton On Sea (Station),E01022027,Tendring 016D,Violence and sexual offences,,
,2023-07,British Transport Police,British Transport Police,1.153571,51.793809,On or near Clacton On Sea (Station),E01022027,Tendring 016D,Violence and sexual offences,,
,2023-07,British Transport Police,British Transport Police,-1.463089,51.288223,On or near Worplesdon (Station),E01023165,Test Valley 001A,Criminal damage and arson,,
,2023-07,British Transport Police,British Transport Police,-1.463089,51.288223,On or near Worplesdon (Station),E01023165,Test Valley 001A,Criminal damage and arson,,
,2023-07,British Transport Police,British Transport Police,-1.492490,51.211565,On or near Andover (Station),E01023190,Test Valley 004C,Criminal damage and arson,,
,2023-07,British Transport Police,British Transport Police,-1.492490,51.211565,On or near Andover (Station),E01023190,Test Valley 004C,Public order,,
,2023-07,British Transport Police,British Transport Police,-1.492490,51.211565,On or near Andover (Station),E01023190,Test Valley 004C,Violence and sexual offences,,
,2023-07,British Transport Police,British Transport Police,-1.546459,51.033706,On or near Mottisfont & Dunbridge (Station),E01023177,Test Valley 009C,Criminal damage and arson,,
,2023-07,British Transport Police,British Transport Police,-1.493313,50.992618,On or near Romsey (Station),E01023150,Test Valley 011A,Bicycle theft,,
,2023-07,British Transport Police,British Transport Police,-1.493313,50.992618,On or near Romsey (Station),E01023150,Test Valley 011A,Bicycle theft,,
,2023-07,British Transport Police,British Transport Police,1.372100,51.385372,On or near Margate (Station),E01024710,Thanet 003E,Drugs,,
,2023-07,British Transport Police,British Transport Police,1.372100,51.385372,On or near Margate (Station),E01024710,Thanet 003E,Drugs,,
,2023-07,British Transport Police,British Transport Police,1.372100,51.385372,On or near Margate (Station),E01024710,Thanet 003E,Drugs,,
,2023-07,British Transport Police,British Transport Police,1.372100,51.385372,On or near Margate (Station),E01024710,Thanet 003E,Possession of weapons,,
,2023-07,British Transport Police,British Transport Police,1.372100,51.385372,On or near Margate (Station),E01024710,Thanet 003E,Public order,,
,2023-07,British Transport Police,British Transport Police,1.372100,51.385372,On or near Margate (Station),E01024710,Thanet 003E,Public order,,
,2023-07,British Transport Police,British Transport Police,1.372100,51.385372,On or near Margate (Station),E01024710,Thanet 003E,Public order,,
,2023-07,British Transport Police,British Transport Police,1.372100,51.385372,On or near Margate (Station),E01024710,Thanet 003E,Violence and sexual offences,,
,2023-07,British Transport Police,British Transport Police,1.372100,51.385372,On or near Margate (Station),E01024710,Thanet 003E,Violence and sexual offences,,
,2023-07,British Transport Police,British Transport Police,1.372100,51.385372,On or near Margate (Station),E01024710,Thanet 003E,Violence and sexual offences,,
,2023-07,British Transport Police,British Transport Police,1.338110,51.381343,On or near Westgate-On-Sea (Station),E01024715,Thanet 007D,Criminal damage and arson,,
,2023-07,British Transport Police,British Transport Police,1.338110,51.381343,On or near Westgate-On-Sea (Station),E01024715,Thanet 007D,Public order,,
,2023-07,British Transport Police,British Transport Police,1.301303,51.377423,On or near Birchington On Sea (Station),E01024639,Thanet 008D,Criminal damage and arson,,
,2023-07,British Transport Police,British Transport Police,1.301303,51.377423,On or near Birchington On Sea (Station),E01024639,Thanet 008D,Other theft,,
,2023-07,British Transport Police,British Transport Police,1.433617,51.360664,On or near Broadstairs (Station),E01024643,Thanet 010A,Other crime,,
,2023-07,British Transport Police,British Transport Police,1.406135,51.340976,On or near Ramsgate (Station),E01024645,Thanet 015A,Bicycle theft,,
,2023-07,British Transport Police,British Transport Police,1.406135,51.340976,On or near Ramsgate (Station),E01024645,Thanet 015A,Bicycle theft,,
,2023-07,British Transport Police,British Transport Police,1.406135,51.340976,On or near Ramsgate (Station),E01024645,Thanet 015A,Criminal damage and arson,,
,2023-07,British Transport Police,British Transport Police,1.406135,51.340976,On or near Ramsgate (Station),E01024645,Thanet 015A,Other theft,,
,2023-07,British Transport Police,British Transport Police,1.406135,51.340976,On or near Ramsgate (Station),E01024645,Thanet 015A,Other theft,,
,2023-07,British Transport Police,British Transport Police,1.406135,51.340976,On or near Ramsgate (Station),E01024645,Thanet 015A,Other theft,,
,2023-07,British Transport Police,British Transport Police,1.406135,51.340976,On or near Ramsgate (Station),E01024645,Thanet 015A,Public order,,
,2023-07,British Transport Police,British Transport Police,1.406135,51.340976,On or near Ramsgate (Station),E01024645,Thanet 015A,Public order,,
,2023-07,British Transport Police,British Transport Police,1.406135,51.340976,On or near Ramsgate (Station),E01024645,Thanet 015A,Public order,,
,2023-07,British Transport Police,British Transport Police,1.406135,51.340976,On or near Ramsgate (Station),E01024645,Thanet 015A,Violence and sexual offences,,
,2023-07,British Transport Police,British Transport Police,1.406135,51.340976,On or near Ramsgate (Station),E01024645,Thanet 015A,Violence and sexual offences,,
,2023-07,British Transport Police,British Transport Police,-0.438250,51.706636,On or near King'S Langley (Station),E01035601,Three Rivers 001G,Theft from the person,,
,2023-07,British Transport Police,British Transport Police,-0.441730,51.647115,On or near Croxley (Lu Station),E01023821,Three Rivers 006C,Bicycle theft,,
,2023-07,British Transport Police,British Transport Police,-0.477439,51.640277,On or near Rickmansworth (Lu Station),E01023852,Three Rivers 007D,Bicycle theft,,
,2023-07,British Transport Police,British Transport Police,-0.477439,51.640277,On or near Rickmansworth (Lu Station),E01023852,Three Rivers 007D,Bicycle theft,,
,2023-07,British Transport Police,British Transport Police,-0.477439,51.640277,On or near Rickmansworth (Lu Station),E01023852,Three Rivers 007D,Criminal damage and arson,,
,2023-07,British Transport Police,British Transport Police,-0.385512,51.627751,On or near Carpenders Park (Station),E01023805,Three Rivers 010A,Theft from the person,,
,2023-07,British Transport Police,British Transport Police,-0.385512,51.627751,On or near Carpenders Park (Station),E01023805,Three Rivers 010A,Violence and sexual offences,,
,2023-07,British Transport Police,British Transport Police,-0.432631,51.629820,On or near Moor Park (Lu Station),E01023841,Three Rivers 011C,Violence and sexual offences,,
,2023-07,British Transport Police,British Transport Police,0.423077,51.514529,On or near Stanford-Le-Hope (Station),E01015989,Thurrock 005A,Bicycle theft,,
,2023-07,British Transport Police,British Transport Police,0.423077,51.514529,On or near Stanford-Le-Hope (Station),E01015989,Thurrock 005A,Other theft,,
,2023-07,British Transport Police,British Transport Police,0.290211,51.521726,On or near Ockendon (Station),E01034368,Thurrock 006G,Bicycle theft,,
,2023-07,British Transport Police,British Transport Police,0.413038,51.485286,On or near East Tilbury (Station),E01015948,Thurrock 013B,Criminal damage and arson,,
,2023-07,British Transport Police,British Transport Police,0.413038,51.485286,On or near East Tilbury (Station),E01015948,Thurrock 013B,Public order,,
,2023-07,British Transport Police,British Transport Police,0.321665,51.476260,On or near Grays (Station),E01015954,Thurrock 017D,Bicycle theft,,
,2023-07,British Transport Police,British Transport Police,0.321665,51.476260,On or near Grays (Station),E01015954,Thurrock 017D,Other theft,,
,2023-07,British Transport Police,British Transport Police,0.321665,51.476260,On or near Grays (Station),E01015954,Thurrock 017D,Public order,,
,2023-07,British Transport Police,British Transport Police,0.321665,51.476260,On or near Grays (Station),E01015954,Thurrock 017D,Public order,,
,2023-07,British Transport Police,British Transport Police,0.321665,51.476260,On or near Grays (Station),E01015954,Thurrock 017D,Public order,,
,2023-07,British Transport Police,British Transport Police,0.321665,51.476260,On or near Grays (Station),E01015954,Thurrock 017D,Violence and sexual offences,,
,2023-07,British Transport Police,British Transport Police,0.321665,51.476260,On or near Grays (Station),E01015954,Thurrock 017D,Violence and sexual offences,,
,2023-07,British Transport Police,British Transport Police,0.354045,51.462385,On or near Tilbury Town (Station),E01016003,Thurrock 018A,Drugs,,
,2023-07,British Transport Police,British Transport Police,0.354045,51.462385,On or near Tilbury Town (Station),E01016003,Thurrock 018A,Other theft,,
,2023-07,British Transport Police,British Transport Police,0.354045,51.462385,On or near Tilbury Town (Station),E01016003,Thurrock 018A,Violence and sexual offences,,
,2023-07,British Transport Police,British Transport Police,0.287595,51.485635,On or near Chafford Hundred Lakeside (Station),E01033613,Thurrock 019D,Bicycle theft,,
,2023-07,British Transport Police,British Transport Police,0.287595,51.485635,On or near Chafford Hundred Lakeside (Station),E01033613,Thurrock 019D,Public order,,
,2023-07,British Transport Police,British Transport Police,0.287595,51.485635,On or near Chafford Hundred Lakeside (Station),E01033613,Thurrock 019D,Public order,,
,2023-07,British Transport Police,British Transport Police,0.287595,51.485635,On or near Chafford Hundred Lakeside (Station),E01033613,Thurrock 019D,Violence and sexual offences,,
,2023-07,British Transport Police,British Transport Police,0.287595,51.485635,On or near Chafford Hundred Lakeside (Station),E01033613,Thurrock 019D,Violence and sexual offences,,
,2023-07,British Transport Police,British Transport Police,0.237083,51.481066,On or near Purfleet (Station),E01016013,Thurrock 021C,Criminal damage and arson,,
,2023-07,British Transport Police,British Transport Police,0.465902,51.301395,On or near Aylesford (Station),E01024719,Tonbridge and Malling 001A,Criminal damage and arson,,
,2023-07,British Transport Police,British Transport Police,0.448286,51.330256,On or near Snodland (Station),E01024771,Tonbridge and Malling 002C,Criminal damage and arson,,
,2023-07,British Transport Police,British Transport Police,0.448286,51.330256,On or near Snodland (Station),E01024771,Tonbridge and Malling 002C,Violence and sexual offences,,
,2023-07,British Transport Police,British Transport Police,0.448286,51.330256,On or near Snodland (Station),E01024771,Tonbridge and Malling 002C,Violence and sexual offences,,
,2023-07,British Transport Police,British Transport Police,0.454937,51.312875,On or near New Hythe (Station),E01024762,Tonbridge and Malling 003C,Violence and sexual offences,,
,2023-07,British Transport Police,British Transport Police,0.306030,51.293232,On or near Borough Green And Wrotham (Station),E01024726,Tonbridge and Malling 006D,Criminal damage and arson,,
,2023-07,British Transport Police,British Transport Police,0.306030,51.293232,On or near Borough Green And Wrotham (Station),E01024726,Tonbridge and Malling 006D,Criminal damage and arson,,
,2023-07,British Transport Police,British Transport Police,0.306030,51.293232,On or near Borough Green And Wrotham (Station),E01024726,Tonbridge and Malling 006D,Criminal damage and arson,,
,2023-07,British Transport Police,British Transport Police,0.227621,51.214539,On or near Hildenborough (Station),E01024754,Tonbridge and Malling 010D,Criminal damage and arson,,
,2023-07,British Transport Police,British Transport Police,0.227621,51.214539,On or near Hildenborough (Station),E01024754,Tonbridge and Malling 010D,Vehicle crime,,
,2023-07,British Transport Police,British Transport Police,0.227621,51.214539,On or near Hildenborough (Station),E01024754,Tonbridge and Malling 010D,Vehicle crime,,
,2023-07,British Transport Police,British Transport Police,0.227621,51.214539,On or near Hildenborough (Station),E01024754,Tonbridge and Malling 010D,Vehicle crime,,
,2023-07,British Transport Police,British Transport Police,0.270731,51.191611,On or near Tonbridge (Station),E01024757,Tonbridge and Malling 013A,Bicycle theft,,
,2023-07,British Transport Police,British Transport Police,0.270731,51.191611,On or near Tonbridge (Station),E01024757,Tonbridge and Malling 013A,Bicycle theft,,
,2023-07,British Transport Police,British Transport Police,0.270731,51.191611,On or near Tonbridge (Station),E01024757,Tonbridge and Malling 013A,Bicycle theft,,
,2023-07,British Transport Police,British Transport Police,0.270731,51.191611,On or near Tonbridge (Station),E01024757,Tonbridge and Malling 013A,Criminal damage and arson,,
,2023-07,British Transport Police,British Transport Police,0.270731,51.191611,On or near Tonbridge (Station),E01024757,Tonbridge and Malling 013A,Criminal damage and arson,,
,2023-07,British Transport Police,British Transport Police,0.270731,51.191611,On or near Tonbridge (Station),E01024757,Tonbridge and Malling 013A,Criminal damage and arson,,
,2023-07,British Transport Police,British Transport Police,0.270731,51.191611,On or near Tonbridge (Station),E01024757,Tonbridge and Malling 013A,Criminal damage and arson,,
,2023-07,British Transport Police,British Transport Police,0.270731,51.191611,On or near Tonbridge (Station),E01024757,Tonbridge and Malling 013A,Criminal damage and arson,,
,2023-07,British Transport Police,British Transport Police,0.270731,51.191611,On or near Tonbridge (Station),E01024757,Tonbridge and Malling 013A,Criminal damage and arson,,
,2023-07,British Transport Police,British Transport Police,0.270731,51.191611,On or near Tonbridge (Station),E01024757,Tonbridge and Malling 013A,Public order,,
,2023-07,British Transport Police,British Transport Police,0.270731,51.191611,On or near Tonbridge (Station),E01024757,Tonbridge and Malling 013A,Public order,,
,2023-07,British Transport Police,British Transport Police,0.270731,51.191611,On or near Tonbridge (Station),E01024757,Tonbridge and Malling 013A,Robbery,,
,2023-07,British Transport Police,British Transport Police,0.270731,51.191611,On or near Tonbridge (Station),E01024757,Tonbridge and Malling 013A,Theft from the person,,
,2023-07,British Transport Police,British Transport Police,0.270731,51.191611,On or near Tonbridge (Station),E01024757,Tonbridge and Malling 013A,Vehicle crime,,
,2023-07,British Transport Police,British Transport Police,0.270731,51.191611,On or near Tonbridge (Station),E01024757,Tonbridge and Malling 013A,Vehicle crime,,
,2023-07,British Transport Police,British Transport Police,0.270731,51.191611,On or near Tonbridge (Station),E01024757,Tonbridge and Malling 013A,Vehicle crime,,
,2023-07,British Transport Police,British Transport Police,0.270731,51.191611,On or near Tonbridge (Station),E01024757,Tonbridge and Malling 013A,Vehicle crime,,
,2023-07,British Transport Police,British Transport Police,0.270731,51.191611,On or near Tonbridge (Station),E01024757,Tonbridge and Malling 013A,Vehicle crime,,
,2023-07,British Transport Police,British Transport Police,0.270731,51.191611,On or near Tonbridge (Station),E01024757,Tonbridge and Malling 013A,Vehicle crime,,
,2023-07,British Transport Police,British Transport Police,0.270731,51.191611,On or near Tonbridge (Station),E01024757,Tonbridge and Malling 013A,Violence and sexual offences,,
,2023-07,British Transport Police,British Transport Police,0.270731,51.191611,On or near Tonbridge (Station),E01024757,Tonbridge and Malling 013A,Violence and sexual offences,,
,2023-07,British Transport Police,British Transport Police,0.270731,51.191611,On or near Tonbridge (Station),E01024757,Tonbridge and Malling 013A,Violence and sexual offences,,
,2023-07,British Transport Police,British Transport Police,0.270731,51.191611,On or near Tonbridge (Station),E01024757,Tonbridge and Malling 013A,Violence and sexual offences,,
,2023-07,British Transport Police,British Transport Police,0.270731,51.191611,On or near Tonbridge (Station),E01024757,Tonbridge and Malling 013A,Violence and sexual offences,,
,2023-07,British Transport Police,British Transport Police,0.418737,51.292020,On or near West Malling (Station),E01024783,Tonbridge and Malling 014C,Bicycle theft,,
,2023-07,British Transport Police,British Transport Police,0.418737,51.292020,On or near West Malling (Station),E01024783,Tonbridge and Malling 014C,Drugs,,
,2023-07,British Transport Police,British Transport Police,0.418737,51.292020,On or near West Malling (Station),E01024783,Tonbridge and Malling 014C,Violence and sexual offences,,
,2023-07,British Transport Police,British Transport Police,0.418737,51.292020,On or near West Malling (Station),E01024783,Tonbridge and Malling 014C,Violence and sexual offences,,
,2023-07,British Transport Police,British Transport Police,-3.565222,50.434450,On or near Paignton (Station),E01015232,Torbay 014C,Public order,,
,2023-07,British Transport Police,British Transport Police,-3.543476,50.461230,On or near Torquay (Station),E01015209,Torbay 019A,Other theft,,
,2023-07,British Transport Police,British Transport Police,-0.057402,51.532136,On or near Cambridge Heath (Station),E01035661,Tower Hamlets 002F,Other theft,,
,2023-07,British Transport Police,British Transport Police,-0.033381,51.525441,On or near Mile End (Lu Station),E01004232,Tower Hamlets 003C,Other theft,,
,2023-07,British Transport Police,British Transport Police,-0.033381,51.525441,On or near Mile End (Lu Station),E01004232,Tower Hamlets 003C,Public order,,
,2023-07,British Transport Police,British Transport Police,-0.033381,51.525441,On or near Mile End (Lu Station),E01004232,Tower Hamlets 003C,Public order,,
,2023-07,British Transport Police,British Transport Police,-0.033381,51.525441,On or near Mile End (Lu Station),E01004232,Tower Hamlets 003C,Public order,,
,2023-07,British Transport Police,British Transport Police,-0.033381,51.525441,On or near Mile End (Lu Station),E01004232,Tower Hamlets 003C,Theft from the person,,
,2023-07,British Transport Police,British Transport Police,-0.033381,51.525441,On or near Mile End (Lu Station),E01004232,Tower Hamlets 003C,Theft from the person,,
,2023-07,British Transport Police,British Transport Police,-0.033381,51.525441,On or near Mile End (Lu Station),E01004232,Tower Hamlets 003C,Theft from the person,,
,2023-07,British Transport Police,British Transport Police,-0.033381,51.525441,On or near Mile End (Lu Station),E01004232,Tower Hamlets 003C,Theft from the person,,
,2023-07,British Transport Police,British Transport Police,-0.033381,51.525441,On or near Mile End (Lu Station),E01004232,Tower Hamlets 003C,Theft from the person,,
,2023-07,British Transport Police,British Transport Police,-0.033381,51.525441,On or near Mile End (Lu Station),E01004232,Tower Hamlets 003C,Theft from the person,,
,2023-07,British Transport Police,British Transport Police,-0.033381,51.525441,On or near Mile End (Lu Station),E01004232,Tower Hamlets 003C,Violence and sexual offences,,
,2023-07,British Transport Police,British Transport Police,-0.033381,51.525441,On or near Mile End (Lu Station),E01004232,Tower Hamlets 003C,Violence and sexual offences,,
,2023-07,British Transport Police,British Transport Police,-0.033381,51.525441,On or near Mile End (Lu Station),E01004232,Tower Hamlets 003C,Violence and sexual offences,,
,2023-07,British Transport Police,British Transport Police,-0.033381,51.525441,On or near Mile End (Lu Station),E01004232,Tower Hamlets 003C,Violence and sexual offences,,
,2023-07,British Transport Police,British Transport Police,-0.055233,51.527354,On or near Bethnal Green (Lu Station),E01004259,Tower Hamlets 007A,Drugs,,
,2023-07,British Transport Police,British Transport Police,-0.055233,51.527354,On or near Bethnal Green (Lu Station),E01004259,Tower Hamlets 007A,Public order,,
,2023-07,British Transport Police,British Transport Police,-0.055233,51.527354,On or near Bethnal Green (Lu Station),E01004259,Tower Hamlets 007A,Public order,,
,2023-07,British Transport Police,British Transport Police,-0.055233,51.527354,On or near Bethnal Green (Lu Station),E01004259,Tower Hamlets 007A,Theft from the person,,
,2023-07,British Transport Police,British Transport Police,-0.055233,51.527354,On or near Bethnal Green (Lu Station),E01004259,Tower Hamlets 007A,Theft from the person,,
,2023-07,British Transport Police,British Transport Police,-0.055233,51.527354,On or near Bethnal Green (Lu Station),E01004259,Tower Hamlets 007A,Theft from the person,,
,2023-07,British Transport Police,British Transport Police,-0.017649,51.522550,On or near Devons Road (Dlr),E01004239,Tower Hamlets 008E,Public order,,
,2023-07,British Transport Police,British Transport Police,-0.017649,51.522550,On or near Devons Road (Dlr),E01004239,Tower Hamlets 008E,Theft from the person,,
,2023-07,British Transport Police,British Transport Police,-0.011601,51.524840,On or near Bromley By Bow (Lu Station),E01035665,Tower Hamlets 008F,Criminal damage and arson,,
,2023-07,British Transport Police,British Transport Police,-0.011601,51.524840,On or near Bromley By Bow (Lu Station),E01035665,Tower Hamlets 008F,Theft from the person,,
,2023-07,British Transport Police,British Transport Police,-0.046438,51.521982,On or near Stepney Green (Lu Station),E01004207,Tower Hamlets 011A,Public order,,
,2023-07,British Transport Police,British Transport Police,-0.046438,51.521982,On or near Stepney Green (Lu Station),E01004207,Tower Hamlets 011A,Theft from the person,,
,2023-07,British Transport Police,British Transport Police,-0.046438,51.521982,On or near Stepney Green (Lu Station),E01004207,Tower Hamlets 011A,Violence and sexual offences,,
,2023-07,British Transport Police,British Transport Police,-0.024757,51.526923,On or near Bow Road (Lu Station),E01004267,Tower Hamlets 012D,Theft from the person,,
,2023-07,British Transport Police,British Transport Police,-0.024757,51.526923,On or near Bow Road (Lu Station),E01004267,Tower Hamlets 012D,Theft from the person,,
,2023-07,British Transport Police,British Transport Police,-0.060797,51.519413,On or near Whitechapel (Lu Station),E01004208,Tower Hamlets 013C,Criminal damage and arson,,
,2023-07,British Transport Police,British Transport Police,-0.060797,51.519413,On or near Whitechapel (Lu Station),E01004208,Tower Hamlets 013C,Criminal damage and arson,,
,2023-07,British Transport Police,British Transport Police,-0.060797,51.519413,On or near Whitechapel (Lu Station),E01004208,Tower Hamlets 013C,Drugs,,
,2023-07,British Transport Police,British Transport Police,-0.060797,51.519413,On or near Whitechapel (Lu Station),E01004208,Tower Hamlets 013C,Drugs,,
,2023-07,British Transport Police,British Transport Police,-0.060797,51.519413,On or near Whitechapel (Lu Station),E01004208,Tower Hamlets 013C,Other theft,,
,2023-07,British Transport Police,British Transport Police,-0.060797,51.519413,On or near Whitechapel (Lu Station),E01004208,Tower Hamlets 013C,Other theft,,
,2023-07,British Transport Police,British Transport Police,-0.060797,51.519413,On or near Whitechapel (Lu Station),E01004208,Tower Hamlets 013C,Other theft,,
,2023-07,British Transport Police,British Transport Police,-0.060797,51.519413,On or near Whitechapel (Lu Station),E01004208,Tower Hamlets 013C,Other theft,,
,2023-07,British Transport Police,British Transport Police,-0.060797,51.519413,On or near Whitechapel (Lu Station),E01004208,Tower Hamlets 013C,Other theft,,
,2023-07,British Transport Police,British Transport Police,-0.060797,51.519413,On or near Whitechapel (Lu Station),E01004208,Tower Hamlets 013C,Possession of weapons,,
,2023-07,British Transport Police,British Transport Police,-0.060797,51.519413,On or near Whitechapel (Lu Station),E01004208,Tower Hamlets 013C,Possession of weapons,,
,2023-07,British Transport Police,British Transport Police,-0.060797,51.519413,On or near Whitechapel (Lu Station),E01004208,Tower Hamlets 013C,Public order,,
,2023-07,British Transport Police,British Transport Police,-0.060797,51.519413,On or near Whitechapel (Lu Station),E01004208,Tower Hamlets 013C,Public order,,
,2023-07,British Transport Police,British Transport Police,-0.060797,51.519413,On or near Whitechapel (Lu Station),E01004208,Tower Hamlets 013C,Public order,,
,2023-07,British Transport Police,British Transport Police,-0.060797,51.519413,On or near Whitechapel (Lu Station),E01004208,Tower Hamlets 013C,Public order,,
,2023-07,British Transport Police,British Transport Police,-0.060797,51.519413,On or near Whitechapel (Lu Station),E01004208,Tower Hamlets 013C,Public order,,
,2023-07,British Transport Police,British Transport Police,-0.060797,51.519413,On or near Whitechapel (Lu Station),E01004208,Tower Hamlets 013C,Theft from the person,,
,2023-07,British Transport Police,British Transport Police,-0.060797,51.519413,On or near Whitechapel (Lu Station),E01004208,Tower Hamlets 013C,Theft from the person,,
,2023-07,British Transport Police,British Transport Police,-0.060797,51.519413,On or near Whitechapel (Lu Station),E01004208,Tower Hamlets 013C,Theft from the person,,
,2023-07,British Transport Police,British Transport Police,-0.060797,51.519413,On or near Whitechapel (Lu Station),E01004208,Tower Hamlets 013C,Theft from the person,,
,2023-07,British Transport Police,British Transport Police,-0.060797,51.519413,On or near Whitechapel (Lu Station),E01004208,Tower Hamlets 013C,Theft from the person,,
,2023-07,British Transport Police,British Transport Police,-0.060797,51.519413,On or near Whitechapel (Lu Station),E01004208,Tower Hamlets 013C,Theft from the person,,
,2023-07,British Transport Police,British Transport Police,-0.060797,51.519413,On or near Whitechapel (Lu Station),E01004208,Tower Hamlets 013C,Theft from the person,,
,2023-07,British Transport Police,British Transport Police,-0.060797,51.519413,On or near Whitechapel (Lu Station),E01004208,Tower Hamlets 013C,Theft from the person,,
,2023-07,British Transport Police,British Transport Police,-0.060797,51.519413,On or near Whitechapel (Lu Station),E01004208,Tower Hamlets 013C,Violence and sexual offences,,
,2023-07,British Transport Police,British Transport Police,-0.060797,51.519413,On or near Whitechapel (Lu Station),E01004208,Tower Hamlets 013C,Violence and sexual offences,,
,2023-07,British Transport Police,British Transport Police,-0.060797,51.519413,On or near Whitechapel (Lu Station),E01004208,Tower Hamlets 013C,Violence and sexual offences,,
,2023-07,British Transport Police,British Transport Police,-0.060797,51.519413,On or near Whitechapel (Lu Station),E01004208,Tower Hamlets 013C,Other crime,,
,2023-07,British Transport Police,British Transport Police,-0.071679,51.515372,On or near Aldgate East (Lu Station),E01004309,Tower Hamlets 015D,Other theft,,
,2023-07,British Transport Police,British Transport Police,-0.071679,51.515372,On or near Aldgate East (Lu Station),E01004309,Tower Hamlets 015D,Other theft,,
,2023-07,British Transport Police,British Transport Police,-0.071679,51.515372,On or near Aldgate East (Lu Station),E01004309,Tower Hamlets 015D,Public order,,
,2023-07,British Transport Police,British Transport Police,-0.071679,51.515372,On or near Aldgate East (Lu Station),E01004309,Tower Hamlets 015D,Theft from the person,,
,2023-07,British Transport Police,British Transport Police,-0.014020,51.514844,On or near Langdon Park (Dlr),E01035679,Tower Hamlets 018F,Violence and sexual offences,,
,2023-07,British Transport Police,British Transport Police,-0.014020,51.514844,On or near Langdon Park (Dlr),E01035679,Tower Hamlets 018F,Violence and sexual offences,,
,2023-07,British Transport Police,British Transport Police,-0.026736,51.509429,On or near Westferry (Dlr),E01004255,Tower Hamlets 023C,Other theft,,
,2023-07,British Transport Police,British Transport Police,-0.026736,51.509429,On or near Westferry (Dlr),E01004255,Tower Hamlets 023C,Other theft,,
,2023-07,British Transport Police,British Transport Police,-0.026736,51.509429,On or near Westferry (Dlr),E01004255,Tower Hamlets 023C,Other theft,,
,2023-07,British Transport Police,British Transport Police,-0.026736,51.509429,On or near Westferry (Dlr),E01004255,Tower Hamlets 023C,Violence and sexual offences,,
,2023-07,British Transport Police,British Transport Police,-0.013408,51.511031,On or near All Saints (Dlr),E01004257,Tower Hamlets 024D,Other theft,,
,2023-07,British Transport Police,British Transport Police,-0.056953,51.512057,On or near Shadwell (Lu Station),E01004301,Tower Hamlets 025B,Theft from the person,,
,2023-07,British Transport Police,British Transport Police,-0.056953,51.512057,On or near Shadwell (Lu Station),E01004301,Tower Hamlets 025B,Violence and sexual offences,,
,2023-07,British Transport Police,British Transport Police,-0.056919,51.511300,On or near Shadwell (Station),E01004302,Tower Hamlets 025C,Theft from the person,,
,2023-07,British Transport Police,British Transport Police,-0.056919,51.511300,On or near Shadwell (Station),E01004302,Tower Hamlets 025C,Violence and sexual offences,,
,2023-07,British Transport Police,British Transport Police,-0.039495,51.512314,On or near Limehouse (Dlr),E01032769,Tower Hamlets 025F,Bicycle theft,,
,2023-07,British Transport Police,British Transport Police,-0.039495,51.512314,On or near Limehouse (Dlr),E01032769,Tower Hamlets 025F,Bicycle theft,,
,2023-07,British Transport Police,British Transport Police,-0.039495,51.512314,On or near Limehouse (Dlr),E01032769,Tower Hamlets 025F,Other theft,,
,2023-07,British Transport Police,British Transport Police,-0.039646,51.512498,On or near Limehouse (Station),E01032769,Tower Hamlets 025F,Public order,,
,2023-07,British Transport Police,British Transport Police,-0.039646,51.512498,On or near Limehouse (Station),E01032769,Tower Hamlets 025F,Public order,,
,2023-07,British Transport Police,British Transport Police,-0.039646,51.512498,On or near Limehouse (Station),E01032769,Tower Hamlets 025F,Theft from the person,,
,2023-07,British Transport Police,British Transport Police,-0.055960,51.504379,On or near Wapping (Station),E01004291,Tower Hamlets 027A,Violence and sexual offences,,
,2023-07,British Transport Police,British Transport Police,-0.020496,51.506754,On or near West India Quay (Dlr),E01004277,Tower Hamlets 033A,Criminal damage and arson,,
,2023-07,British Transport Police,British Transport Police,-0.019128,51.507729,On or near Poplar (Dlr),E01004277,Tower Hamlets 033A,Drugs,,
,2023-07,British Transport Police,British Transport Police,-0.019128,51.507729,On or near Poplar (Dlr),E01004277,Tower Hamlets 033A,Public order,,
,2023-07,British Transport Police,British Transport Police,-0.018001,51.505913,On or near Crossrail Station And Retail Mall (Station),E01004277,Tower Hamlets 033A,Public order,,
,2023-07,British Transport Police,British Transport Police,-0.018001,51.505913,On or near Crossrail Station And Retail Mall (Station),E01004277,Tower Hamlets 033A,Public order,,
,2023-07,British Transport Police,British Transport Police,-0.018001,51.505913,On or near Crossrail Station And Retail Mall (Station),E01004277,Tower Hamlets 033A,Theft from the person,,
,2023-07,British Transport Police,British Transport Police,-0.018001,51.505913,On or near Crossrail Station And Retail Mall (Station),E01004277,Tower Hamlets 033A,Theft from the person,,
,2023-07,British Transport Police,British Transport Police,-0.019128,51.507729,On or near Poplar (Dlr),E01004277,Tower Hamlets 033A,Theft from the person,,
,2023-07,British Transport Police,British Transport Police,-0.019128,51.507729,On or near Poplar (Dlr),E01004277,Tower Hamlets 033A,Violence and sexual offences,,
,2023-07,British Transport Police,British Transport Police,-0.019128,51.507729,On or near Poplar (Dlr),E01004277,Tower Hamlets 033A,Violence and sexual offences,,
,2023-07,British Transport Police,British Transport Police,-0.020435,51.505089,On or near Canary Wharf (Dlr),E01032771,Tower Hamlets 033B,Criminal damage and arson,,
,2023-07,British Transport Police,British Transport Police,-0.021390,51.503422,On or near Heron Quays (Dlr),E01032771,Tower Hamlets 033B,Other theft,,
,2023-07,British Transport Police,British Transport Police,-0.021390,51.503422,On or near Heron Quays (Dlr),E01032771,Tower Hamlets 033B,Other theft,,
,2023-07,British Transport Police,British Transport Police,-0.021390,51.503422,On or near Heron Quays (Dlr),E01032771,Tower Hamlets 033B,Other theft,,
,2023-07,British Transport Police,British Transport Police,-0.021390,51.503422,On or near Heron Quays (Dlr),E01032771,Tower Hamlets 033B,Other theft,,
,2023-07,British Transport Police,British Transport Police,-0.020435,51.505089,On or near Canary Wharf (Dlr),E01032771,Tower Hamlets 033B,Public order,,
,2023-07,British Transport Police,British Transport Police,-0.020435,51.505089,On or near Canary Wharf (Dlr),E01032771,Tower Hamlets 033B,Public order,,
,2023-07,British Transport Police,British Transport Police,-0.021390,51.503422,On or near Heron Quays (Dlr),E01032771,Tower Hamlets 033B,Theft from the person,,
,2023-07,British Transport Police,British Transport Police,-0.020435,51.505089,On or near Canary Wharf (Dlr),E01032771,Tower Hamlets 033B,Theft from the person,,
,2023-07,British Transport Police,British Transport Police,-0.021390,51.503422,On or near Heron Quays (Dlr),E01032771,Tower Hamlets 033B,Theft from the person,,
,2023-07,British Transport Police,British Transport Police,-0.020435,51.505089,On or near Canary Wharf (Dlr),E01032771,Tower Hamlets 033B,Theft from the person,,
,2023-07,British Transport Police,British Transport Police,-0.020435,51.505089,On or near Canary Wharf (Dlr),E01032771,Tower Hamlets 033B,Theft from the person,,
,2023-07,British Transport Police,British Transport Police,-0.021390,51.503422,On or near Heron Quays (Dlr),E01032771,Tower Hamlets 033B,Violence and sexual offences,,
,2023-07,British Transport Police,British Transport Police,-0.021390,51.503422,On or near Heron Quays (Dlr),E01032771,Tower Hamlets 033B,Violence and sexual offences,,
,2023-07,British Transport Police,British Transport Police,-0.002370,51.509360,On or near East India (Dlr),E01032777,Tower Hamlets 035A,Robbery,,
,2023-07,British Transport Police,British Transport Police,-0.007629,51.507942,On or near Blackwall (Dlr),E01004219,Tower Hamlets 035B,Bicycle theft,,
,2023-07,British Transport Police,British Transport Police,-0.015788,51.500027,On or near South Quay (Dlr),E01035703,Tower Hamlets 036B,Violence and sexual offences,,
,2023-07,British Transport Police,British Transport Police,-0.014467,51.495958,On or near Crossharbour (Dlr),E01035706,Tower Hamlets 036E,Other theft,,
,2023-07,British Transport Police,British Transport Police,-0.014467,51.495958,On or near Crossharbour (Dlr),E01035706,Tower Hamlets 036E,Other theft,,
,2023-07,British Transport Police,British Transport Police,-0.014467,51.495958,On or near Crossharbour (Dlr),E01035706,Tower Hamlets 036E,Violence and sexual offences,,
,2023-07,British Transport Police,British Transport Police,-2.384261,53.443797,On or near Flixton (Station),E01006131,Trafford 005E,Public order,,
,2023-07,British Transport Police,British Transport Police,-2.353676,53.448349,On or near Urmston (Station),E01006201,Trafford 009D,Bicycle theft,,
,2023-07,British Transport Police,British Transport Police,-2.353676,53.448349,On or near Urmston (Station),E01006201,Trafford 009D,Drugs,,
,2023-07,British Transport Police,British Transport Police,-2.353676,53.448349,On or near Urmston (Station),E01006201,Trafford 009D,Drugs,,
,2023-07,British Transport Police,British Transport Police,-2.353676,53.448349,On or near Urmston (Station),E01006201,Trafford 009D,Drugs,,
,2023-07,British Transport Police,British Transport Police,-2.353676,53.448349,On or near Urmston (Station),E01006201,Trafford 009D,Drugs,,
,2023-07,British Transport Police,British Transport Police,-2.343331,53.395879,On or near Navigation Road (Station),E01006078,Trafford 024A,Bicycle theft,,
,2023-07,British Transport Police,British Transport Police,-2.343331,53.395879,On or near Navigation Road (Station),E01006078,Trafford 024A,Other theft,,
,2023-07,British Transport Police,British Transport Police,0.389075,51.182223,On or near Paddock Wood (Station),E01024813,Tunbridge Wells 001D,Criminal damage and arson,,
,2023-07,British Transport Police,British Transport Police,0.389075,51.182223,On or near Paddock Wood (Station),E01024813,Tunbridge Wells 001D,Criminal damage and arson,,
,2023-07,British Transport Police,British Transport Police,0.389075,51.182223,On or near Paddock Wood (Station),E01024813,Tunbridge Wells 001D,Other theft,,
,2023-07,British Transport Police,British Transport Police,0.277343,51.149332,On or near High Brooms (Station),E01024840,Tunbridge Wells 005A,Criminal damage and arson,,
,2023-07,British Transport Police,British Transport Police,0.263176,51.130703,On or near Tunbridge Wells (Station),E01035013,Tunbridge Wells 008F,Criminal damage and arson,,
,2023-07,British Transport Police,British Transport Police,0.263176,51.130703,On or near Tunbridge Wells (Station),E01035013,Tunbridge Wells 008F,Criminal damage and arson,,
,2023-07,British Transport Police,British Transport Police,0.263176,51.130703,On or near Tunbridge Wells (Station),E01035013,Tunbridge Wells 008F,Criminal damage and arson,,
,2023-07,British Transport Police,British Transport Police,0.263176,51.130703,On or near Tunbridge Wells (Station),E01035013,Tunbridge Wells 008F,Criminal damage and arson,,
,2023-07,British Transport Police,British Transport Police,0.263176,51.130703,On or near Tunbridge Wells (Station),E01035013,Tunbridge Wells 008F,Criminal damage and arson,,
,2023-07,British Transport Police,British Transport Police,0.263176,51.130703,On or near Tunbridge Wells (Station),E01035013,Tunbridge Wells 008F,Public order,,
,2023-07,British Transport Police,British Transport Police,0.263176,51.130703,On or near Tunbridge Wells (Station),E01035013,Tunbridge Wells 008F,Vehicle crime,,
,2023-07,British Transport Police,British Transport Police,0.263176,51.130703,On or near Tunbridge Wells (Station),E01035013,Tunbridge Wells 008F,Vehicle crime,,
,2023-07,British Transport Police,British Transport Police,0.263176,51.130703,On or near Tunbridge Wells (Station),E01035013,Tunbridge Wells 008F,Vehicle crime,,
,2023-07,British Transport Police,British Transport Police,0.263176,51.130703,On or near Tunbridge Wells (Station),E01035013,Tunbridge Wells 008F,Violence and sexual offences,,
,2023-07,British Transport Police,British Transport Police,0.207282,52.004546,On or near Audley End (Station),E01022071,Uttlesford 003B,Bicycle theft,,
,2023-07,British Transport Police,British Transport Police,0.207282,52.004546,On or near Audley End (Station),E01022071,Uttlesford 003B,Public order,,
,2023-07,British Transport Police,British Transport Police,0.207282,52.004546,On or near Audley End (Station),E01022071,Uttlesford 003B,Vehicle crime,,
,2023-07,British Transport Police,British Transport Police,0.207282,52.004546,On or near Audley End (Station),E01022071,Uttlesford 003B,Vehicle crime,,
,2023-07,British Transport Police,British Transport Police,0.199575,51.901396,On or near Stansted Mountfitchet (Station),E01022086,Uttlesford 006A,Other theft,,
,2023-07,British Transport Police,British Transport Police,0.260662,51.888430,On or near Stansted Airport (Station),E01035178,Uttlesford 006E,Criminal damage and arson,,
,2023-07,British Transport Police,British Transport Police,0.260662,51.888430,On or near Stansted Airport (Station),E01035178,Uttlesford 006E,Other theft,,
,2023-07,British Transport Police,British Transport Police,0.260662,51.888430,On or near Stansted Airport (Station),E01035178,Uttlesford 006E,Other theft,,
,2023-07,British Transport Police,British Transport Police,0.260662,51.888430,On or near Stansted Airport (Station),E01035178,Uttlesford 006E,Other theft,,
,2023-07,British Transport Police,British Transport Police,0.260662,51.888430,On or near Stansted Airport (Station),E01035178,Uttlesford 006E,Other theft,,
,2023-07,British Transport Police,British Transport Police,0.260662,51.888430,On or near Stansted Airport (Station),E01035178,Uttlesford 006E,Public order,,
,2023-07,British Transport Police,British Transport Police,0.260662,51.888430,On or near Stansted Airport (Station),E01035178,Uttlesford 006E,Violence and sexual offences,,
,2023-07,British Transport Police,British Transport Police,-3.174756,51.435848,On or near Penarth (Station),W01001116,Vale of Glamorgan 005A,Criminal damage and arson,,
,2023-07,British Transport Police,British Transport Police,-3.219305,51.431266,On or near Dinas Powys (Station),W01001089,Vale of Glamorgan 006D,Public order,,
,2023-07,British Transport Police,British Transport Police,-3.248085,51.412612,On or near Cadoxton (Station),W01001070,Vale of Glamorgan 009C,Public order,,
,2023-07,British Transport Police,British Transport Police,-3.248085,51.412612,On or near Cadoxton (Station),W01001070,Vale of Glamorgan 009C,Public order,,
,2023-07,British Transport Police,British Transport Police,-3.481557,51.409666,On or near Llantwit Major (Station),W01001107,Vale of Glamorgan 011B,Public order,,
,2023-07,British Transport Police,British Transport Police,-3.349286,51.387165,On or near Rhoose (Cardiff Int Airpt) (Station),W01002039,Vale of Glamorgan 014H,Violence and sexual offences,,
,2023-07,British Transport Police,British Transport Police,-3.261509,51.402449,On or near Barry Dock (Station),W01001073,Vale of Glamorgan 015E,Violence and sexual offences,,
,2023-07,British Transport Police,British Transport Police,-3.273088,51.392848,On or near Barry Island (Station),W01001998,Vale of Glamorgan 015G,Criminal damage and arson,,
,2023-07,British Transport Police,British Transport Police,-1.355961,53.723777,On or near Castleford (Station),E01034261,Wakefield 002G,Public order,,
,2023-07,British Transport Police,British Transport Police,-1.510521,53.715367,On or near Outwood (Station),E01011893,Wakefield 008C,Public order,,
,2023-07,British Transport Police,British Transport Police,-1.303143,53.699107,On or near Pontefract Monkhill (Station),E01011838,Wakefield 015C,Public order,,
,2023-07,British Transport Police,British Transport Police,-1.489189,53.678868,On or near Wakefield Kirkgate (Station),E01034264,Wakefield 017E,Criminal damage and arson,,
,2023-07,British Transport Police,British Transport Police,-1.506199,53.682004,On or near Wakefield Westgate (Station),E01011920,Wakefield 019A,Bicycle theft,,
,2023-07,British Transport Police,British Transport Police,-1.506199,53.682004,On or near Wakefield Westgate (Station),E01011920,Wakefield 019A,Public order,,
,2023-07,British Transport Police,British Transport Police,-1.506199,53.682004,On or near Wakefield Westgate (Station),E01011920,Wakefield 019A,Violence and sexual offences,,
,2023-07,British Transport Police,British Transport Police,-1.506199,53.682004,On or near Wakefield Westgate (Station),E01011920,Wakefield 019A,Violence and sexual offences,,
,2023-07,British Transport Police,British Transport Police,-1.506199,53.682004,On or near Wakefield Westgate (Station),E01011920,Wakefield 019A,Violence and sexual offences,,
,2023-07,British Transport Police,British Transport Police,-1.506199,53.682004,On or near Wakefield Westgate (Station),E01011920,Wakefield 019A,Violence and sexual offences,,
,2023-07,British Transport Police,British Transport Police,-1.374378,53.632589,On or near Fitzwilliam (Station),E01011785,Wakefield 039A,Public order,,
,2023-07,British Transport Police,British Transport Police,-1.286572,53.594734,On or near South Elmsall (Station),E01011861,Wakefield 044B,Public order,,
,2023-07,British Transport Police,British Transport Police,-2.018852,52.625032,On or near Bloxwich North (Station),E01010298,Walsall 009C,Theft from the person,,
,2023-07,British Transport Police,British Transport Police,-1.985124,52.584244,On or near Walsall (Station),E01010363,Walsall 026D,Criminal damage and arson,,
,2023-07,British Transport Police,British Transport Police,-1.985124,52.584244,On or near Walsall (Station),E01010363,Walsall 026D,Other theft,,
,2023-07,British Transport Police,British Transport Police,-1.985124,52.584244,On or near Walsall (Station),E01010363,Walsall 026D,Robbery,,
,2023-07,British Transport Police,British Transport Police,0.009897,51.633086,On or near Chingford (Station),E01004354,Waltham Forest 002C,Criminal damage and arson,,
,2023-07,British Transport Police,British Transport Police,0.009897,51.633086,On or near Chingford (Station),E01004354,Waltham Forest 002C,Public order,,
,2023-07,British Transport Police,British Transport Police,0.009897,51.633086,On or near Chingford (Station),E01004354,Waltham Forest 002C,Public order,,
,2023-07,British Transport Police,British Transport Police,-0.000063,51.608365,On or near Highams Park (Station),E01004388,Waltham Forest 007F,Bicycle theft,,
,2023-07,British Transport Police,British Transport Police,-0.041016,51.587015,On or near Blackhorse Road (Lu Station),E01004391,Waltham Forest 014A,Other theft,,
,2023-07,British Transport Police,British Transport Police,-0.041016,51.587015,On or near Blackhorse Road (Lu Station),E01004391,Waltham Forest 014A,Robbery,,
,2023-07,British Transport Police,British Transport Police,-0.041016,51.587015,On or near Blackhorse Road (Lu Station),E01004391,Waltham Forest 014A,Theft from the person,,
,2023-07,British Transport Police,British Transport Police,-0.041016,51.587015,On or near Blackhorse Road (Lu Station),E01004391,Waltham Forest 014A,Theft from the person,,
,2023-07,British Transport Police,British Transport Police,-0.041016,51.587015,On or near Blackhorse Road (Lu Station),E01004391,Waltham Forest 014A,Theft from the person,,
,2023-07,British Transport Police,British Transport Police,-0.041016,51.587015,On or near Blackhorse Road (Lu Station),E01004391,Waltham Forest 014A,Violence and sexual offences,,
,2023-07,British Transport Police,British Transport Police,-0.041016,51.587015,On or near Blackhorse Road (Lu Station),E01004391,Waltham Forest 014A,Violence and sexual offences,,
,2023-07,British Transport Police,British Transport Police,-0.020287,51.582640,On or near Walthamstow Central (Lu Station),E01004443,Waltham Forest 016E,Criminal damage and arson,,
,2023-07,British Transport Police,British Transport Police,-0.020287,51.582640,On or near Walthamstow Central (Lu Station),E01004443,Waltham Forest 016E,Criminal damage and arson,,
,2023-07,British Transport Police,British Transport Police,-0.020287,51.582640,On or near Walthamstow Central (Lu Station),E01004443,Waltham Forest 016E,Criminal damage and arson,,
,2023-07,British Transport Police,British Transport Police,-0.020287,51.582640,On or near Walthamstow Central (Lu Station),E01004443,Waltham Forest 016E,Criminal damage and arson,,
,2023-07,British Transport Police,British Transport Police,-0.020287,51.582640,On or near Walthamstow Central (Lu Station),E01004443,Waltham Forest 016E,Criminal damage and arson,,
,2023-07,British Transport Police,British Transport Police,-0.020287,51.582640,On or near Walthamstow Central (Lu Station),E01004443,Waltham Forest 016E,Other theft,,
,2023-07,British Transport Police,British Transport Police,-0.020287,51.582640,On or near Walthamstow Central (Lu Station),E01004443,Waltham Forest 016E,Other theft,,
,2023-07,British Transport Police,British Transport Police,-0.020287,51.582640,On or near Walthamstow Central (Lu Station),E01004443,Waltham Forest 016E,Other theft,,
,2023-07,British Transport Police,British Transport Police,-0.020287,51.582640,On or near Walthamstow Central (Lu Station),E01004443,Waltham Forest 016E,Other theft,,
,2023-07,British Transport Police,British Transport Police,-0.020287,51.582640,On or near Walthamstow Central (Lu Station),E01004443,Waltham Forest 016E,Public order,,
,2023-07,British Transport Police,British Transport Police,-0.020287,51.582640,On or near Walthamstow Central (Lu Station),E01004443,Waltham Forest 016E,Public order,,
,2023-07,British Transport Police,British Transport Police,-0.020287,51.582640,On or near Walthamstow Central (Lu Station),E01004443,Waltham Forest 016E,Public order,,
,2023-07,British Transport Police,British Transport Police,-0.020287,51.582640,On or near Walthamstow Central (Lu Station),E01004443,Waltham Forest 016E,Public order,,
,2023-07,British Transport Police,British Transport Police,-0.020287,51.582640,On or near Walthamstow Central (Lu Station),E01004443,Waltham Forest 016E,Theft from the person,,
,2023-07,British Transport Police,British Transport Police,-0.020287,51.582640,On or near Walthamstow Central (Lu Station),E01004443,Waltham Forest 016E,Theft from the person,,
,2023-07,British Transport Police,British Transport Police,-0.020287,51.582640,On or near Walthamstow Central (Lu Station),E01004443,Waltham Forest 016E,Theft from the person,,
,2023-07,British Transport Police,British Transport Police,-0.020287,51.582640,On or near Walthamstow Central (Lu Station),E01004443,Waltham Forest 016E,Theft from the person,,
,2023-07,British Transport Police,British Transport Police,-0.020287,51.582640,On or near Walthamstow Central (Lu Station),E01004443,Waltham Forest 016E,Theft from the person,,
,2023-07,British Transport Police,British Transport Police,-0.020287,51.582640,On or near Walthamstow Central (Lu Station),E01004443,Waltham Forest 016E,Theft from the person,,
,2023-07,British Transport Police,British Transport Police,-0.020287,51.582640,On or near Walthamstow Central (Lu Station),E01004443,Waltham Forest 016E,Theft from the person,,
,2023-07,British Transport Police,British Transport Police,-0.020287,51.582640,On or near Walthamstow Central (Lu Station),E01004443,Waltham Forest 016E,Theft from the person,,
,2023-07,British Transport Police,British Transport Police,-0.020287,51.582640,On or near Walthamstow Central (Lu Station),E01004443,Waltham Forest 016E,Theft from the person,,
,2023-07,British Transport Police,British Transport Police,-0.020287,51.582640,On or near Walthamstow Central (Lu Station),E01004443,Waltham Forest 016E,Theft from the person,,
,2023-07,British Transport Police,British Transport Police,-0.020287,51.582640,On or near Walthamstow Central (Lu Station),E01004443,Waltham Forest 016E,Theft from the person,,
,2023-07,British Transport Police,British Transport Police,-0.020287,51.582640,On or near Walthamstow Central (Lu Station),E01004443,Waltham Forest 016E,Theft from the person,,
,2023-07,British Transport Police,British Transport Police,-0.020287,51.582640,On or near Walthamstow Central (Lu Station),E01004443,Waltham Forest 016E,Theft from the person,,
,2023-07,British Transport Police,British Transport Police,-0.020287,51.582640,On or near Walthamstow Central (Lu Station),E01004443,Waltham Forest 016E,Theft from the person,,
,2023-07,British Transport Police,British Transport Police,-0.020287,51.582640,On or near Walthamstow Central (Lu Station),E01004443,Waltham Forest 016E,Theft from the person,,
,2023-07,British Transport Police,British Transport Police,-0.020287,51.582640,On or near Walthamstow Central (Lu Station),E01004443,Waltham Forest 016E,Theft from the person,,
,2023-07,British Transport Police,British Transport Police,-0.020287,51.582640,On or near Walthamstow Central (Lu Station),E01004443,Waltham Forest 016E,Theft from the person,,
,2023-07,British Transport Police,British Transport Police,-0.020287,51.582640,On or near Walthamstow Central (Lu Station),E01004443,Waltham Forest 016E,Theft from the person,,
,2023-07,British Transport Police,British Transport Police,-0.020287,51.582640,On or near Walthamstow Central (Lu Station),E01004443,Waltham Forest 016E,Vehicle crime,,
,2023-07,British Transport Police,British Transport Police,-0.020287,51.582640,On or near Walthamstow Central (Lu Station),E01004443,Waltham Forest 016E,Violence and sexual offences,,
,2023-07,British Transport Police,British Transport Police,-0.020287,51.582640,On or near Walthamstow Central (Lu Station),E01004443,Waltham Forest 016E,Violence and sexual offences,,
,2023-07,British Transport Police,British Transport Police,-0.023674,51.581462,On or near Walthamstow Queens Road (Station),E01004445,Waltham Forest 018C,Theft from the person,,
,2023-07,British Transport Police,British Transport Police,-0.037943,51.567198,On or near Lea Bridge (Station),E01004422,Waltham Forest 022A,Other theft,,
,2023-07,British Transport Police,British Transport Police,-0.037943,51.567198,On or near Lea Bridge (Station),E01004422,Waltham Forest 022A,Robbery,,
,2023-07,British Transport Police,British Transport Police,0.008413,51.568454,On or near Leytonstone (Lu Station),E01004440,Waltham Forest 024D,Robbery,,
,2023-07,British Transport Police,British Transport Police,0.008413,51.568454,On or near Leytonstone (Lu Station),E01004440,Waltham Forest 024D,Theft from the person,,
,2023-07,British Transport Police,British Transport Police,0.008413,51.568454,On or near Leytonstone (Lu Station),E01004440,Waltham Forest 024D,Violence and sexual offences,,
,2023-07,British Transport Police,British Transport Police,-0.005642,51.556501,On or near Leyton (Lu Station),E01004336,Waltham Forest 026A,Public order,,
,2023-07,British Transport Police,British Transport Police,-0.005642,51.556501,On or near Leyton (Lu Station),E01004336,Waltham Forest 026A,Theft from the person,,
,2023-07,British Transport Police,British Transport Police,-0.005642,51.556501,On or near Leyton (Lu Station),E01004336,Waltham Forest 026A,Theft from the person,,
,2023-07,British Transport Police,British Transport Police,-0.005642,51.556501,On or near Leyton (Lu Station),E01004336,Waltham Forest 026A,Theft from the person,,
,2023-07,British Transport Police,British Transport Police,-0.005642,51.556501,On or near Leyton (Lu Station),E01004336,Waltham Forest 026A,Violence and sexual offences,,
,2023-07,British Transport Police,British Transport Police,-0.005642,51.556501,On or near Leyton (Lu Station),E01004336,Waltham Forest 026A,Violence and sexual offences,,
,2023-07,British Transport Police,British Transport Police,0.008233,51.563656,On or near Leytonstone High Road (Station),E01004339,Waltham Forest 027D,Theft from the person,,
,2023-07,British Transport Police,British Transport Police,0.008233,51.563656,On or near Leytonstone High Road (Station),E01004339,Waltham Forest 027D,Theft from the person,,
,2023-07,British Transport Police,British Transport Police,0.008233,51.563656,On or near Leytonstone High Road (Station),E01004339,Waltham Forest 027D,Violence and sexual offences,,
,2023-07,British Transport Police,British Transport Police,-0.188287,51.460960,On or near Wandsworth Town (Station),E01035491,Wandsworth 010I,Criminal damage and arson,,
,2023-07,British Transport Police,British Transport Police,-0.188287,51.460960,On or near Wandsworth Town (Station),E01035491,Wandsworth 010I,Violence and sexual offences,,
,2023-07,British Transport Police,British Transport Police,-0.171134,51.463285,On or near Clapham Junction (Station),E01004551,Wandsworth 012E,Bicycle theft,,
,2023-07,British Transport Police,British Transport Police,-0.171134,51.463285,On or near Clapham Junction (Station),E01004551,Wandsworth 012E,Bicycle theft,,
,2023-07,British Transport Police,British Transport Police,-0.171134,51.463285,On or near Clapham Junction (Station),E01004551,Wandsworth 012E,Criminal damage and arson,,
,2023-07,British Transport Police,British Transport Police,-0.171134,51.463285,On or near Clapham Junction (Station),E01004551,Wandsworth 012E,Criminal damage and arson,,
,2023-07,British Transport Police,British Transport Police,-0.171134,51.463285,On or near Clapham Junction (Station),E01004551,Wandsworth 012E,Criminal damage and arson,,
,2023-07,British Transport Police,British Transport Police,-0.171134,51.463285,On or near Clapham Junction (Station),E01004551,Wandsworth 012E,Criminal damage and arson,,
,2023-07,British Transport Police,British Transport Police,-0.171134,51.463285,On or near Clapham Junction (Station),E01004551,Wandsworth 012E,Drugs,,
,2023-07,British Transport Police,British Transport Police,-0.171134,51.463285,On or near Clapham Junction (Station),E01004551,Wandsworth 012E,Other theft,,
,2023-07,British Transport Police,British Transport Police,-0.171134,51.463285,On or near Clapham Junction (Station),E01004551,Wandsworth 012E,Other theft,,
,2023-07,British Transport Police,British Transport Police,-0.171134,51.463285,On or near Clapham Junction (Station),E01004551,Wandsworth 012E,Other theft,,
,2023-07,British Transport Police,British Transport Police,-0.171134,51.463285,On or near Clapham Junction (Station),E01004551,Wandsworth 012E,Possession of weapons,,
,2023-07,British Transport Police,British Transport Police,-0.171134,51.463285,On or near Clapham Junction (Station),E01004551,Wandsworth 012E,Public order,,
,2023-07,British Transport Police,British Transport Police,-0.171134,51.463285,On or near Clapham Junction (Station),E01004551,Wandsworth 012E,Public order,,
,2023-07,British Transport Police,British Transport Police,-0.171134,51.463285,On or near Clapham Junction (Station),E01004551,Wandsworth 012E,Public order,,
,2023-07,British Transport Police,British Transport Police,-0.171134,51.463285,On or near Clapham Junction (Station),E01004551,Wandsworth 012E,Public order,,
,2023-07,British Transport Police,British Transport Police,-0.171134,51.463285,On or near Clapham Junction (Station),E01004551,Wandsworth 012E,Public order,,
,2023-07,British Transport Police,British Transport Police,-0.171134,51.463285,On or near Clapham Junction (Station),E01004551,Wandsworth 012E,Public order,,
,2023-07,British Transport Police,British Transport Police,-0.171134,51.463285,On or near Clapham Junction (Station),E01004551,Wandsworth 012E,Public order,,
,2023-07,British Transport Police,British Transport Police,-0.171134,51.463285,On or near Clapham Junction (Station),E01004551,Wandsworth 012E,Public order,,
,2023-07,British Transport Police,British Transport Police,-0.171134,51.463285,On or near Clapham Junction (Station),E01004551,Wandsworth 012E,Theft from the person,,
,2023-07,British Transport Police,British Transport Police,-0.171134,51.463285,On or near Clapham Junction (Station),E01004551,Wandsworth 012E,Theft from the person,,
,2023-07,British Transport Police,British Transport Police,-0.171134,51.463285,On or near Clapham Junction (Station),E01004551,Wandsworth 012E,Violence and sexual offences,,
,2023-07,British Transport Police,British Transport Police,-0.171134,51.463285,On or near Clapham Junction (Station),E01004551,Wandsworth 012E,Violence and sexual offences,,
,2023-07,British Transport Police,British Transport Police,-0.171134,51.463285,On or near Clapham Junction (Station),E01004551,Wandsworth 012E,Violence and sexual offences,,
,2023-07,British Transport Police,British Transport Police,-0.171134,51.463285,On or near Clapham Junction (Station),E01004551,Wandsworth 012E,Violence and sexual offences,,
,2023-07,British Transport Police,British Transport Police,-0.171134,51.463285,On or near Clapham Junction (Station),E01004551,Wandsworth 012E,Violence and sexual offences,,
,2023-07,British Transport Police,British Transport Police,-0.171134,51.463285,On or near Clapham Junction (Station),E01004551,Wandsworth 012E,Violence and sexual offences,,
,2023-07,British Transport Police,British Transport Police,-0.171134,51.463285,On or near Clapham Junction (Station),E01004551,Wandsworth 012E,Violence and sexual offences,,
,2023-07,British Transport Police,British Transport Police,-0.210554,51.459196,On or near East Putney (Lu Station),E01004507,Wandsworth 014E,Bicycle theft,,
,2023-07,British Transport Police,British Transport Police,-0.206591,51.445343,On or near Southfields (Lu Station),E01004629,Wandsworth 020F,Theft from the person,,
,2023-07,British Transport Police,British Transport Police,-0.152755,51.443239,On or near Balham (Lu Station),E01004474,Wandsworth 021B,Other theft,,
,2023-07,British Transport Police,British Transport Police,-0.152755,51.443239,On or near Balham (Lu Station),E01004474,Wandsworth 021B,Robbery,,
,2023-07,British Transport Police,British Transport Police,-0.152755,51.443239,On or near Balham (Lu Station),E01004474,Wandsworth 021B,Theft from the person,,
,2023-07,British Transport Police,British Transport Police,-0.152755,51.443239,On or near Balham (Lu Station),E01004474,Wandsworth 021B,Theft from the person,,
,2023-07,British Transport Police,British Transport Police,-0.152755,51.443239,On or near Balham (Lu Station),E01004474,Wandsworth 021B,Theft from the person,,
,2023-07,British Transport Police,British Transport Police,-0.152755,51.443239,On or near Balham (Lu Station),E01004474,Wandsworth 021B,Theft from the person,,
,2023-07,British Transport Police,British Transport Police,-0.152755,51.443239,On or near Balham (Lu Station),E01004474,Wandsworth 021B,Violence and sexual offences,,
,2023-07,British Transport Police,British Transport Police,-0.152755,51.443239,On or near Balham (Lu Station),E01004474,Wandsworth 021B,Violence and sexual offences,,
,2023-07,British Transport Police,British Transport Police,-0.152755,51.443239,On or near Balham (Lu Station),E01004474,Wandsworth 021B,Violence and sexual offences,,
,2023-07,British Transport Police,British Transport Police,-0.152755,51.443239,On or near Balham (Lu Station),E01004474,Wandsworth 021B,Violence and sexual offences,,
,2023-07,British Transport Police,British Transport Police,-0.152755,51.443239,On or near Balham (Lu Station),E01004474,Wandsworth 021B,Violence and sexual offences,,
,2023-07,British Transport Police,British Transport Police,-0.147897,51.452703,On or near Clapham South (Lu Station),E01004476,Wandsworth 021C,Other theft,,
,2023-07,British Transport Police,British Transport Police,-0.147897,51.452703,On or near Clapham South (Lu Station),E01004476,Wandsworth 021C,Public order,,
,2023-07,British Transport Police,British Transport Police,-0.147897,51.452703,On or near Clapham South (Lu Station),E01004476,Wandsworth 021C,Theft from the person,,
,2023-07,British Transport Police,British Transport Police,-0.147897,51.452703,On or near Clapham South (Lu Station),E01004476,Wandsworth 021C,Theft from the person,,
,2023-07,British Transport Police,British Transport Police,-0.147897,51.452703,On or near Clapham South (Lu Station),E01004476,Wandsworth 021C,Violence and sexual offences,,
,2023-07,British Transport Police,British Transport Police,-0.147897,51.452703,On or near Clapham South (Lu Station),E01004476,Wandsworth 021C,Violence and sexual offences,,
,2023-07,British Transport Police,British Transport Police,-0.159541,51.435830,On or near Tooting Bec (Lu Station),E01004548,Wandsworth 029D,Bicycle theft,,
,2023-07,British Transport Police,British Transport Police,-0.159541,51.435830,On or near Tooting Bec (Lu Station),E01004548,Wandsworth 029D,Theft from the person,,
,2023-07,British Transport Police,British Transport Police,-0.159541,51.435830,On or near Tooting Bec (Lu Station),E01004548,Wandsworth 029D,Theft from the person,,
,2023-07,British Transport Police,British Transport Police,-0.159541,51.435830,On or near Tooting Bec (Lu Station),E01004548,Wandsworth 029D,Theft from the person,,
,2023-07,British Transport Police,British Transport Police,-0.159541,51.435830,On or near Tooting Bec (Lu Station),E01004548,Wandsworth 029D,Theft from the person,,
,2023-07,British Transport Police,British Transport Police,-0.159541,51.435830,On or near Tooting Bec (Lu Station),E01004548,Wandsworth 029D,Theft from the person,,
,2023-07,British Transport Police,British Transport Police,-0.159541,51.435830,On or near Tooting Bec (Lu Station),E01004548,Wandsworth 029D,Theft from the person,,
,2023-07,British Transport Police,British Transport Police,-0.167990,51.427515,On or near Tooting Broadway (Lu Station),E01004525,Wandsworth 035A,Public order,,
,2023-07,British Transport Police,British Transport Police,-0.167990,51.427515,On or near Tooting Broadway (Lu Station),E01004525,Wandsworth 035A,Public order,,
,2023-07,British Transport Police,British Transport Police,-0.167990,51.427515,On or near Tooting Broadway (Lu Station),E01004525,Wandsworth 035A,Theft from the person,,
,2023-07,British Transport Police,British Transport Police,-0.167990,51.427515,On or near Tooting Broadway (Lu Station),E01004525,Wandsworth 035A,Theft from the person,,
,2023-07,British Transport Police,British Transport Police,-0.167990,51.427515,On or near Tooting Broadway (Lu Station),E01004525,Wandsworth 035A,Theft from the person,,
,2023-07,British Transport Police,British Transport Police,-0.167990,51.427515,On or near Tooting Broadway (Lu Station),E01004525,Wandsworth 035A,Theft from the person,,
,2023-07,British Transport Police,British Transport Police,-0.167990,51.427515,On or near Tooting Broadway (Lu Station),E01004525,Wandsworth 035A,Violence and sexual offences,,
,2023-07,British Transport Police,British Transport Police,-0.167990,51.427515,On or near Tooting Broadway (Lu Station),E01004525,Wandsworth 035A,Violence and sexual offences,,
,2023-07,British Transport Police,British Transport Police,-0.167990,51.427515,On or near Tooting Broadway (Lu Station),E01004525,Wandsworth 035A,Violence and sexual offences,,
,2023-07,British Transport Police,British Transport Police,-0.147478,51.477264,On or near Battersea Park (Station),E01033100,Wandsworth 039B,Criminal damage and arson,,
,2023-07,British Transport Police,British Transport Police,-2.638027,53.394046,On or near Warrington West Railway (Station),E01035390,Warrington 010H,Public order,,
,2023-07,British Transport Police,British Transport Police,-2.638027,53.394046,On or near Warrington West Railway (Station),E01035390,Warrington 010H,Violence and sexual offences,,
,2023-07,British Transport Police,British Transport Police,-2.556930,53.405715,On or near Padgate (Station),E01012548,Warrington 012C,Theft from the person,,
,2023-07,British Transport Police,British Transport Police,-2.556930,53.405715,On or near Padgate (Station),E01012548,Warrington 012C,Theft from the person,,
,2023-07,British Transport Police,British Transport Police,-1.537427,52.284440,On or near Leamington Spa (Station),E01031261,Warwick 013A,Public order,,
,2023-07,British Transport Police,British Transport Police,-1.537427,52.284440,On or near Leamington Spa (Station),E01031261,Warwick 013A,Vehicle crime,,
,2023-07,British Transport Police,British Transport Police,-1.537427,52.284440,On or near Leamington Spa (Station),E01031261,Warwick 013A,Violence and sexual offences,,
,2023-07,British Transport Police,British Transport Police,-0.417319,51.657452,On or near Watford (Lu Station),E01023886,Watford 008A,Bicycle theft,,
,2023-07,British Transport Police,British Transport Police,-0.417319,51.657452,On or near Watford (Lu Station),E01023886,Watford 008A,Bicycle theft,,
,2023-07,British Transport Police,British Transport Police,-0.417319,51.657452,On or near Watford (Lu Station),E01023886,Watford 008A,Criminal damage and arson,,
,2023-07,British Transport Police,British Transport Police,-0.417319,51.657452,On or near Watford (Lu Station),E01023886,Watford 008A,Criminal damage and arson,,
,2023-07,British Transport Police,British Transport Police,-0.417319,51.657452,On or near Watford (Lu Station),E01023886,Watford 008A,Other theft,,
,2023-07,British Transport Police,British Transport Police,-0.417319,51.657452,On or near Watford (Lu Station),E01023886,Watford 008A,Vehicle crime,,
,2023-07,British Transport Police,British Transport Police,-0.391830,51.652575,On or near Watford High Street (Station),E01023862,Watford 009D,Other theft,,
,2023-07,British Transport Police,British Transport Police,-0.391830,51.652575,On or near Watford High Street (Station),E01023862,Watford 009D,Theft from the person,,
,2023-07,British Transport Police,British Transport Police,-0.396737,51.663132,On or near Watford Junction (Station),E01035574,Watford 009E,Bicycle theft,,
,2023-07,British Transport Police,British Transport Police,-0.396737,51.663132,On or near Watford Junction (Station),E01035574,Watford 009E,Bicycle theft,,
,2023-07,British Transport Police,British Transport Police,-0.396737,51.663132,On or near Watford Junction (Station),E01035574,Watford 009E,Bicycle theft,,
,2023-07,British Transport Police,British Transport Police,-0.396737,51.663132,On or near Watford Junction (Station),E01035574,Watford 009E,Bicycle theft,,
,2023-07,British Transport Police,British Transport Police,-0.396737,51.663132,On or near Watford Junction (Station),E01035574,Watford 009E,Bicycle theft,,
,2023-07,British Transport Police,British Transport Police,-0.396737,51.663132,On or near Watford Junction (Station),E01035574,Watford 009E,Bicycle theft,,
,2023-07,British Transport Police,British Transport Police,-0.396737,51.663132,On or near Watford Junction (Station),E01035574,Watford 009E,Bicycle theft,,
,2023-07,British Transport Police,British Transport Police,-0.396737,51.663132,On or near Watford Junction (Station),E01035574,Watford 009E,Bicycle theft,,
,2023-07,British Transport Police,British Transport Police,-0.396737,51.663132,On or near Watford Junction (Station),E01035574,Watford 009E,Bicycle theft,,
,2023-07,British Transport Police,British Transport Police,-0.396737,51.663132,On or near Watford Junction (Station),E01035574,Watford 009E,Criminal damage and arson,,
,2023-07,British Transport Police,British Transport Police,-0.396737,51.663132,On or near Watford Junction (Station),E01035574,Watford 009E,Other theft,,
,2023-07,British Transport Police,British Transport Police,-0.396737,51.663132,On or near Watford Junction (Station),E01035574,Watford 009E,Other theft,,
,2023-07,British Transport Police,British Transport Police,-0.396737,51.663132,On or near Watford Junction (Station),E01035574,Watford 009E,Other theft,,
,2023-07,British Transport Police,British Transport Police,-0.396737,51.663132,On or near Watford Junction (Station),E01035574,Watford 009E,Public order,,
,2023-07,British Transport Police,British Transport Police,-0.396737,51.663132,On or near Watford Junction (Station),E01035574,Watford 009E,Public order,,
,2023-07,British Transport Police,British Transport Police,-0.396737,51.663132,On or near Watford Junction (Station),E01035574,Watford 009E,Violence and sexual offences,,
,2023-07,British Transport Police,British Transport Police,-0.396737,51.663132,On or near Watford Junction (Station),E01035574,Watford 009E,Violence and sexual offences,,
,2023-07,British Transport Police,British Transport Police,-0.396737,51.663132,On or near Watford Junction (Station),E01035574,Watford 009E,Violence and sexual offences,,
,2023-07,British Transport Police,British Transport Police,-0.384284,51.645647,On or near Bushey (Station),E01023882,Watford 012A,Bicycle theft,,
,2023-07,British Transport Police,British Transport Police,-0.384284,51.645647,On or near Bushey (Station),E01023882,Watford 012A,Bicycle theft,,
,2023-07,British Transport Police,British Transport Police,-0.384284,51.645647,On or near Bushey (Station),E01023882,Watford 012A,Bicycle theft,,
,2023-07,British Transport Police,British Transport Police,-0.384284,51.645647,On or near Bushey (Station),E01023882,Watford 012A,Criminal damage and arson,,
,2023-07,British Transport Police,British Transport Police,-0.384284,51.645647,On or near Bushey (Station),E01023882,Watford 012A,Vehicle crime,,
,2023-07,British Transport Police,British Transport Police,-0.794342,51.211094,On or near Farnham (Station),E01030888,Waverley 004C,Bicycle theft,,
,2023-07,British Transport Police,British Transport Police,-0.794342,51.211094,On or near Farnham (Station),E01030888,Waverley 004C,Bicycle theft,,
,2023-07,British Transport Police,British Transport Police,-0.794342,51.211094,On or near Farnham (Station),E01030888,Waverley 004C,Bicycle theft,,
,2023-07,British Transport Police,British Transport Police,-0.636977,51.163794,On or near Milford (Surrey) (Station),E01030938,Waverley 011D,Bicycle theft,,
,2023-07,British Transport Police,British Transport Police,-0.636977,51.163794,On or near Milford (Surrey) (Station),E01030938,Waverley 011D,Criminal damage and arson,,
,2023-07,British Transport Police,British Transport Police,-0.636977,51.163794,On or near Milford (Surrey) (Station),E01030938,Waverley 011D,Criminal damage and arson,,
,2023-07,British Transport Police,British Transport Police,-0.636977,51.163794,On or near Milford (Surrey) (Station),E01030938,Waverley 011D,Theft from the person,,
,2023-07,British Transport Police,British Transport Police,-0.636977,51.163794,On or near Milford (Surrey) (Station),E01030938,Waverley 011D,Violence and sexual offences,,
,2023-07,British Transport Police,British Transport Police,-0.719912,51.088404,On or near Haslemere (Station),E01030931,Waverley 016B,Other theft,,
,2023-07,British Transport Police,British Transport Police,-0.719912,51.088404,On or near Haslemere (Station),E01030931,Waverley 016B,Vehicle crime,,
,2023-07,British Transport Police,British Transport Police,-0.719912,51.088404,On or near Haslemere (Station),E01030931,Waverley 016B,Vehicle crime,,
,2023-07,British Transport Police,British Transport Police,0.201448,51.089010,On or near Eridge (Station),E01021173,Wealden 002C,Criminal damage and arson,,
,2023-07,British Transport Police,British Transport Police,0.313226,51.073359,On or near Wadhurst (Station),E01021229,Wealden 005C,Bicycle theft,,
,2023-07,British Transport Police,British Transport Police,0.313226,51.073359,On or near Wadhurst (Station),E01021229,Wealden 005C,Public order,,
,2023-07,British Transport Police,British Transport Police,0.313226,51.073359,On or near Wadhurst (Station),E01021229,Wealden 005C,Public order,,
,2023-07,British Transport Police,British Transport Police,0.313226,51.073359,On or near Wadhurst (Station),E01021229,Wealden 005C,Public order,,
,2023-07,British Transport Police,British Transport Police,0.313226,51.073359,On or near Wadhurst (Station),E01021229,Wealden 005C,Public order,,
,2023-07,British Transport Police,British Transport Police,0.313226,51.073359,On or near Wadhurst (Station),E01021229,Wealden 005C,Vehicle crime,,
,2023-07,British Transport Police,British Transport Police,0.096535,50.968671,On or near Uckfield (Station),E01021222,Wealden 012B,Criminal damage and arson,,
,2023-07,British Transport Police,British Transport Police,0.096535,50.968671,On or near Uckfield (Station),E01021222,Wealden 012B,Public order,,
,2023-07,British Transport Police,British Transport Police,0.096535,50.968671,On or near Uckfield (Station),E01021222,Wealden 012B,Violence and sexual offences,,
,2023-07,British Transport Police,British Transport Police,0.245027,50.821246,On or near Polegate (Station),E01021213,Wealden 019B,Bicycle theft,,
,2023-07,British Transport Police,British Transport Police,0.245027,50.821246,On or near Polegate (Station),E01021213,Wealden 019B,Criminal damage and arson,,
,2023-07,British Transport Police,British Transport Police,0.245027,50.821246,On or near Polegate (Station),E01021213,Wealden 019B,Criminal damage and arson,,
,2023-07,British Transport Police,British Transport Police,0.324722,50.815791,On or near Pevensey & Westham (Station),E01021206,Wealden 020A,Bicycle theft,,
,2023-07,British Transport Police,British Transport Police,-0.203803,51.800837,On or near Welwyn Garden City (Station),E01023918,Welwyn Hatfield 006C,Bicycle theft,,
,2023-07,British Transport Police,British Transport Police,-0.203803,51.800837,On or near Welwyn Garden City (Station),E01023918,Welwyn Hatfield 006C,Other theft,,
,2023-07,British Transport Police,British Transport Police,-0.203803,51.800837,On or near Welwyn Garden City (Station),E01023918,Welwyn Hatfield 006C,Other theft,,
,2023-07,British Transport Police,British Transport Police,-0.203803,51.800837,On or near Welwyn Garden City (Station),E01023918,Welwyn Hatfield 006C,Other theft,,
,2023-07,British Transport Police,British Transport Police,-0.203803,51.800837,On or near Welwyn Garden City (Station),E01023918,Welwyn Hatfield 006C,Public order,,
,2023-07,British Transport Police,British Transport Police,-0.203803,51.800837,On or near Welwyn Garden City (Station),E01023918,Welwyn Hatfield 006C,Theft from the person,,
,2023-07,British Transport Police,British Transport Police,-0.203803,51.800837,On or near Welwyn Garden City (Station),E01023918,Welwyn Hatfield 006C,Violence and sexual offences,,
,2023-07,British Transport Police,British Transport Police,-0.203803,51.800837,On or near Welwyn Garden City (Station),E01023918,Welwyn Hatfield 006C,Violence and sexual offences,,
,2023-07,British Transport Police,British Transport Police,-0.203803,51.800837,On or near Welwyn Garden City (Station),E01023918,Welwyn Hatfield 006C,Violence and sexual offences,,
,2023-07,British Transport Police,British Transport Police,-0.203803,51.800837,On or near Welwyn Garden City (Station),E01023918,Welwyn Hatfield 006C,Violence and sexual offences,,
,2023-07,British Transport Police,British Transport Police,-0.215559,51.763897,On or near Hatfield (Station),E01023926,Welwyn Hatfield 011C,Bicycle theft,,
,2023-07,British Transport Police,British Transport Police,-0.215559,51.763897,On or near Hatfield (Station),E01023926,Welwyn Hatfield 011C,Bicycle theft,,
,2023-07,British Transport Police,British Transport Police,-0.215559,51.763897,On or near Hatfield (Station),E01023926,Welwyn Hatfield 011C,Bicycle theft,,
,2023-07,British Transport Police,British Transport Police,-0.215559,51.763897,On or near Hatfield (Station),E01023926,Welwyn Hatfield 011C,Bicycle theft,,
,2023-07,British Transport Police,British Transport Police,-0.215559,51.763897,On or near Hatfield (Station),E01023926,Welwyn Hatfield 011C,Other theft,,
,2023-07,British Transport Police,British Transport Police,-0.215559,51.763897,On or near Hatfield (Station),E01023926,Welwyn Hatfield 011C,Public order,,
,2023-07,British Transport Police,British Transport Police,-0.215559,51.763897,On or near Hatfield (Station),E01023926,Welwyn Hatfield 011C,Public order,,
,2023-07,British Transport Police,British Transport Police,-0.215559,51.763897,On or near Hatfield (Station),E01023926,Welwyn Hatfield 011C,Shoplifting,,
,2023-07,British Transport Police,British Transport Police,-0.215559,51.763897,On or near Hatfield (Station),E01023926,Welwyn Hatfield 011C,Violence and sexual offences,,
,2023-07,British Transport Police,British Transport Police,-0.215559,51.763897,On or near Hatfield (Station),E01023926,Welwyn Hatfield 011C,Other crime,,
,2023-07,British Transport Police,British Transport Police,-0.204686,51.720875,On or near Brookmans Park (Station),E01023911,Welwyn Hatfield 015D,Criminal damage and arson,,
,2023-07,British Transport Police,British Transport Police,-0.109596,51.708691,On or near Cuffley (Station),E01023948,Welwyn Hatfield 016B,Vehicle crime,,
,2023-07,British Transport Police,British Transport Police,-1.582410,51.508358,On or near Durham (Station),E01016305,West Berkshire 002C,Other theft,,
,2023-07,British Transport Police,British Transport Police,-1.582410,51.508358,On or near Durham (Station),E01016305,West Berkshire 002C,Other theft,,
,2023-07,British Transport Police,British Transport Police,-1.582410,51.508358,On or near Durham (Station),E01016305,West Berkshire 002C,Vehicle crime,,
,2023-07,British Transport Police,British Transport Police,-1.582410,51.508358,On or near Durham (Station),E01016305,West Berkshire 002C,Violence and sexual offences,,
,2023-07,British Transport Police,British Transport Police,-1.582410,51.508358,On or near Durham (Station),E01016305,West Berkshire 002C,Violence and sexual offences,,
,2023-07,British Transport Police,British Transport Police,-1.093023,51.436231,On or near Ashford(Surrey) (Station),E01016328,West Berkshire 009B,Violence and sexual offences,,
,2023-07,British Transport Police,British Transport Police,-1.093023,51.436231,On or near Ashford(Surrey) (Station),E01016328,West Berkshire 009B,Violence and sexual offences,,
,2023-07,British Transport Police,British Transport Police,-1.074442,51.433384,On or near Theale (Station),E01016345,West Berkshire 009D,Vehicle crime,,
,2023-07,British Transport Police,British Transport Police,-1.512632,51.414415,On or near Hungerford (Station),E01016299,West Berkshire 010D,Violence and sexual offences,,
,2023-07,British Transport Police,British Transport Police,-1.446420,51.402395,On or near Kintbury (Station),E01016302,West Berkshire 018C,Criminal damage and arson,,
,2023-07,British Transport Police,British Transport Police,-1.307078,51.398627,On or near Newbury Racecourse (Station),E01033854,West Berkshire 019G,Public order,,
,2023-07,British Transport Police,British Transport Police,-1.323824,51.397653,On or near Newbury (Station),E01033855,West Berkshire 019H,Bicycle theft,,
,2023-07,British Transport Police,British Transport Police,-1.323824,51.397653,On or near Newbury (Station),E01033855,West Berkshire 019H,Bicycle theft,,
,2023-07,British Transport Police,British Transport Police,-1.323824,51.397653,On or near Newbury (Station),E01033855,West Berkshire 019H,Criminal damage and arson,,
,2023-07,British Transport Police,British Transport Police,-1.035725,51.372016,On or near Mortimer (Station),E01016308,West Berkshire 022B,Bicycle theft,,
,2023-07,British Transport Police,British Transport Police,-3.941057,50.817763,On or near Goring-By-Sea (Station),E01020320,West Devon 001A,Criminal damage and arson,,
,2023-07,British Transport Police,British Transport Police,-3.941057,50.817763,On or near Goring-By-Sea (Station),E01020320,West Devon 001A,Other theft,,
,2023-07,British Transport Police,British Transport Police,-3.941057,50.817763,On or near Goring-By-Sea (Station),E01020320,West Devon 001A,Violence and sexual offences,,
,2023-07,British Transport Police,British Transport Police,-3.941057,50.817763,On or near Goring-By-Sea (Station),E01020320,West Devon 001A,Violence and sexual offences,,
,2023-07,British Transport Police,British Transport Police,-2.841499,53.605483,On or near Burscough Bridge (Station),E01025485,West Lancashire 004C,Violence and sexual offences,,
,2023-07,British Transport Police,British Transport Police,-2.881071,53.569229,On or near Ormskirk (Station),E01025488,West Lancashire 007A,Criminal damage and arson,,
,2023-07,British Transport Police,British Transport Police,-0.174085,51.534703,On or near St  John'S Wood (Lu Station),E01004649,Westminster 001B,Other theft,,
,2023-07,British Transport Police,British Transport Police,-0.174085,51.534703,On or near St  John'S Wood (Lu Station),E01004649,Westminster 001B,Theft from the person,,
,2023-07,British Transport Police,British Transport Police,-0.174085,51.534703,On or near St  John'S Wood (Lu Station),E01004649,Westminster 001B,Theft from the person,,
,2023-07,British Transport Police,British Transport Police,-0.174085,51.534703,On or near St  John'S Wood (Lu Station),E01004649,Westminster 001B,Violence and sexual offences,,
,2023-07,British Transport Police,British Transport Police,-0.183643,51.523152,On or near Warwick Avenue (Lu Station),E01004703,Westminster 007B,Criminal damage and arson,,
,2023-07,British Transport Police,British Transport Police,-0.183643,51.523152,On or near Warwick Avenue (Lu Station),E01004703,Westminster 007B,Other theft,,
,2023-07,British Transport Police,British Transport Police,-0.183643,51.523152,On or near Warwick Avenue (Lu Station),E01004703,Westminster 007B,Theft from the person,,
,2023-07,British Transport Police,British Transport Police,-0.185627,51.529828,On or near Maida Vale (Lu Station),E01004709,Westminster 007E,Violence and sexual offences,,
,2023-07,British Transport Police,British Transport Police,-0.163023,51.522614,On or near Marylebone (Lu Station),E01004659,Westminster 008A,Criminal damage and arson,,
,2023-07,British Transport Police,British Transport Police,-0.163023,51.522614,On or near Marylebone (Lu Station),E01004659,Westminster 008A,Other theft,,
,2023-07,British Transport Police,British Transport Police,-0.163023,51.522614,On or near Marylebone (Lu Station),E01004659,Westminster 008A,Other theft,,
,2023-07,British Transport Police,British Transport Police,-0.163023,51.522614,On or near Marylebone (Lu Station),E01004659,Westminster 008A,Other theft,,
,2023-07,British Transport Police,British Transport Police,-0.163023,51.522614,On or near Marylebone (Lu Station),E01004659,Westminster 008A,Other theft,,
,2023-07,British Transport Police,British Transport Police,-0.163023,51.522614,On or near Marylebone (Lu Station),E01004659,Westminster 008A,Public order,,
,2023-07,British Transport Police,British Transport Police,-0.163023,51.522614,On or near Marylebone (Lu Station),E01004659,Westminster 008A,Public order,,
,2023-07,British Transport Police,British Transport Police,-0.163023,51.522614,On or near Marylebone (Lu Station),E01004659,Westminster 008A,Public order,,
,2023-07,British Transport Police,British Transport Police,-0.163023,51.522614,On or near Marylebone (Lu Station),E01004659,Westminster 008A,Public order,,
,2023-07,British Transport Police,British Transport Police,-0.163023,51.522614,On or near Marylebone (Lu Station),E01004659,Westminster 008A,Public order,,
,2023-07,British Transport Police,British Transport Police,-0.163023,51.522614,On or near Marylebone (Lu Station),E01004659,Westminster 008A,Public order,,
,2023-07,British Transport Police,British Transport Police,-0.163023,51.522614,On or near Marylebone (Lu Station),E01004659,Westminster 008A,Public order,,
,2023-07,British Transport Police,British Transport Police,-0.163023,51.522614,On or near Marylebone (Lu Station),E01004659,Westminster 008A,Robbery,,
,2023-07,British Transport Police,British Transport Police,-0.163023,51.522614,On or near Marylebone (Lu Station),E01004659,Westminster 008A,Shoplifting,,
,2023-07,British Transport Police,British Transport Police,-0.163023,51.522614,On or near Marylebone (Lu Station),E01004659,Westminster 008A,Shoplifting,,
,2023-07,British Transport Police,British Transport Police,-0.163023,51.522614,On or near Marylebone (Lu Station),E01004659,Westminster 008A,Shoplifting,,
,2023-07,British Transport Police,British Transport Police,-0.163023,51.522614,On or near Marylebone (Lu Station),E01004659,Westminster 008A,Shoplifting,,
,2023-07,British Transport Police,British Transport Police,-0.163023,51.522614,On or near Marylebone (Lu Station),E01004659,Westminster 008A,Shoplifting,,
,2023-07,British Transport Police,British Transport Police,-0.163023,51.522614,On or near Marylebone (Lu Station),E01004659,Westminster 008A,Shoplifting,,
,2023-07,British Transport Police,British Transport Police,-0.163023,51.522614,On or near Marylebone (Lu Station),E01004659,Westminster 008A,Shoplifting,,
,2023-07,British Transport Police,British Transport Police,-0.163023,51.522614,On or near Marylebone (Lu Station),E01004659,Westminster 008A,Shoplifting,,
,2023-07,British Transport Police,British Transport Police,-0.163023,51.522614,On or near Marylebone (Lu Station),E01004659,Westminster 008A,Shoplifting,,
,2023-07,British Transport Police,British Transport Police,-0.163023,51.522614,On or near Marylebone (Lu Station),E01004659,Westminster 008A,Theft from the person,,
,2023-07,British Transport Police,British Transport Police,-0.163023,51.522614,On or near Marylebone (Lu Station),E01004659,Westminster 008A,Theft from the person,,
,2023-07,British Transport Police,British Transport Police,-0.163023,51.522614,On or near Marylebone (Lu Station),E01004659,Westminster 008A,Theft from the person,,
,2023-07,British Transport Police,British Transport Police,-0.163023,51.522614,On or near Marylebone (Lu Station),E01004659,Westminster 008A,Violence and sexual offences,,
,2023-07,British Transport Police,British Transport Police,-0.163023,51.522614,On or near Marylebone (Lu Station),E01004659,Westminster 008A,Violence and sexual offences,,
,2023-07,British Transport Police,British Transport Police,-0.163023,51.522614,On or near Marylebone (Lu Station),E01004659,Westminster 008A,Violence and sexual offences,,
,2023-07,British Transport Police,British Transport Police,-0.163023,51.522614,On or near Marylebone (Lu Station),E01004659,Westminster 008A,Violence and sexual offences,,
,2023-07,British Transport Police,British Transport Police,-0.157481,51.522271,On or near Baker Street (Lu Station),E01004727,Westminster 008D,Other theft,,
,2023-07,British Transport Police,British Transport Police,-0.157481,51.522271,On or near Baker Street (Lu Station),E01004727,Westminster 008D,Other theft,,
,2023-07,British Transport Police,British Transport Police,-0.157481,51.522271,On or near Baker Street (Lu Station),E01004727,Westminster 008D,Other theft,,
,2023-07,British Transport Police,British Transport Police,-0.157481,51.522271,On or near Baker Street (Lu Station),E01004727,Westminster 008D,Other theft,,
,2023-07,British Transport Police,British Transport Police,-0.157481,51.522271,On or near Baker Street (Lu Station),E01004727,Westminster 008D,Public order,,
,2023-07,British Transport Police,British Transport Police,-0.157481,51.522271,On or near Baker Street (Lu Station),E01004727,Westminster 008D,Public order,,
,2023-07,British Transport Police,British Transport Police,-0.157481,51.522271,On or near Baker Street (Lu Station),E01004727,Westminster 008D,Shoplifting,,
,2023-07,British Transport Police,British Transport Police,-0.157481,51.522271,On or near Baker Street (Lu Station),E01004727,Westminster 008D,Shoplifting,,
,2023-07,British Transport Police,British Transport Police,-0.157481,51.522271,On or near Baker Street (Lu Station),E01004727,Westminster 008D,Shoplifting,,
,2023-07,British Transport Police,British Transport Police,-0.157481,51.522271,On or near Baker Street (Lu Station),E01004727,Westminster 008D,Shoplifting,,
,2023-07,British Transport Police,British Transport Police,-0.157481,51.522271,On or near Baker Street (Lu Station),E01004727,Westminster 008D,Shoplifting,,
,2023-07,British Transport Police,British Transport Police,-0.157481,51.522271,On or near Baker Street (Lu Station),E01004727,Westminster 008D,Shoplifting,,
,2023-07,British Transport Police,British Transport Police,-0.157481,51.522271,On or near Baker Street (Lu Station),E01004727,Westminster 008D,Shoplifting,,
,2023-07,British Transport Police,British Transport Police,-0.157481,51.522271,On or near Baker Street (Lu Station),E01004727,Westminster 008D,Shoplifting,,
,2023-07,British Transport Police,British Transport Police,-0.157481,51.522271,On or near Baker Street (Lu Station),E01004727,Westminster 008D,Shoplifting,,
,2023-07,British Transport Police,British Transport Police,-0.157481,51.522271,On or near Baker Street (Lu Station),E01004727,Westminster 008D,Shoplifting,,
,2023-07,British Transport Police,British Transport Police,-0.157481,51.522271,On or near Baker Street (Lu Station),E01004727,Westminster 008D,Shoplifting,,
,2023-07,British Transport Police,British Transport Police,-0.157481,51.522271,On or near Baker Street (Lu Station),E01004727,Westminster 008D,Shoplifting,,
,2023-07,British Transport Police,British Transport Police,-0.157481,51.522271,On or near Baker Street (Lu Station),E01004727,Westminster 008D,Shoplifting,,
,2023-07,British Transport Police,British Transport Police,-0.157481,51.522271,On or near Baker Street (Lu Station),E01004727,Westminster 008D,Shoplifting,,
,2023-07,British Transport Police,British Transport Police,-0.157481,51.522271,On or near Baker Street (Lu Station),E01004727,Westminster 008D,Theft from the person,,
,2023-07,British Transport Police,British Transport Police,-0.157481,51.522271,On or near Baker Street (Lu Station),E01004727,Westminster 008D,Theft from the person,,
,2023-07,British Transport Police,British Transport Police,-0.157481,51.522271,On or near Baker Street (Lu Station),E01004727,Westminster 008D,Theft from the person,,
,2023-07,British Transport Police,British Transport Police,-0.157481,51.522271,On or near Baker Street (Lu Station),E01004727,Westminster 008D,Theft from the person,,
,2023-07,British Transport Police,British Transport Police,-0.157481,51.522271,On or near Baker Street (Lu Station),E01004727,Westminster 008D,Theft from the person,,
,2023-07,British Transport Police,British Transport Police,-0.157481,51.522271,On or near Baker Street (Lu Station),E01004727,Westminster 008D,Theft from the person,,
,2023-07,British Transport Police,British Transport Police,-0.157481,51.522271,On or near Baker Street (Lu Station),E01004727,Westminster 008D,Theft from the person,,
,2023-07,British Transport Police,British Transport Police,-0.157481,51.522271,On or near Baker Street (Lu Station),E01004727,Westminster 008D,Theft from the person,,
,2023-07,British Transport Police,British Transport Police,-0.157481,51.522271,On or near Baker Street (Lu Station),E01004727,Westminster 008D,Theft from the person,,
,2023-07,British Transport Police,British Transport Police,-0.157481,51.522271,On or near Baker Street (Lu Station),E01004727,Westminster 008D,Theft from the person,,
,2023-07,British Transport Police,British Transport Police,-0.157481,51.522271,On or near Baker Street (Lu Station),E01004727,Westminster 008D,Violence and sexual offences,,
,2023-07,British Transport Police,British Transport Police,-0.157481,51.522271,On or near Baker Street (Lu Station),E01004727,Westminster 008D,Violence and sexual offences,,
,2023-07,British Transport Police,British Transport Police,-0.157481,51.522271,On or near Baker Street (Lu Station),E01004727,Westminster 008D,Violence and sexual offences,,
,2023-07,British Transport Police,British Transport Police,-0.157481,51.522271,On or near Baker Street (Lu Station),E01004727,Westminster 008D,Violence and sexual offences,,
,2023-07,British Transport Police,British Transport Police,-0.157481,51.522271,On or near Baker Street (Lu Station),E01004727,Westminster 008D,Violence and sexual offences,,
,2023-07,British Transport Police,British Transport Police,-0.170137,51.520252,On or near Edgware Road (Bak) (Lu Station),E01033604,Westminster 009J,Other theft,,
,2023-07,British Transport Police,British Transport Police,-0.170137,51.520252,On or near Edgware Road (Bak) (Lu Station),E01033604,Westminster 009J,Other theft,,
,2023-07,British Transport Police,British Transport Police,-0.170137,51.520252,On or near Edgware Road (Bak) (Lu Station),E01033604,Westminster 009J,Other theft,,
,2023-07,British Transport Police,British Transport Police,-0.170137,51.520252,On or near Edgware Road (Bak) (Lu Station),E01033604,Westminster 009J,Public order,,
,2023-07,British Transport Police,British Transport Police,-0.170137,51.520252,On or near Edgware Road (Bak) (Lu Station),E01033604,Westminster 009J,Public order,,
,2023-07,British Transport Police,British Transport Police,-0.170137,51.520252,On or near Edgware Road (Bak) (Lu Station),E01033604,Westminster 009J,Violence and sexual offences,,
,2023-07,British Transport Police,British Transport Police,-0.149007,51.514535,On or near Bond Street (Lu Station),E01004714,Westminster 011B,Drugs,,
,2023-07,British Transport Police,British Transport Police,-0.149007,51.514535,On or near Bond Street (Lu Station),E01004714,Westminster 011B,Other theft,,
,2023-07,British Transport Police,British Transport Police,-0.149007,51.514535,On or near Bond Street (Lu Station),E01004714,Westminster 011B,Other theft,,
,2023-07,British Transport Police,British Transport Police,-0.149007,51.514535,On or near Bond Street (Lu Station),E01004714,Westminster 011B,Other theft,,
,2023-07,British Transport Police,British Transport Police,-0.149007,51.514535,On or near Bond Street (Lu Station),E01004714,Westminster 011B,Other theft,,
,2023-07,British Transport Police,British Transport Police,-0.149007,51.514535,On or near Bond Street (Lu Station),E01004714,Westminster 011B,Other theft,,
,2023-07,British Transport Police,British Transport Police,-0.149007,51.514535,On or near Bond Street (Lu Station),E01004714,Westminster 011B,Other theft,,
,2023-07,British Transport Police,British Transport Police,-0.149007,51.514535,On or near Bond Street (Lu Station),E01004714,Westminster 011B,Other theft,,
,2023-07,British Transport Police,British Transport Police,-0.149007,51.514535,On or near Bond Street (Lu Station),E01004714,Westminster 011B,Other theft,,
,2023-07,British Transport Police,British Transport Police,-0.149007,51.514535,On or near Bond Street (Lu Station),E01004714,Westminster 011B,Other theft,,
,2023-07,British Transport Police,British Transport Police,-0.149007,51.514535,On or near Bond Street (Lu Station),E01004714,Westminster 011B,Other theft,,
,2023-07,British Transport Police,British Transport Police,-0.149007,51.514535,On or near Bond Street (Lu Station),E01004714,Westminster 011B,Other theft,,
,2023-07,British Transport Police,British Transport Police,-0.149007,51.514535,On or near Bond Street (Lu Station),E01004714,Westminster 011B,Other theft,,
,2023-07,British Transport Police,British Transport Police,-0.149007,51.514535,On or near Bond Street (Lu Station),E01004714,Westminster 011B,Public order,,
,2023-07,British Transport Police,British Transport Police,-0.149007,51.514535,On or near Bond Street (Lu Station),E01004714,Westminster 011B,Public order,,
,2023-07,British Transport Police,British Transport Police,-0.149007,51.514535,On or near Bond Street (Lu Station),E01004714,Westminster 011B,Public order,,
,2023-07,British Transport Police,British Transport Police,-0.149007,51.514535,On or near Bond Street (Lu Station),E01004714,Westminster 011B,Robbery,,
,2023-07,British Transport Police,British Transport Police,-0.149007,51.514535,On or near Bond Street (Lu Station),E01004714,Westminster 011B,Theft from the person,,
,2023-07,British Transport Police,British Transport Police,-0.149007,51.514535,On or near Bond Street (Lu Station),E01004714,Westminster 011B,Theft from the person,,
,2023-07,British Transport Police,British Transport Police,-0.149007,51.514535,On or near Bond Street (Lu Station),E01004714,Westminster 011B,Theft from the person,,
,2023-07,British Transport Police,British Transport Police,-0.149007,51.514535,On or near Bond Street (Lu Station),E01004714,Westminster 011B,Theft from the person,,
,2023-07,British Transport Police,British Transport Police,-0.149007,51.514535,On or near Bond Street (Lu Station),E01004714,Westminster 011B,Theft from the person,,
,2023-07,British Transport Police,British Transport Police,-0.149007,51.514535,On or near Bond Street (Lu Station),E01004714,Westminster 011B,Theft from the person,,
,2023-07,British Transport Police,British Transport Police,-0.149007,51.514535,On or near Bond Street (Lu Station),E01004714,Westminster 011B,Theft from the person,,
,2023-07,British Transport Police,British Transport Police,-0.149007,51.514535,On or near Bond Street (Lu Station),E01004714,Westminster 011B,Theft from the person,,
,2023-07,British Transport Police,British Transport Police,-0.149007,51.514535,On or near Bond Street (Lu Station),E01004714,Westminster 011B,Theft from the person,,
,2023-07,British Transport Police,British Transport Police,-0.149007,51.514535,On or near Bond Street (Lu Station),E01004714,Westminster 011B,Theft from the person,,
,2023-07,British Transport Police,British Transport Police,-0.149007,51.514535,On or near Bond Street (Lu Station),E01004714,Westminster 011B,Theft from the person,,
,2023-07,British Transport Police,British Transport Police,-0.149007,51.514535,On or near Bond Street (Lu Station),E01004714,Westminster 011B,Theft from the person,,
,2023-07,British Transport Police,British Transport Police,-0.149007,51.514535,On or near Bond Street (Lu Station),E01004714,Westminster 011B,Theft from the person,,
,2023-07,British Transport Police,British Transport Police,-0.149007,51.514535,On or near Bond Street (Lu Station),E01004714,Westminster 011B,Theft from the person,,
,2023-07,British Transport Police,British Transport Police,-0.149007,51.514535,On or near Bond Street (Lu Station),E01004714,Westminster 011B,Violence and sexual offences,,
,2023-07,British Transport Police,British Transport Police,-0.149007,51.514535,On or near Bond Street (Lu Station),E01004714,Westminster 011B,Violence and sexual offences,,
,2023-07,British Transport Police,British Transport Police,-0.149007,51.514535,On or near Bond Street (Lu Station),E01004714,Westminster 011B,Violence and sexual offences,,
,2023-07,British Transport Police,British Transport Police,-0.149007,51.514535,On or near Bond Street (Lu Station),E01004714,Westminster 011B,Violence and sexual offences,,
,2023-07,British Transport Police,British Transport Police,-0.149007,51.514535,On or near Bond Street (Lu Station),E01004714,Westminster 011B,Violence and sexual offences,,
,2023-07,British Transport Police,British Transport Police,-0.146868,51.523575,On or near Regent'S Park (Lu Station),E01004716,Westminster 011C,Other theft,,
,2023-07,British Transport Police,British Transport Police,-0.146868,51.523575,On or near Regent'S Park (Lu Station),E01004716,Westminster 011C,Theft from the person,,
,2023-07,British Transport Police,British Transport Police,-0.158441,51.513614,On or near Marble Arch (Lu Station),E01004658,Westminster 012B,Public order,,
,2023-07,British Transport Police,British Transport Police,-0.158441,51.513614,On or near Marble Arch (Lu Station),E01004658,Westminster 012B,Public order,,
,2023-07,British Transport Police,British Transport Police,-0.158441,51.513614,On or near Marble Arch (Lu Station),E01004658,Westminster 012B,Theft from the person,,
,2023-07,British Transport Police,British Transport Police,-0.158441,51.513614,On or near Marble Arch (Lu Station),E01004658,Westminster 012B,Theft from the person,,
,2023-07,British Transport Police,British Transport Police,-0.158441,51.513614,On or near Marble Arch (Lu Station),E01004658,Westminster 012B,Theft from the person,,
,2023-07,British Transport Police,British Transport Police,-0.158441,51.513614,On or near Marble Arch (Lu Station),E01004658,Westminster 012B,Theft from the person,,
,2023-07,British Transport Police,British Transport Police,-0.158441,51.513614,On or near Marble Arch (Lu Station),E01004658,Westminster 012B,Theft from the person,,
,2023-07,British Transport Police,British Transport Police,-0.158441,51.513614,On or near Marble Arch (Lu Station),E01004658,Westminster 012B,Violence and sexual offences,,
,2023-07,British Transport Police,British Transport Police,-0.168751,51.519602,On or near Edgware Road (Cir Dis H&C) (Lu Station),E01004661,Westminster 012C,Public order,,
,2023-07,British Transport Police,British Transport Police,-0.168751,51.519602,On or near Edgware Road (Cir Dis H&C) (Lu Station),E01004661,Westminster 012C,Theft from the person,,
,2023-07,British Transport Police,British Transport Police,-0.143961,51.523907,On or near Great Portland Street (Lu Station),E01004715,Westminster 013A,Other theft,,
,2023-07,British Transport Police,British Transport Police,-0.143961,51.523907,On or near Great Portland Street (Lu Station),E01004715,Westminster 013A,Other theft,,
,2023-07,British Transport Police,British Transport Police,-0.143961,51.523907,On or near Great Portland Street (Lu Station),E01004715,Westminster 013A,Public order,,
,2023-07,British Transport Police,British Transport Police,-0.143961,51.523907,On or near Great Portland Street (Lu Station),E01004715,Westminster 013A,Robbery,,
,2023-07,British Transport Police,British Transport Police,-0.130498,51.516391,On or near Tottenham Court Road (Lu Station),E01004763,Westminster 013B,Criminal damage and arson,,
,2023-07,British Transport Police,British Transport Police,-0.130498,51.516391,On or near Tottenham Court Road (Lu Station),E01004763,Westminster 013B,Criminal damage and arson,,
,2023-07,British Transport Police,British Transport Police,-0.130498,51.516391,On or near Tottenham Court Road (Lu Station),E01004763,Westminster 013B,Other theft,,
,2023-07,British Transport Police,British Transport Police,-0.130498,51.516391,On or near Tottenham Court Road (Lu Station),E01004763,Westminster 013B,Other theft,,
,2023-07,British Transport Police,British Transport Police,-0.130498,51.516391,On or near Tottenham Court Road (Lu Station),E01004763,Westminster 013B,Other theft,,
,2023-07,British Transport Police,British Transport Police,-0.130498,51.516391,On or near Tottenham Court Road (Lu Station),E01004763,Westminster 013B,Other theft,,
,2023-07,British Transport Police,British Transport Police,-0.130498,51.516391,On or near Tottenham Court Road (Lu Station),E01004763,Westminster 013B,Other theft,,
,2023-07,British Transport Police,British Transport Police,-0.130498,51.516391,On or near Tottenham Court Road (Lu Station),E01004763,Westminster 013B,Other theft,,
,2023-07,British Transport Police,British Transport Police,-0.130498,51.516391,On or near Tottenham Court Road (Lu Station),E01004763,Westminster 013B,Other theft,,
,2023-07,British Transport Police,British Transport Police,-0.130498,51.516391,On or near Tottenham Court Road (Lu Station),E01004763,Westminster 013B,Other theft,,
,2023-07,British Transport Police,British Transport Police,-0.130498,51.516391,On or near Tottenham Court Road (Lu Station),E01004763,Westminster 013B,Other theft,,
,2023-07,British Transport Police,British Transport Police,-0.130498,51.516391,On or near Tottenham Court Road (Lu Station),E01004763,Westminster 013B,Other theft,,
,2023-07,British Transport Police,British Transport Police,-0.130498,51.516391,On or near Tottenham Court Road (Lu Station),E01004763,Westminster 013B,Public order,,
,2023-07,British Transport Police,British Transport Police,-0.130498,51.516391,On or near Tottenham Court Road (Lu Station),E01004763,Westminster 013B,Robbery,,
,2023-07,British Transport Police,British Transport Police,-0.130498,51.516391,On or near Tottenham Court Road (Lu Station),E01004763,Westminster 013B,Theft from the person,,
,2023-07,British Transport Police,British Transport Police,-0.130498,51.516391,On or near Tottenham Court Road (Lu Station),E01004763,Westminster 013B,Theft from the person,,
,2023-07,British Transport Police,British Transport Police,-0.130498,51.516391,On or near Tottenham Court Road (Lu Station),E01004763,Westminster 013B,Theft from the person,,
,2023-07,British Transport Police,British Transport Police,-0.130498,51.516391,On or near Tottenham Court Road (Lu Station),E01004763,Westminster 013B,Theft from the person,,
,2023-07,British Transport Police,British Transport Police,-0.130498,51.516391,On or near Tottenham Court Road (Lu Station),E01004763,Westminster 013B,Theft from the person,,
,2023-07,British Transport Police,British Transport Police,-0.130498,51.516391,On or near Tottenham Court Road (Lu Station),E01004763,Westminster 013B,Theft from the person,,
,2023-07,British Transport Police,British Transport Police,-0.130498,51.516391,On or near Tottenham Court Road (Lu Station),E01004763,Westminster 013B,Theft from the person,,
,2023-07,British Transport Police,British Transport Police,-0.130498,51.516391,On or near Tottenham Court Road (Lu Station),E01004763,Westminster 013B,Theft from the person,,
,2023-07,British Transport Police,British Transport Police,-0.130498,51.516391,On or near Tottenham Court Road (Lu Station),E01004763,Westminster 013B,Theft from the person,,
,2023-07,British Transport Police,British Transport Police,-0.130498,51.516391,On or near Tottenham Court Road (Lu Station),E01004763,Westminster 013B,Theft from the person,,
,2023-07,British Transport Police,British Transport Police,-0.130498,51.516391,On or near Tottenham Court Road (Lu Station),E01004763,Westminster 013B,Theft from the person,,
,2023-07,British Transport Police,British Transport Police,-0.130498,51.516391,On or near Tottenham Court Road (Lu Station),E01004763,Westminster 013B,Theft from the person,,
,2023-07,British Transport Police,British Transport Police,-0.130498,51.516391,On or near Tottenham Court Road (Lu Station),E01004763,Westminster 013B,Theft from the person,,
,2023-07,British Transport Police,British Transport Police,-0.130498,51.516391,On or near Tottenham Court Road (Lu Station),E01004763,Westminster 013B,Violence and sexual offences,,
,2023-07,British Transport Police,British Transport Police,-0.130498,51.516391,On or near Tottenham Court Road (Lu Station),E01004763,Westminster 013B,Violence and sexual offences,,
,2023-07,British Transport Police,British Transport Police,-0.130498,51.516391,On or near Tottenham Court Road (Lu Station),E01004763,Westminster 013B,Violence and sexual offences,,
,2023-07,British Transport Police,British Transport Police,-0.130498,51.516391,On or near Tottenham Court Road (Lu Station),E01004763,Westminster 013B,Violence and sexual offences,,
,2023-07,British Transport Police,British Transport Police,-0.130498,51.516391,On or near Tottenham Court Road (Lu Station),E01004763,Westminster 013B,Violence and sexual offences,,
,2023-07,British Transport Police,British Transport Police,-0.130498,51.516391,On or near Tottenham Court Road (Lu Station),E01004763,Westminster 013B,Violence and sexual offences,,
,2023-07,British Transport Police,British Transport Police,-0.130498,51.516391,On or near Tottenham Court Road (Lu Station),E01004763,Westminster 013B,Violence and sexual offences,,
,2023-07,British Transport Police,British Transport Police,-0.130498,51.516391,On or near Tottenham Court Road (Lu Station),E01004763,Westminster 013B,Violence and sexual offences,,
,2023-07,British Transport Police,British Transport Police,-0.130498,51.516391,On or near Tottenham Court Road (Lu Station),E01004763,Westminster 013B,Other crime,,
,2023-07,British Transport Police,British Transport Police,-0.142071,51.515201,On or near Oxford Circus (Lu Station),E01035716,Westminster 013G,Other theft,,
,2023-07,British Transport Police,British Transport Police,-0.142071,51.515201,On or near Oxford Circus (Lu Station),E01035716,Westminster 013G,Other theft,,
,2023-07,British Transport Police,British Transport Police,-0.142071,51.515201,On or near Oxford Circus (Lu Station),E01035716,Westminster 013G,Other theft,,
,2023-07,British Transport Police,British Transport Police,-0.142071,51.515201,On or near Oxford Circus (Lu Station),E01035716,Westminster 013G,Other theft,,
,2023-07,British Transport Police,British Transport Police,-0.142071,51.515201,On or near Oxford Circus (Lu Station),E01035716,Westminster 013G,Other theft,,
,2023-07,British Transport Police,British Transport Police,-0.142071,51.515201,On or near Oxford Circus (Lu Station),E01035716,Westminster 013G,Public order,,
,2023-07,British Transport Police,British Transport Police,-0.142071,51.515201,On or near Oxford Circus (Lu Station),E01035716,Westminster 013G,Public order,,
,2023-07,British Transport Police,British Transport Police,-0.142071,51.515201,On or near Oxford Circus (Lu Station),E01035716,Westminster 013G,Public order,,
,2023-07,British Transport Police,British Transport Police,-0.142071,51.515201,On or near Oxford Circus (Lu Station),E01035716,Westminster 013G,Robbery,,
,2023-07,British Transport Police,British Transport Police,-0.142071,51.515201,On or near Oxford Circus (Lu Station),E01035716,Westminster 013G,Theft from the person,,
,2023-07,British Transport Police,British Transport Police,-0.142071,51.515201,On or near Oxford Circus (Lu Station),E01035716,Westminster 013G,Theft from the person,,
,2023-07,British Transport Police,British Transport Police,-0.142071,51.515201,On or near Oxford Circus (Lu Station),E01035716,Westminster 013G,Theft from the person,,
,2023-07,British Transport Police,British Transport Police,-0.142071,51.515201,On or near Oxford Circus (Lu Station),E01035716,Westminster 013G,Theft from the person,,
,2023-07,British Transport Police,British Transport Police,-0.142071,51.515201,On or near Oxford Circus (Lu Station),E01035716,Westminster 013G,Theft from the person,,
,2023-07,British Transport Police,British Transport Police,-0.142071,51.515201,On or near Oxford Circus (Lu Station),E01035716,Westminster 013G,Theft from the person,,
,2023-07,British Transport Police,British Transport Police,-0.142071,51.515201,On or near Oxford Circus (Lu Station),E01035716,Westminster 013G,Theft from the person,,
,2023-07,British Transport Police,British Transport Police,-0.142071,51.515201,On or near Oxford Circus (Lu Station),E01035716,Westminster 013G,Theft from the person,,
,2023-07,British Transport Police,British Transport Police,-0.142071,51.515201,On or near Oxford Circus (Lu Station),E01035716,Westminster 013G,Theft from the person,,
,2023-07,British Transport Police,British Transport Police,-0.142071,51.515201,On or near Oxford Circus (Lu Station),E01035716,Westminster 013G,Theft from the person,,
,2023-07,British Transport Police,British Transport Police,-0.142071,51.515201,On or near Oxford Circus (Lu Station),E01035716,Westminster 013G,Theft from the person,,
,2023-07,British Transport Police,British Transport Police,-0.142071,51.515201,On or near Oxford Circus (Lu Station),E01035716,Westminster 013G,Theft from the person,,
,2023-07,British Transport Police,British Transport Police,-0.142071,51.515201,On or near Oxford Circus (Lu Station),E01035716,Westminster 013G,Theft from the person,,
,2023-07,British Transport Police,British Transport Police,-0.142071,51.515201,On or near Oxford Circus (Lu Station),E01035716,Westminster 013G,Theft from the person,,
,2023-07,British Transport Police,British Transport Police,-0.142071,51.515201,On or near Oxford Circus (Lu Station),E01035716,Westminster 013G,Violence and sexual offences,,
,2023-07,British Transport Police,British Transport Police,-0.142071,51.515201,On or near Oxford Circus (Lu Station),E01035716,Westminster 013G,Violence and sexual offences,,
,2023-07,British Transport Police,British Transport Police,-0.142071,51.515201,On or near Oxford Circus (Lu Station),E01035716,Westminster 013G,Violence and sexual offences,,
,2023-07,British Transport Police,British Transport Police,-0.142071,51.515201,On or near Oxford Circus (Lu Station),E01035716,Westminster 013G,Violence and sexual offences,,
,2023-07,British Transport Police,British Transport Police,-0.142071,51.515201,On or near Oxford Circus (Lu Station),E01035716,Westminster 013G,Violence and sexual offences,,
,2023-07,British Transport Police,British Transport Police,-0.188230,51.519158,On or near Royal Oak (Lu Station),E01004656,Westminster 014D,Other theft,,
,2023-07,British Transport Police,British Transport Police,-0.188230,51.519158,On or near Royal Oak (Lu Station),E01004656,Westminster 014D,Other theft,,
,2023-07,British Transport Police,British Transport Police,-0.188230,51.519158,On or near Royal Oak (Lu Station),E01004656,Westminster 014D,Public order,,
,2023-07,British Transport Police,British Transport Police,-0.188230,51.519158,On or near Royal Oak (Lu Station),E01004656,Westminster 014D,Violence and sexual offences,,
,2023-07,British Transport Police,British Transport Police,-0.178391,51.516784,On or near Paddington Elizabeth Line (Station),E01033594,Westminster 015G,Violence and sexual offences,,
,2023-07,British Transport Police,British Transport Police,-0.175430,51.511892,On or near Lancaster Gate (Lu Station),E01004682,Westminster 016B,Other theft,,
,2023-07,British Transport Police,British Transport Police,-0.174871,51.515776,On or near Paddington (Lu Station),E01004682,Westminster 016B,Other theft,,
,2023-07,British Transport Police,British Transport Police,-0.174871,51.515776,On or near Paddington (Lu Station),E01004682,Westminster 016B,Other theft,,
,2023-07,British Transport Police,British Transport Police,-0.174871,51.515776,On or near Paddington (Lu Station),E01004682,Westminster 016B,Other theft,,
,2023-07,British Transport Police,British Transport Police,-0.174871,51.515776,On or near Paddington (Lu Station),E01004682,Westminster 016B,Public order,,
,2023-07,British Transport Police,British Transport Police,-0.174871,51.515776,On or near Paddington (Lu Station),E01004682,Westminster 016B,Public order,,
,2023-07,British Transport Police,British Transport Police,-0.174871,51.515776,On or near Paddington (Lu Station),E01004682,Westminster 016B,Public order,,
,2023-07,British Transport Police,British Transport Police,-0.174871,51.515776,On or near Paddington (Lu Station),E01004682,Westminster 016B,Public order,,
,2023-07,British Transport Police,British Transport Police,-0.174871,51.515776,On or near Paddington (Lu Station),E01004682,Westminster 016B,Public order,,
,2023-07,British Transport Police,British Transport Police,-0.174871,51.515776,On or near Paddington (Lu Station),E01004682,Westminster 016B,Robbery,,
,2023-07,British Transport Police,British Transport Police,-0.174871,51.515776,On or near Paddington (Lu Station),E01004682,Westminster 016B,Theft from the person,,
,2023-07,British Transport Police,British Transport Police,-0.174871,51.515776,On or near Paddington (Lu Station),E01004682,Westminster 016B,Theft from the person,,
,2023-07,British Transport Police,British Transport Police,-0.174871,51.515776,On or near Paddington (Lu Station),E01004682,Westminster 016B,Theft from the person,,
,2023-07,British Transport Police,British Transport Police,-0.175430,51.511892,On or near Lancaster Gate (Lu Station),E01004682,Westminster 016B,Theft from the person,,
,2023-07,British Transport Police,British Transport Police,-0.174871,51.515776,On or near Paddington (Lu Station),E01004682,Westminster 016B,Theft from the person,,
,2023-07,British Transport Police,British Transport Police,-0.174871,51.515776,On or near Paddington (Lu Station),E01004682,Westminster 016B,Theft from the person,,
,2023-07,British Transport Police,British Transport Police,-0.174871,51.515776,On or near Paddington (Lu Station),E01004682,Westminster 016B,Theft from the person,,
,2023-07,British Transport Police,British Transport Police,-0.174871,51.515776,On or near Paddington (Lu Station),E01004682,Westminster 016B,Theft from the person,,
,2023-07,British Transport Police,British Transport Police,-0.174871,51.515776,On or near Paddington (Lu Station),E01004682,Westminster 016B,Theft from the person,,
,2023-07,British Transport Police,British Transport Police,-0.174871,51.515776,On or near Paddington (Lu Station),E01004682,Westminster 016B,Violence and sexual offences,,
,2023-07,British Transport Police,British Transport Police,-0.174871,51.515776,On or near Paddington (Lu Station),E01004682,Westminster 016B,Violence and sexual offences,,
,2023-07,British Transport Police,British Transport Police,-0.174871,51.515776,On or near Paddington (Lu Station),E01004682,Westminster 016B,Violence and sexual offences,,
,2023-07,British Transport Police,British Transport Police,-0.175430,51.511892,On or near Lancaster Gate (Lu Station),E01004682,Westminster 016B,Violence and sexual offences,,
,2023-07,British Transport Police,British Transport Police,-0.187854,51.512317,On or near Bayswater (Lu Station),E01004695,Westminster 017C,Theft from the person,,
,2023-07,British Transport Police,British Transport Police,-0.187420,51.510450,On or near Queensway (Lu Station),E01004695,Westminster 017C,Theft from the person,,
,2023-07,British Transport Police,British Transport Police,-0.187420,51.510450,On or near Queensway (Lu Station),E01004695,Westminster 017C,Theft from the person,,
,2023-07,British Transport Police,British Transport Police,-0.187854,51.512317,On or near Bayswater (Lu Station),E01004695,Westminster 017C,Theft from the person,,
,2023-07,British Transport Police,British Transport Police,-0.187854,51.512317,On or near Bayswater (Lu Station),E01004695,Westminster 017C,Theft from the person,,
,2023-07,British Transport Police,British Transport Police,-0.184684,51.516017,On or near Paddington (Station),E01004696,Westminster 017D,Bicycle theft,,
,2023-07,British Transport Police,British Transport Police,-0.184684,51.516017,On or near Paddington (Station),E01004696,Westminster 017D,Bicycle theft,,
,2023-07,British Transport Police,British Transport Police,-0.184684,51.516017,On or near Paddington (Station),E01004696,Westminster 017D,Bicycle theft,,
,2023-07,British Transport Police,British Transport Police,-0.184684,51.516017,On or near Paddington (Station),E01004696,Westminster 017D,Bicycle theft,,
,2023-07,British Transport Police,British Transport Police,-0.184684,51.516017,On or near Paddington (Station),E01004696,Westminster 017D,Criminal damage and arson,,
,2023-07,British Transport Police,British Transport Police,-0.184684,51.516017,On or near Paddington (Station),E01004696,Westminster 017D,Drugs,,
,2023-07,British Transport Police,British Transport Police,-0.184684,51.516017,On or near Paddington (Station),E01004696,Westminster 017D,Drugs,,
,2023-07,British Transport Police,British Transport Police,-0.184684,51.516017,On or near Paddington (Station),E01004696,Westminster 017D,Drugs,,
,2023-07,British Transport Police,British Transport Police,-0.184684,51.516017,On or near Paddington (Station),E01004696,Westminster 017D,Drugs,,
,2023-07,British Transport Police,British Transport Police,-0.184684,51.516017,On or near Paddington (Station),E01004696,Westminster 017D,Drugs,,
,2023-07,British Transport Police,British Transport Police,-0.184684,51.516017,On or near Paddington (Station),E01004696,Westminster 017D,Drugs,,
,2023-07,British Transport Police,British Transport Police,-0.184684,51.516017,On or near Paddington (Station),E01004696,Westminster 017D,Drugs,,
,2023-07,British Transport Police,British Transport Police,-0.184684,51.516017,On or near Paddington (Station),E01004696,Westminster 017D,Other theft,,
,2023-07,British Transport Police,British Transport Police,-0.184684,51.516017,On or near Paddington (Station),E01004696,Westminster 017D,Other theft,,
,2023-07,British Transport Police,British Transport Police,-0.184684,51.516017,On or near Paddington (Station),E01004696,Westminster 017D,Other theft,,
,2023-07,British Transport Police,British Transport Police,-0.184684,51.516017,On or near Paddington (Station),E01004696,Westminster 017D,Other theft,,
,2023-07,British Transport Police,British Transport Police,-0.184684,51.516017,On or near Paddington (Station),E01004696,Westminster 017D,Other theft,,
,2023-07,British Transport Police,British Transport Police,-0.184684,51.516017,On or near Paddington (Station),E01004696,Westminster 017D,Other theft,,
,2023-07,British Transport Police,British Transport Police,-0.184684,51.516017,On or near Paddington (Station),E01004696,Westminster 017D,Other theft,,
,2023-07,British Transport Police,British Transport Police,-0.184684,51.516017,On or near Paddington (Station),E01004696,Westminster 017D,Other theft,,
,2023-07,British Transport Police,British Transport Police,-0.184684,51.516017,On or near Paddington (Station),E01004696,Westminster 017D,Other theft,,
,2023-07,British Transport Police,British Transport Police,-0.184684,51.516017,On or near Paddington (Station),E01004696,Westminster 017D,Other theft,,
,2023-07,British Transport Police,British Transport Police,-0.184684,51.516017,On or near Paddington (Station),E01004696,Westminster 017D,Other theft,,
,2023-07,British Transport Police,British Transport Police,-0.184684,51.516017,On or near Paddington (Station),E01004696,Westminster 017D,Other theft,,
,2023-07,British Transport Police,British Transport Police,-0.184684,51.516017,On or near Paddington (Station),E01004696,Westminster 017D,Other theft,,
,2023-07,British Transport Police,British Transport Police,-0.184684,51.516017,On or near Paddington (Station),E01004696,Westminster 017D,Other theft,,
,2023-07,British Transport Police,British Transport Police,-0.184684,51.516017,On or near Paddington (Station),E01004696,Westminster 017D,Other theft,,
,2023-07,British Transport Police,British Transport Police,-0.184684,51.516017,On or near Paddington (Station),E01004696,Westminster 017D,Other theft,,
,2023-07,British Transport Police,British Transport Police,-0.184684,51.516017,On or near Paddington (Station),E01004696,Westminster 017D,Other theft,,
,2023-07,British Transport Police,British Transport Police,-0.184684,51.516017,On or near Paddington (Station),E01004696,Westminster 017D,Other theft,,
,2023-07,British Transport Police,British Transport Police,-0.184684,51.516017,On or near Paddington (Station),E01004696,Westminster 017D,Other theft,,
,2023-07,British Transport Police,British Transport Police,-0.184684,51.516017,On or near Paddington (Station),E01004696,Westminster 017D,Other theft,,
,2023-07,British Transport Police,British Transport Police,-0.184684,51.516017,On or near Paddington (Station),E01004696,Westminster 017D,Other theft,,
,2023-07,British Transport Police,British Transport Police,-0.184684,51.516017,On or near Paddington (Station),E01004696,Westminster 017D,Other theft,,
,2023-07,British Transport Police,British Transport Police,-0.184684,51.516017,On or near Paddington (Station),E01004696,Westminster 017D,Other theft,,
,2023-07,British Transport Police,British Transport Police,-0.184684,51.516017,On or near Paddington (Station),E01004696,Westminster 017D,Other theft,,
,2023-07,British Transport Police,British Transport Police,-0.184684,51.516017,On or near Paddington (Station),E01004696,Westminster 017D,Other theft,,
,2023-07,British Transport Police,British Transport Police,-0.184684,51.516017,On or near Paddington (Station),E01004696,Westminster 017D,Other theft,,
,2023-07,British Transport Police,British Transport Police,-0.184684,51.516017,On or near Paddington (Station),E01004696,Westminster 017D,Other theft,,
,2023-07,British Transport Police,British Transport Police,-0.184684,51.516017,On or near Paddington (Station),E01004696,Westminster 017D,Other theft,,
,2023-07,British Transport Police,British Transport Police,-0.184684,51.516017,On or near Paddington (Station),E01004696,Westminster 017D,Other theft,,
,2023-07,British Transport Police,British Transport Police,-0.184684,51.516017,On or near Paddington (Station),E01004696,Westminster 017D,Other theft,,
,2023-07,British Transport Police,British Transport Police,-0.184684,51.516017,On or near Paddington (Station),E01004696,Westminster 017D,Other theft,,
,2023-07,British Transport Police,British Transport Police,-0.184684,51.516017,On or near Paddington (Station),E01004696,Westminster 017D,Other theft,,
,2023-07,British Transport Police,British Transport Police,-0.184684,51.516017,On or near Paddington (Station),E01004696,Westminster 017D,Other theft,,
,2023-07,British Transport Police,British Transport Police,-0.184684,51.516017,On or near Paddington (Station),E01004696,Westminster 017D,Other theft,,
,2023-07,British Transport Police,British Transport Police,-0.184684,51.516017,On or near Paddington (Station),E01004696,Westminster 017D,Other theft,,
,2023-07,British Transport Police,British Transport Police,-0.184684,51.516017,On or near Paddington (Station),E01004696,Westminster 017D,Other theft,,
,2023-07,British Transport Police,British Transport Police,-0.184684,51.516017,On or near Paddington (Station),E01004696,Westminster 017D,Other theft,,
,2023-07,British Transport Police,British Transport Police,-0.184684,51.516017,On or near Paddington (Station),E01004696,Westminster 017D,Other theft,,
,2023-07,British Transport Police,British Transport Police,-0.184684,51.516017,On or near Paddington (Station),E01004696,Westminster 017D,Other theft,,
,2023-07,British Transport Police,British Transport Police,-0.184684,51.516017,On or near Paddington (Station),E01004696,Westminster 017D,Other theft,,
,2023-07,British Transport Police,British Transport Police,-0.184684,51.516017,On or near Paddington (Station),E01004696,Westminster 017D,Other theft,,
,2023-07,British Transport Police,British Transport Police,-0.184684,51.516017,On or near Paddington (Station),E01004696,Westminster 017D,Other theft,,
,2023-07,British Transport Police,British Transport Police,-0.184684,51.516017,On or near Paddington (Station),E01004696,Westminster 017D,Other theft,,
,2023-07,British Transport Police,British Transport Police,-0.184684,51.516017,On or near Paddington (Station),E01004696,Westminster 017D,Other theft,,
,2023-07,British Transport Police,British Transport Police,-0.184684,51.516017,On or near Paddington (Station),E01004696,Westminster 017D,Other theft,,
,2023-07,British Transport Police,British Transport Police,-0.184684,51.516017,On or near Paddington (Station),E01004696,Westminster 017D,Other theft,,
,2023-07,British Transport Police,British Transport Police,-0.184684,51.516017,On or near Paddington (Station),E01004696,Westminster 017D,Other theft,,
,2023-07,British Transport Police,British Transport Police,-0.184684,51.516017,On or near Paddington (Station),E01004696,Westminster 017D,Public order,,
,2023-07,British Transport Police,British Transport Police,-0.184684,51.516017,On or near Paddington (Station),E01004696,Westminster 017D,Public order,,
,2023-07,British Transport Police,British Transport Police,-0.184684,51.516017,On or near Paddington (Station),E01004696,Westminster 017D,Public order,,
,2023-07,British Transport Police,British Transport Police,-0.184684,51.516017,On or near Paddington (Station),E01004696,Westminster 017D,Public order,,
,2023-07,British Transport Police,British Transport Police,-0.184684,51.516017,On or near Paddington (Station),E01004696,Westminster 017D,Public order,,
,2023-07,British Transport Police,British Transport Police,-0.184684,51.516017,On or near Paddington (Station),E01004696,Westminster 017D,Public order,,
,2023-07,British Transport Police,British Transport Police,-0.184684,51.516017,On or near Paddington (Station),E01004696,Westminster 017D,Public order,,
,2023-07,British Transport Police,British Transport Police,-0.184684,51.516017,On or near Paddington (Station),E01004696,Westminster 017D,Public order,,
,2023-07,British Transport Police,British Transport Police,-0.184684,51.516017,On or near Paddington (Station),E01004696,Westminster 017D,Public order,,
,2023-07,British Transport Police,British Transport Police,-0.184684,51.516017,On or near Paddington (Station),E01004696,Westminster 017D,Public order,,
,2023-07,British Transport Police,British Transport Police,-0.184684,51.516017,On or near Paddington (Station),E01004696,Westminster 017D,Public order,,
,2023-07,British Transport Police,British Transport Police,-0.184684,51.516017,On or near Paddington (Station),E01004696,Westminster 017D,Shoplifting,,
,2023-07,British Transport Police,British Transport Police,-0.184684,51.516017,On or near Paddington (Station),E01004696,Westminster 017D,Shoplifting,,
,2023-07,British Transport Police,British Transport Police,-0.184684,51.516017,On or near Paddington (Station),E01004696,Westminster 017D,Shoplifting,,
,2023-07,British Transport Police,British Transport Police,-0.184684,51.516017,On or near Paddington (Station),E01004696,Westminster 017D,Shoplifting,,
,2023-07,British Transport Police,British Transport Police,-0.184684,51.516017,On or near Paddington (Station),E01004696,Westminster 017D,Shoplifting,,
,2023-07,British Transport Police,British Transport Police,-0.184684,51.516017,On or near Paddington (Station),E01004696,Westminster 017D,Shoplifting,,
,2023-07,British Transport Police,British Transport Police,-0.184684,51.516017,On or near Paddington (Station),E01004696,Westminster 017D,Theft from the person,,
,2023-07,British Transport Police,British Transport Police,-0.184684,51.516017,On or near Paddington (Station),E01004696,Westminster 017D,Theft from the person,,
,2023-07,British Transport Police,British Transport Police,-0.184684,51.516017,On or near Paddington (Station),E01004696,Westminster 017D,Theft from the person,,
,2023-07,British Transport Police,British Transport Police,-0.184684,51.516017,On or near Paddington (Station),E01004696,Westminster 017D,Theft from the person,,
,2023-07,British Transport Police,British Transport Police,-0.184684,51.516017,On or near Paddington (Station),E01004696,Westminster 017D,Theft from the person,,
,2023-07,British Transport Police,British Transport Police,-0.184684,51.516017,On or near Paddington (Station),E01004696,Westminster 017D,Theft from the person,,
,2023-07,British Transport Police,British Transport Police,-0.184684,51.516017,On or near Paddington (Station),E01004696,Westminster 017D,Theft from the person,,
,2023-07,British Transport Police,British Transport Police,-0.184684,51.516017,On or near Paddington (Station),E01004696,Westminster 017D,Theft from the person,,
,2023-07,British Transport Police,British Transport Police,-0.184684,51.516017,On or near Paddington (Station),E01004696,Westminster 017D,Theft from the person,,
,2023-07,British Transport Police,British Transport Police,-0.184684,51.516017,On or near Paddington (Station),E01004696,Westminster 017D,Theft from the person,,
,2023-07,British Transport Police,British Transport Police,-0.184684,51.516017,On or near Paddington (Station),E01004696,Westminster 017D,Theft from the person,,
,2023-07,British Transport Police,British Transport Police,-0.184684,51.516017,On or near Paddington (Station),E01004696,Westminster 017D,Theft from the person,,
,2023-07,British Transport Police,British Transport Police,-0.184684,51.516017,On or near Paddington (Station),E01004696,Westminster 017D,Theft from the person,,
,2023-07,British Transport Police,British Transport Police,-0.184684,51.516017,On or near Paddington (Station),E01004696,Westminster 017D,Theft from the person,,
,2023-07,British Transport Police,British Transport Police,-0.184684,51.516017,On or near Paddington (Station),E01004696,Westminster 017D,Vehicle crime,,
,2023-07,British Transport Police,British Transport Police,-0.184684,51.516017,On or near Paddington (Station),E01004696,Westminster 017D,Violence and sexual offences,,
,2023-07,British Transport Police,British Transport Police,-0.184684,51.516017,On or near Paddington (Station),E01004696,Westminster 017D,Violence and sexual offences,,
,2023-07,British Transport Police,British Transport Police,-0.184684,51.516017,On or near Paddington (Station),E01004696,Westminster 017D,Violence and sexual offences,,
,2023-07,British Transport Police,British Transport Police,-0.184684,51.516017,On or near Paddington (Station),E01004696,Westminster 017D,Violence and sexual offences,,
,2023-07,British Transport Police,British Transport Police,-0.184684,51.516017,On or near Paddington (Station),E01004696,Westminster 017D,Violence and sexual offences,,
,2023-07,British Transport Police,British Transport Police,-0.184684,51.516017,On or near Paddington (Station),E01004696,Westminster 017D,Violence and sexual offences,,
,2023-07,British Transport Police,British Transport Police,-0.184684,51.516017,On or near Paddington (Station),E01004696,Westminster 017D,Violence and sexual offences,,
,2023-07,British Transport Police,British Transport Police,-0.184684,51.516017,On or near Paddington (Station),E01004696,Westminster 017D,Violence and sexual offences,,
,2023-07,British Transport Police,British Transport Police,-0.184684,51.516017,On or near Paddington (Station),E01004696,Westminster 017D,Violence and sexual offences,,
,2023-07,British Transport Police,British Transport Police,-0.184684,51.516017,On or near Paddington (Station),E01004696,Westminster 017D,Other crime,,
,2023-07,British Transport Police,British Transport Police,-0.125879,51.508484,On or near Colchester (Station),E01004734,Westminster 018A,Drugs,,
,2023-07,British Transport Police,British Transport Police,-0.127696,51.511627,On or near Leicester Square (Lu Station),E01004734,Westminster 018A,Other theft,,
,2023-07,British Transport Police,British Transport Police,-0.127696,51.511627,On or near Leicester Square (Lu Station),E01004734,Westminster 018A,Other theft,,
,2023-07,British Transport Police,British Transport Police,-0.127696,51.511627,On or near Leicester Square (Lu Station),E01004734,Westminster 018A,Other theft,,
,2023-07,British Transport Police,British Transport Police,-0.127696,51.511627,On or near Leicester Square (Lu Station),E01004734,Westminster 018A,Other theft,,
,2023-07,British Transport Police,British Transport Police,-0.127696,51.511627,On or near Leicester Square (Lu Station),E01004734,Westminster 018A,Other theft,,
,2023-07,British Transport Police,British Transport Police,-0.127696,51.511627,On or near Leicester Square (Lu Station),E01004734,Westminster 018A,Other theft,,
,2023-07,British Transport Police,British Transport Police,-0.127696,51.511627,On or near Leicester Square (Lu Station),E01004734,Westminster 018A,Other theft,,
,2023-07,British Transport Police,British Transport Police,-0.127696,51.511627,On or near Leicester Square (Lu Station),E01004734,Westminster 018A,Other theft,,
,2023-07,British Transport Police,British Transport Police,-0.127696,51.511627,On or near Leicester Square (Lu Station),E01004734,Westminster 018A,Other theft,,
,2023-07,British Transport Police,British Transport Police,-0.127696,51.511627,On or near Leicester Square (Lu Station),E01004734,Westminster 018A,Other theft,,
,2023-07,British Transport Police,British Transport Police,-0.125879,51.508484,On or near Colchester (Station),E01004734,Westminster 018A,Public order,,
,2023-07,British Transport Police,British Transport Police,-0.125879,51.508484,On or near Colchester (Station),E01004734,Westminster 018A,Public order,,
,2023-07,British Transport Police,British Transport Police,-0.125879,51.508484,On or near Colchester (Station),E01004734,Westminster 018A,Public order,,
,2023-07,British Transport Police,British Transport Police,-0.127696,51.511627,On or near Leicester Square (Lu Station),E01004734,Westminster 018A,Robbery,,
,2023-07,British Transport Police,British Transport Police,-0.125879,51.508484,On or near Colchester (Station),E01004734,Westminster 018A,Shoplifting,,
,2023-07,British Transport Police,British Transport Police,-0.127696,51.511627,On or near Leicester Square (Lu Station),E01004734,Westminster 018A,Theft from the person,,
,2023-07,British Transport Police,British Transport Police,-0.127696,51.511627,On or near Leicester Square (Lu Station),E01004734,Westminster 018A,Theft from the person,,
,2023-07,British Transport Police,British Transport Police,-0.127696,51.511627,On or near Leicester Square (Lu Station),E01004734,Westminster 018A,Theft from the person,,
,2023-07,British Transport Police,British Transport Police,-0.127696,51.511627,On or near Leicester Square (Lu Station),E01004734,Westminster 018A,Theft from the person,,
,2023-07,British Transport Police,British Transport Police,-0.127696,51.511627,On or near Leicester Square (Lu Station),E01004734,Westminster 018A,Theft from the person,,
,2023-07,British Transport Police,British Transport Police,-0.127696,51.511627,On or near Leicester Square (Lu Station),E01004734,Westminster 018A,Theft from the person,,
,2023-07,British Transport Police,British Transport Police,-0.127696,51.511627,On or near Leicester Square (Lu Station),E01004734,Westminster 018A,Theft from the person,,
,2023-07,British Transport Police,British Transport Police,-0.127696,51.511627,On or near Leicester Square (Lu Station),E01004734,Westminster 018A,Theft from the person,,
,2023-07,British Transport Police,British Transport Police,-0.127696,51.511627,On or near Leicester Square (Lu Station),E01004734,Westminster 018A,Theft from the person,,
,2023-07,British Transport Police,British Transport Police,-0.127696,51.511627,On or near Leicester Square (Lu Station),E01004734,Westminster 018A,Theft from the person,,
,2023-07,British Transport Police,British Transport Police,-0.127696,51.511627,On or near Leicester Square (Lu Station),E01004734,Westminster 018A,Theft from the person,,
,2023-07,British Transport Police,British Transport Police,-0.127696,51.511627,On or near Leicester Square (Lu Station),E01004734,Westminster 018A,Theft from the person,,
,2023-07,British Transport Police,British Transport Police,-0.127696,51.511627,On or near Leicester Square (Lu Station),E01004734,Westminster 018A,Theft from the person,,
,2023-07,British Transport Police,British Transport Police,-0.127696,51.511627,On or near Leicester Square (Lu Station),E01004734,Westminster 018A,Theft from the person,,
,2023-07,British Transport Police,British Transport Police,-0.127696,51.511627,On or near Leicester Square (Lu Station),E01004734,Westminster 018A,Theft from the person,,
,2023-07,British Transport Police,British Transport Police,-0.127696,51.511627,On or near Leicester Square (Lu Station),E01004734,Westminster 018A,Theft from the person,,
,2023-07,British Transport Police,British Transport Police,-0.127696,51.511627,On or near Leicester Square (Lu Station),E01004734,Westminster 018A,Theft from the person,,
,2023-07,British Transport Police,British Transport Police,-0.127696,51.511627,On or near Leicester Square (Lu Station),E01004734,Westminster 018A,Theft from the person,,
,2023-07,British Transport Police,British Transport Police,-0.127696,51.511627,On or near Leicester Square (Lu Station),E01004734,Westminster 018A,Theft from the person,,
,2023-07,British Transport Police,British Transport Police,-0.127696,51.511627,On or near Leicester Square (Lu Station),E01004734,Westminster 018A,Theft from the person,,
,2023-07,British Transport Police,British Transport Police,-0.125879,51.508484,On or near Colchester (Station),E01004734,Westminster 018A,Vehicle crime,,
,2023-07,British Transport Police,British Transport Police,-0.125879,51.508484,On or near Colchester (Station),E01004734,Westminster 018A,Vehicle crime,,
,2023-07,British Transport Police,British Transport Police,-0.127696,51.511627,On or near Leicester Square (Lu Station),E01004734,Westminster 018A,Violence and sexual offences,,
,2023-07,British Transport Police,British Transport Police,-0.127696,51.511627,On or near Leicester Square (Lu Station),E01004734,Westminster 018A,Violence and sexual offences,,
,2023-07,British Transport Police,British Transport Police,-0.127696,51.511627,On or near Leicester Square (Lu Station),E01004734,Westminster 018A,Violence and sexual offences,,
,2023-07,British Transport Police,British Transport Police,-0.127696,51.511627,On or near Leicester Square (Lu Station),E01004734,Westminster 018A,Violence and sexual offences,,
,2023-07,British Transport Police,British Transport Police,-0.127696,51.511627,On or near Leicester Square (Lu Station),E01004734,Westminster 018A,Violence and sexual offences,,
,2023-07,British Transport Police,British Transport Police,-0.127696,51.511627,On or near Leicester Square (Lu Station),E01004734,Westminster 018A,Violence and sexual offences,,
,2023-07,British Transport Police,British Transport Police,-0.127696,51.511627,On or near Leicester Square (Lu Station),E01004734,Westminster 018A,Violence and sexual offences,,
,2023-07,British Transport Police,British Transport Police,-0.125879,51.508484,On or near Colchester (Station),E01004734,Westminster 018A,Violence and sexual offences,,
,2023-07,British Transport Police,British Transport Police,-0.125879,51.508484,On or near Colchester (Station),E01004734,Westminster 018A,Violence and sexual offences,,
,2023-07,British Transport Police,British Transport Police,-0.125879,51.508484,On or near Colchester (Station),E01004734,Westminster 018A,Violence and sexual offences,,
,2023-07,British Transport Police,British Transport Police,-0.124166,51.512981,On or near Covent Garden (Lu Station),E01004735,Westminster 018B,Other theft,,
,2023-07,British Transport Police,British Transport Police,-0.114841,51.510907,On or near Temple (Lu Station),E01004735,Westminster 018B,Other theft,,
,2023-07,British Transport Police,British Transport Police,-0.124166,51.512981,On or near Covent Garden (Lu Station),E01004735,Westminster 018B,Theft from the person,,
,2023-07,British Transport Police,British Transport Police,-0.124166,51.512981,On or near Covent Garden (Lu Station),E01004735,Westminster 018B,Theft from the person,,
,2023-07,British Transport Police,British Transport Police,-0.124166,51.512981,On or near Covent Garden (Lu Station),E01004735,Westminster 018B,Theft from the person,,
,2023-07,British Transport Police,British Transport Police,-0.124166,51.512981,On or near Covent Garden (Lu Station),E01004735,Westminster 018B,Theft from the person,,
,2023-07,British Transport Police,British Transport Police,-0.124166,51.512981,On or near Covent Garden (Lu Station),E01004735,Westminster 018B,Theft from the person,,
,2023-07,British Transport Police,British Transport Police,-0.124166,51.512981,On or near Covent Garden (Lu Station),E01004735,Westminster 018B,Theft from the person,,
,2023-07,British Transport Police,British Transport Police,-0.114841,51.510907,On or near Temple (Lu Station),E01004735,Westminster 018B,Theft from the person,,
,2023-07,British Transport Police,British Transport Police,-0.114841,51.510907,On or near Temple (Lu Station),E01004735,Westminster 018B,Violence and sexual offences,,
,2023-07,British Transport Police,British Transport Police,-0.135166,51.509609,On or near Piccadilly Circus (Lu Station),E01004736,Westminster 018C,Other theft,,
,2023-07,British Transport Police,British Transport Police,-0.135166,51.509609,On or near Piccadilly Circus (Lu Station),E01004736,Westminster 018C,Other theft,,
,2023-07,British Transport Police,British Transport Police,-0.124803,51.508360,On or near Charing Cross (Lu Station),E01004736,Westminster 018C,Other theft,,
,2023-07,British Transport Police,British Transport Police,-0.124803,51.508360,On or near Charing Cross (Lu Station),E01004736,Westminster 018C,Other theft,,
,2023-07,British Transport Police,British Transport Police,-0.124803,51.508360,On or near Charing Cross (Lu Station),E01004736,Westminster 018C,Other theft,,
,2023-07,British Transport Police,British Transport Police,-0.124803,51.508360,On or near Charing Cross (Lu Station),E01004736,Westminster 018C,Other theft,,
,2023-07,British Transport Police,British Transport Police,-0.135166,51.509609,On or near Piccadilly Circus (Lu Station),E01004736,Westminster 018C,Other theft,,
,2023-07,British Transport Police,British Transport Police,-0.135166,51.509609,On or near Piccadilly Circus (Lu Station),E01004736,Westminster 018C,Other theft,,
,2023-07,British Transport Police,British Transport Police,-0.135166,51.509609,On or near Piccadilly Circus (Lu Station),E01004736,Westminster 018C,Public order,,
,2023-07,British Transport Police,British Transport Police,-0.124803,51.508360,On or near Charing Cross (Lu Station),E01004736,Westminster 018C,Robbery,,
,2023-07,British Transport Police,British Transport Police,-0.135166,51.509609,On or near Piccadilly Circus (Lu Station),E01004736,Westminster 018C,Theft from the person,,
,2023-07,British Transport Police,British Transport Police,-0.135166,51.509609,On or near Piccadilly Circus (Lu Station),E01004736,Westminster 018C,Theft from the person,,
,2023-07,British Transport Police,British Transport Police,-0.135166,51.509609,On or near Piccadilly Circus (Lu Station),E01004736,Westminster 018C,Theft from the person,,
,2023-07,British Transport Police,British Transport Police,-0.135166,51.509609,On or near Piccadilly Circus (Lu Station),E01004736,Westminster 018C,Theft from the person,,
,2023-07,British Transport Police,British Transport Police,-0.135166,51.509609,On or near Piccadilly Circus (Lu Station),E01004736,Westminster 018C,Theft from the person,,
,2023-07,British Transport Police,British Transport Police,-0.135166,51.509609,On or near Piccadilly Circus (Lu Station),E01004736,Westminster 018C,Theft from the person,,
,2023-07,British Transport Police,British Transport Police,-0.135166,51.509609,On or near Piccadilly Circus (Lu Station),E01004736,Westminster 018C,Theft from the person,,
,2023-07,British Transport Police,British Transport Police,-0.135166,51.509609,On or near Piccadilly Circus (Lu Station),E01004736,Westminster 018C,Violence and sexual offences,,
,2023-07,British Transport Police,British Transport Police,-0.152767,51.502890,On or near Hyde Park Corner (Lu Station),E01004691,Westminster 019E,Theft from the person,,
,2023-07,British Transport Police,British Transport Police,-0.152767,51.502890,On or near Hyde Park Corner (Lu Station),E01004691,Westminster 019E,Theft from the person,,
,2023-07,British Transport Police,British Transport Police,-0.152767,51.502890,On or near Hyde Park Corner (Lu Station),E01004691,Westminster 019E,Theft from the person,,
,2023-07,British Transport Police,British Transport Police,-0.152767,51.502890,On or near Hyde Park Corner (Lu Station),E01004691,Westminster 019E,Theft from the person,,
,2023-07,British Transport Police,British Transport Police,-0.134909,51.498400,On or near St  James'S Park (Gt London) (Lu Station),E01004731,Westminster 020A,Other theft,,
,2023-07,British Transport Police,British Transport Police,-0.134909,51.498400,On or near St  James'S Park (Gt London) (Lu Station),E01004731,Westminster 020A,Theft from the person,,
,2023-07,British Transport Police,British Transport Police,-0.134909,51.498400,On or near St  James'S Park (Gt London) (Lu Station),E01004731,Westminster 020A,Theft from the person,,
,2023-07,British Transport Police,British Transport Police,-0.134909,51.498400,On or near St  James'S Park (Gt London) (Lu Station),E01004731,Westminster 020A,Theft from the person,,
,2023-07,British Transport Police,British Transport Police,-0.134909,51.498400,On or near St  James'S Park (Gt London) (Lu Station),E01004731,Westminster 020A,Violence and sexual offences,,
,2023-07,British Transport Police,British Transport Police,-0.122241,51.507344,On or near Embankment (Lu Station),E01004733,Westminster 020C,Other theft,,
,2023-07,British Transport Police,British Transport Police,-0.124657,51.501359,On or near Westminster (Lu Station),E01004733,Westminster 020C,Other theft,,
,2023-07,British Transport Police,British Transport Police,-0.124657,51.501359,On or near Westminster (Lu Station),E01004733,Westminster 020C,Other theft,,
,2023-07,British Transport Police,British Transport Police,-0.124657,51.501359,On or near Westminster (Lu Station),E01004733,Westminster 020C,Other theft,,
,2023-07,British Transport Police,British Transport Police,-0.124657,51.501359,On or near Westminster (Lu Station),E01004733,Westminster 020C,Other theft,,
,2023-07,British Transport Police,British Transport Police,-0.122241,51.507344,On or near Embankment (Lu Station),E01004733,Westminster 020C,Other theft,,
,2023-07,British Transport Police,British Transport Police,-0.124657,51.501359,On or near Westminster (Lu Station),E01004733,Westminster 020C,Public order,,
,2023-07,British Transport Police,British Transport Police,-0.124657,51.501359,On or near Westminster (Lu Station),E01004733,Westminster 020C,Public order,,
,2023-07,British Transport Police,British Transport Police,-0.122241,51.507344,On or near Embankment (Lu Station),E01004733,Westminster 020C,Shoplifting,,
,2023-07,British Transport Police,British Transport Police,-0.124657,51.501359,On or near Westminster (Lu Station),E01004733,Westminster 020C,Shoplifting,,
,2023-07,British Transport Police,British Transport Police,-0.122241,51.507344,On or near Embankment (Lu Station),E01004733,Westminster 020C,Theft from the person,,
,2023-07,British Transport Police,British Transport Police,-0.124657,51.501359,On or near Westminster (Lu Station),E01004733,Westminster 020C,Theft from the person,,
,2023-07,British Transport Police,British Transport Police,-0.124657,51.501359,On or near Westminster (Lu Station),E01004733,Westminster 020C,Theft from the person,,
,2023-07,British Transport Police,British Transport Police,-0.124657,51.501359,On or near Westminster (Lu Station),E01004733,Westminster 020C,Theft from the person,,
,2023-07,British Transport Police,British Transport Police,-0.124657,51.501359,On or near Westminster (Lu Station),E01004733,Westminster 020C,Theft from the person,,
,2023-07,British Transport Police,British Transport Police,-0.124657,51.501359,On or near Westminster (Lu Station),E01004733,Westminster 020C,Theft from the person,,
,2023-07,British Transport Police,British Transport Police,-0.124657,51.501359,On or near Westminster (Lu Station),E01004733,Westminster 020C,Theft from the person,,
,2023-07,British Transport Police,British Transport Police,-0.124657,51.501359,On or near Westminster (Lu Station),E01004733,Westminster 020C,Theft from the person,,
,2023-07,British Transport Police,British Transport Police,-0.124657,51.501359,On or near Westminster (Lu Station),E01004733,Westminster 020C,Theft from the person,,
,2023-07,British Transport Police,British Transport Police,-0.124657,51.501359,On or near Westminster (Lu Station),E01004733,Westminster 020C,Theft from the person,,
,2023-07,British Transport Police,British Transport Police,-0.124657,51.501359,On or near Westminster (Lu Station),E01004733,Westminster 020C,Theft from the person,,
,2023-07,British Transport Police,British Transport Police,-0.124657,51.501359,On or near Westminster (Lu Station),E01004733,Westminster 020C,Theft from the person,,
,2023-07,British Transport Police,British Transport Police,-0.124657,51.501359,On or near Westminster (Lu Station),E01004733,Westminster 020C,Theft from the person,,
,2023-07,British Transport Police,British Transport Police,-0.124657,51.501359,On or near Westminster (Lu Station),E01004733,Westminster 020C,Theft from the person,,
,2023-07,British Transport Police,British Transport Police,-0.124657,51.501359,On or near Westminster (Lu Station),E01004733,Westminster 020C,Theft from the person,,
,2023-07,British Transport Police,British Transport Police,-0.124657,51.501359,On or near Westminster (Lu Station),E01004733,Westminster 020C,Theft from the person,,
,2023-07,British Transport Police,British Transport Police,-0.124657,51.501359,On or near Westminster (Lu Station),E01004733,Westminster 020C,Theft from the person,,
,2023-07,British Transport Police,British Transport Police,-0.124657,51.501359,On or near Westminster (Lu Station),E01004733,Westminster 020C,Theft from the person,,
,2023-07,British Transport Police,British Transport Police,-0.124657,51.501359,On or near Westminster (Lu Station),E01004733,Westminster 020C,Theft from the person,,
,2023-07,British Transport Police,British Transport Police,-0.124657,51.501359,On or near Westminster (Lu Station),E01004733,Westminster 020C,Theft from the person,,
,2023-07,British Transport Police,British Transport Police,-0.124657,51.501359,On or near Westminster (Lu Station),E01004733,Westminster 020C,Theft from the person,,
,2023-07,British Transport Police,British Transport Police,-0.122241,51.507344,On or near Embankment (Lu Station),E01004733,Westminster 020C,Theft from the person,,
,2023-07,British Transport Police,British Transport Police,-0.122241,51.507344,On or near Embankment (Lu Station),E01004733,Westminster 020C,Theft from the person,,
,2023-07,British Transport Police,British Transport Police,-0.122241,51.507344,On or near Embankment (Lu Station),E01004733,Westminster 020C,Theft from the person,,
,2023-07,British Transport Police,British Transport Police,-0.122241,51.507344,On or near Embankment (Lu Station),E01004733,Westminster 020C,Theft from the person,,
,2023-07,British Transport Police,British Transport Police,-0.122241,51.507344,On or near Embankment (Lu Station),E01004733,Westminster 020C,Theft from the person,,
,2023-07,British Transport Police,British Transport Police,-0.122241,51.507344,On or near Embankment (Lu Station),E01004733,Westminster 020C,Theft from the person,,
,2023-07,British Transport Police,British Transport Police,-0.124657,51.501359,On or near Westminster (Lu Station),E01004733,Westminster 020C,Violence and sexual offences,,
,2023-07,British Transport Police,British Transport Police,-0.122241,51.507344,On or near Embankment (Lu Station),E01004733,Westminster 020C,Violence and sexual offences,,
,2023-07,British Transport Police,British Transport Police,-0.122241,51.507344,On or near Embankment (Lu Station),E01004733,Westminster 020C,Violence and sexual offences,,
,2023-07,British Transport Police,British Transport Police,-0.124657,51.501359,On or near Westminster (Lu Station),E01004733,Westminster 020C,Violence and sexual offences,,
,2023-07,British Transport Police,British Transport Police,-0.124657,51.501359,On or near Westminster (Lu Station),E01004733,Westminster 020C,Violence and sexual offences,,
,2023-07,British Transport Police,British Transport Police,-0.143102,51.496420,On or near London Victoria (Lu Station),E01004750,Westminster 023E,Drugs,,
,2023-07,British Transport Police,British Transport Police,-0.143102,51.496420,On or near London Victoria (Lu Station),E01004750,Westminster 023E,Drugs,,
,2023-07,British Transport Police,British Transport Police,-0.143102,51.496420,On or near London Victoria (Lu Station),E01004750,Westminster 023E,Drugs,,
,2023-07,British Transport Police,British Transport Police,-0.143102,51.496420,On or near London Victoria (Lu Station),E01004750,Westminster 023E,Drugs,,
,2023-07,British Transport Police,British Transport Police,-0.143102,51.496420,On or near London Victoria (Lu Station),E01004750,Westminster 023E,Drugs,,
,2023-07,British Transport Police,British Transport Police,-0.143102,51.496420,On or near London Victoria (Lu Station),E01004750,Westminster 023E,Other theft,,
,2023-07,British Transport Police,British Transport Police,-0.143102,51.496420,On or near London Victoria (Lu Station),E01004750,Westminster 023E,Other theft,,
,2023-07,British Transport Police,British Transport Police,-0.143102,51.496420,On or near London Victoria (Lu Station),E01004750,Westminster 023E,Other theft,,
,2023-07,British Transport Police,British Transport Police,-0.143102,51.496420,On or near London Victoria (Lu Station),E01004750,Westminster 023E,Other theft,,
,2023-07,British Transport Police,British Transport Police,-0.143102,51.496420,On or near London Victoria (Lu Station),E01004750,Westminster 023E,Public order,,
,2023-07,British Transport Police,British Transport Police,-0.143102,51.496420,On or near London Victoria (Lu Station),E01004750,Westminster 023E,Public order,,
,2023-07,British Transport Police,British Transport Police,-0.143102,51.496420,On or near London Victoria (Lu Station),E01004750,Westminster 023E,Public order,,
,2023-07,British Transport Police,British Transport Police,-0.143102,51.496420,On or near London Victoria (Lu Station),E01004750,Westminster 023E,Shoplifting,,
,2023-07,British Transport Police,British Transport Police,-0.143102,51.496420,On or near London Victoria (Lu Station),E01004750,Westminster 023E,Theft from the person,,
,2023-07,British Transport Police,British Transport Police,-0.143102,51.496420,On or near London Victoria (Lu Station),E01004750,Westminster 023E,Theft from the person,,
,2023-07,British Transport Police,British Transport Police,-0.143102,51.496420,On or near London Victoria (Lu Station),E01004750,Westminster 023E,Theft from the person,,
,2023-07,British Transport Police,British Transport Police,-0.143102,51.496420,On or near London Victoria (Lu Station),E01004750,Westminster 023E,Theft from the person,,
,2023-07,British Transport Police,British Transport Police,-0.143102,51.496420,On or near London Victoria (Lu Station),E01004750,Westminster 023E,Theft from the person,,
,2023-07,British Transport Police,British Transport Police,-0.143102,51.496420,On or near London Victoria (Lu Station),E01004750,Westminster 023E,Theft from the person,,
,2023-07,British Transport Police,British Transport Police,-0.143102,51.496420,On or near London Victoria (Lu Station),E01004750,Westminster 023E,Theft from the person,,
,2023-07,British Transport Police,British Transport Police,-0.143102,51.496420,On or near London Victoria (Lu Station),E01004750,Westminster 023E,Theft from the person,,
,2023-07,British Transport Police,British Transport Police,-0.143102,51.496420,On or near London Victoria (Lu Station),E01004750,Westminster 023E,Theft from the person,,
,2023-07,British Transport Police,British Transport Police,-0.143102,51.496420,On or near London Victoria (Lu Station),E01004750,Westminster 023E,Theft from the person,,
,2023-07,British Transport Police,British Transport Police,-0.143102,51.496420,On or near London Victoria (Lu Station),E01004750,Westminster 023E,Theft from the person,,
,2023-07,British Transport Police,British Transport Police,-0.143102,51.496420,On or near London Victoria (Lu Station),E01004750,Westminster 023E,Theft from the person,,
,2023-07,British Transport Police,British Transport Police,-0.143102,51.496420,On or near London Victoria (Lu Station),E01004750,Westminster 023E,Theft from the person,,
,2023-07,British Transport Police,British Transport Police,-0.143102,51.496420,On or near London Victoria (Lu Station),E01004750,Westminster 023E,Theft from the person,,
,2023-07,British Transport Police,British Transport Police,-0.143102,51.496420,On or near London Victoria (Lu Station),E01004750,Westminster 023E,Theft from the person,,
,2023-07,British Transport Police,British Transport Police,-0.143102,51.496420,On or near London Victoria (Lu Station),E01004750,Westminster 023E,Violence and sexual offences,,
,2023-07,British Transport Police,British Transport Police,-0.143102,51.496420,On or near London Victoria (Lu Station),E01004750,Westminster 023E,Violence and sexual offences,,
,2023-07,British Transport Police,British Transport Police,-0.143102,51.496420,On or near London Victoria (Lu Station),E01004750,Westminster 023E,Violence and sexual offences,,
,2023-07,British Transport Police,British Transport Police,-0.143102,51.496420,On or near London Victoria (Lu Station),E01004750,Westminster 023E,Violence and sexual offences,,
,2023-07,British Transport Police,British Transport Police,-0.143102,51.496420,On or near London Victoria (Lu Station),E01004750,Westminster 023E,Violence and sexual offences,,
,2023-07,British Transport Police,British Transport Police,-0.143102,51.496420,On or near London Victoria (Lu Station),E01004750,Westminster 023E,Violence and sexual offences,,
,2023-07,British Transport Police,British Transport Police,-0.143102,51.496420,On or near London Victoria (Lu Station),E01004750,Westminster 023E,Violence and sexual offences,,
,2023-07,British Transport Police,British Transport Police,-0.143102,51.496420,On or near London Victoria (Lu Station),E01004750,Westminster 023E,Violence and sexual offences,,
,2023-07,British Transport Police,British Transport Police,-0.143102,51.496420,On or near London Victoria (Lu Station),E01004750,Westminster 023E,Violence and sexual offences,,
,2023-07,British Transport Police,British Transport Police,-0.143102,51.496420,On or near London Victoria (Lu Station),E01004750,Westminster 023E,Violence and sexual offences,,
,2023-07,British Transport Police,British Transport Police,-0.143102,51.496420,On or near London Victoria (Lu Station),E01004750,Westminster 023E,Other crime,,
,2023-07,British Transport Police,British Transport Police,-0.133108,51.489554,On or near Pimlico (Lu Station),E01004737,Westminster 024C,Theft from the person,,
,2023-07,British Transport Police,British Transport Police,-1.005306,52.290166,On or near Althorpe (Station),E01026998,West Northamptonshire 005A,Criminal damage and arson,,
,2023-07,British Transport Police,British Transport Police,-1.372950,51.824768,On or near Hanborough (Station),E01028790,West Oxfordshire 006C,Bicycle theft,,
,2023-07,British Transport Police,British Transport Police,0.712323,52.251572,On or near Bury St Edmunds (Station),E01030137,West Suffolk 011C,Bicycle theft,,
,2023-07,British Transport Police,British Transport Police,0.712323,52.251572,On or near Bury St Edmunds (Station),E01030137,West Suffolk 011C,Other theft,,
,2023-07,British Transport Police,British Transport Police,0.712323,52.251572,On or near Bury St Edmunds (Station),E01030137,West Suffolk 011C,Violence and sexual offences,,
,2023-07,British Transport Police,British Transport Police,0.712323,52.251572,On or near Bury St Edmunds (Station),E01030137,West Suffolk 011C,Violence and sexual offences,,
,2023-07,British Transport Police,British Transport Police,0.712323,52.251572,On or near Bury St Edmunds (Station),E01030137,West Suffolk 011C,Violence and sexual offences,,
,2023-07,British Transport Police,British Transport Police,-2.632929,53.544759,On or near Wigan Wallgate (Station),E01006369,Wigan 008C,Violence and sexual offences,,
,2023-07,British Transport Police,British Transport Police,-2.635010,53.543407,On or near Wigan North Western (Station),E01006349,Wigan 015A,Drugs,,
,2023-07,British Transport Police,British Transport Police,-2.635010,53.543407,On or near Wigan North Western (Station),E01006349,Wigan 015A,Drugs,,
,2023-07,British Transport Police,British Transport Police,-2.635010,53.543407,On or near Wigan North Western (Station),E01006349,Wigan 015A,Public order,,
,2023-07,British Transport Police,British Transport Police,-2.635010,53.543407,On or near Wigan North Western (Station),E01006349,Wigan 015A,Public order,,
,2023-07,British Transport Police,British Transport Police,-2.635010,53.543407,On or near Wigan North Western (Station),E01006349,Wigan 015A,Violence and sexual offences,,
,2023-07,British Transport Police,British Transport Police,-2.635010,53.543407,On or near Wigan North Western (Station),E01006349,Wigan 015A,Other crime,,
,2023-07,British Transport Police,British Transport Police,-2.494246,53.533870,On or near Hag Fold (Station),E01006240,Wigan 017B,Criminal damage and arson,,
,2023-07,British Transport Police,British Transport Police,-2.647799,53.499691,On or near Bryn (Station),E01006267,Wigan 032D,Criminal damage and arson,,
,2023-07,British Transport Police,British Transport Police,-2.647799,53.499691,On or near Bryn (Station),E01006267,Wigan 032D,Vehicle crime,,
,2023-07,British Transport Police,British Transport Police,-2.647799,53.499691,On or near Bryn (Station),E01006267,Wigan 032D,Violence and sexual offences,,
,2023-07,British Transport Police,British Transport Police,-1.965807,51.541593,On or near Southend Victoria (Station),E01031893,Wiltshire 004C,Bicycle theft,,
,2023-07,British Transport Police,British Transport Police,-1.965807,51.541593,On or near Southend Victoria (Station),E01031893,Wiltshire 004C,Drugs,,
,2023-07,British Transport Police,British Transport Police,-1.965807,51.541593,On or near Southend Victoria (Station),E01031893,Wiltshire 004C,Drugs,,
,2023-07,British Transport Police,British Transport Police,-1.965807,51.541593,On or near Southend Victoria (Station),E01031893,Wiltshire 004C,Other theft,,
,2023-07,British Transport Police,British Transport Police,-2.244444,51.493210,On or near Manchester Victoria (Station),E01031951,Wiltshire 008D,Bicycle theft,,
,2023-07,British Transport Police,British Transport Police,-2.244444,51.493210,On or near Manchester Victoria (Station),E01031951,Wiltshire 008D,Criminal damage and arson,,
,2023-07,British Transport Police,British Transport Police,-2.244444,51.493210,On or near Manchester Victoria (Station),E01031951,Wiltshire 008D,Drugs,,
,2023-07,British Transport Police,British Transport Police,-2.244444,51.493210,On or near Manchester Victoria (Station),E01031951,Wiltshire 008D,Public order,,
,2023-07,British Transport Police,British Transport Police,-2.244444,51.493210,On or near Manchester Victoria (Station),E01031951,Wiltshire 008D,Public order,,
,2023-07,British Transport Police,British Transport Police,-2.244444,51.493210,On or near Manchester Victoria (Station),E01031951,Wiltshire 008D,Violence and sexual offences,,
,2023-07,British Transport Police,British Transport Police,-2.244444,51.493210,On or near Manchester Victoria (Station),E01031951,Wiltshire 008D,Violence and sexual offences,,
,2023-07,British Transport Police,British Transport Police,-2.244444,51.493210,On or near Manchester Victoria (Station),E01031951,Wiltshire 008D,Violence and sexual offences,,
,2023-07,British Transport Police,British Transport Police,-2.244444,51.493210,On or near Manchester Victoria (Station),E01031951,Wiltshire 008D,Violence and sexual offences,,
,2023-07,British Transport Police,British Transport Police,-2.115091,51.462551,On or near Chippenham (Station),E01031912,Wiltshire 011B,Other theft,,
,2023-07,British Transport Police,British Transport Police,-2.115091,51.462551,On or near Chippenham (Station),E01031912,Wiltshire 011B,Other theft,,
,2023-07,British Transport Police,British Transport Police,-2.115091,51.462551,On or near Chippenham (Station),E01031912,Wiltshire 011B,Public order,,
,2023-07,British Transport Police,British Transport Police,-1.773475,51.442558,On or near Earlsfield (Station),E01031868,Wiltshire 012B,Bicycle theft,,
,2023-07,British Transport Police,British Transport Police,-1.773475,51.442558,On or near Earlsfield (Station),E01031868,Wiltshire 012B,Theft from the person,,
,2023-07,British Transport Police,British Transport Police,-2.281870,51.339550,On or near Avoncliff (Station),E01032059,Wiltshire 023B,Other theft,,
,2023-07,British Transport Police,British Transport Police,-2.252327,51.344932,On or near Bradford On Avon (Station),E01034532,Wiltshire 027H,Bicycle theft,,
,2023-07,British Transport Police,British Transport Police,-2.252327,51.344932,On or near Bradford On Avon (Station),E01034532,Wiltshire 027H,Criminal damage and arson,,
,2023-07,British Transport Police,British Transport Police,-2.252327,51.344932,On or near Bradford On Avon (Station),E01034532,Wiltshire 027H,Criminal damage and arson,,
,2023-07,British Transport Police,British Transport Police,-2.252327,51.344932,On or near Bradford On Avon (Station),E01034532,Wiltshire 027H,Other theft,,
,2023-07,British Transport Police,British Transport Police,-2.214049,51.320146,On or near Trowbridge (Station),E01032085,Wiltshire 031A,Bicycle theft,,
,2023-07,British Transport Police,British Transport Police,-1.861404,51.227302,On or near Earlswood (Surrey) (Station),E01031867,Wiltshire 038B,Other theft,,
,2023-07,British Transport Police,British Transport Police,-2.176720,51.206803,On or near Warminster (Station),E01032108,Wiltshire 042D,Criminal damage and arson,,
,2023-07,British Transport Police,British Transport Police,-1.806088,51.070332,On or near Salisbury (Station),E01032003,Wiltshire 055C,Bicycle theft,,
,2023-07,British Transport Police,British Transport Police,-1.806088,51.070332,On or near Salisbury (Station),E01032003,Wiltshire 055C,Bicycle theft,,
,2023-07,British Transport Police,British Transport Police,-1.806088,51.070332,On or near Salisbury (Station),E01032003,Wiltshire 055C,Bicycle theft,,
,2023-07,British Transport Police,British Transport Police,-1.806088,51.070332,On or near Salisbury (Station),E01032003,Wiltshire 055C,Bicycle theft,,
,2023-07,British Transport Police,British Transport Police,-1.806088,51.070332,On or near Salisbury (Station),E01032003,Wiltshire 055C,Other theft,,
,2023-07,British Transport Police,British Transport Police,-1.806088,51.070332,On or near Salisbury (Station),E01032003,Wiltshire 055C,Violence and sexual offences,,
,2023-07,British Transport Police,British Transport Police,-2.078917,51.060907,On or near Tisbury (Station),E01032030,Wiltshire 061C,Other theft,,
,2023-07,British Transport Police,British Transport Police,-2.199964,51.265661,On or near Westbury (Station),E01032118,Wiltshire 063C,Other theft,,
,2023-07,British Transport Police,British Transport Police,-1.260678,51.182375,On or near Micheldever (Station),E01023288,Winchester 001C,Criminal damage and arson,,
,2023-07,British Transport Police,British Transport Police,-1.319740,51.067415,On or near Winchester (Station),E01023267,Winchester 007F,Bicycle theft,,
,2023-07,British Transport Police,British Transport Police,-1.319740,51.067415,On or near Winchester (Station),E01023267,Winchester 007F,Other theft,,
,2023-07,British Transport Police,British Transport Police,-1.319740,51.067415,On or near Winchester (Station),E01023267,Winchester 007F,Public order,,
,2023-07,British Transport Police,British Transport Police,-1.319740,51.067415,On or near Winchester (Station),E01023267,Winchester 007F,Public order,,
,2023-07,British Transport Police,British Transport Police,-1.319740,51.067415,On or near Winchester (Station),E01023267,Winchester 007F,Vehicle crime,,
,2023-07,British Transport Police,British Transport Police,-1.319740,51.067415,On or near Winchester (Station),E01023267,Winchester 007F,Violence and sexual offences,,
,2023-07,British Transport Police,British Transport Police,-0.722688,51.518694,On or near Maidenhead (Station),E01016536,Windsor and Maidenhead 005D,Bicycle theft,,
,2023-07,British Transport Police,British Transport Police,-0.722688,51.518694,On or near Maidenhead (Station),E01016536,Windsor and Maidenhead 005D,Drugs,,
,2023-07,British Transport Police,British Transport Police,-0.722688,51.518694,On or near Maidenhead (Station),E01016536,Windsor and Maidenhead 005D,Other theft,,
,2023-07,British Transport Police,British Transport Police,-0.722688,51.518694,On or near Maidenhead (Station),E01016536,Windsor and Maidenhead 005D,Public order,,
,2023-07,British Transport Police,British Transport Police,-0.722688,51.518694,On or near Maidenhead (Station),E01016536,Windsor and Maidenhead 005D,Violence and sexual offences,,
,2023-07,British Transport Police,British Transport Police,-0.722688,51.518694,On or near Maidenhead (Station),E01016536,Windsor and Maidenhead 005D,Violence and sexual offences,,
,2023-07,British Transport Police,British Transport Police,-0.610135,51.482948,On or near Windsor Royal (Station),E01016544,Windsor and Maidenhead 010A,Bicycle theft,,
,2023-07,British Transport Police,British Transport Police,-0.610135,51.482948,On or near Windsor Royal (Station),E01016544,Windsor and Maidenhead 010A,Bicycle theft,,
,2023-07,British Transport Police,British Transport Police,-0.606562,51.485675,On or near Windsor And Eton Riverside (Station),E01016567,Windsor and Maidenhead 010B,Other theft,,
,2023-07,British Transport Police,British Transport Police,-0.606562,51.485675,On or near Windsor And Eton Riverside (Station),E01016567,Windsor and Maidenhead 010B,Other theft,,
,2023-07,British Transport Police,British Transport Police,-0.606562,51.485675,On or near Windsor And Eton Riverside (Station),E01016567,Windsor and Maidenhead 010B,Public order,,
,2023-07,British Transport Police,British Transport Police,-0.632514,51.392079,On or near Sunningdale (Station),E01016603,Windsor and Maidenhead 018A,Violence and sexual offences,,
,2023-07,British Transport Police,British Transport Police,-3.049257,53.437230,On or near New Brighton (Station),E01007231,Wirral 001C,Public order,,
,2023-07,British Transport Police,British Transport Police,-3.049257,53.437230,On or near New Brighton (Station),E01007231,Wirral 001C,Violence and sexual offences,,
,2023-07,British Transport Police,British Transport Police,-3.069514,53.428704,On or near Wallasey Grove Road (Station),E01007308,Wirral 003B,Public order,,
,2023-07,British Transport Police,British Transport Police,-3.040568,53.397404,On or near Birkenhead Park (Station),E01034837,Wirral 010H,Other theft,,
,2023-07,British Transport Police,British Transport Police,-3.040568,53.397404,On or near Birkenhead Park (Station),E01034837,Wirral 010H,Public order,,
,2023-07,British Transport Police,British Transport Police,-3.040568,53.397404,On or near Birkenhead Park (Station),E01034837,Wirral 010H,Violence and sexual offences,,
,2023-07,British Transport Police,British Transport Police,-3.040568,53.397404,On or near Birkenhead Park (Station),E01034837,Wirral 010H,Violence and sexual offences,,
,2023-07,British Transport Police,British Transport Police,-3.057774,53.403810,On or near Birkenhead North (Station),E01007122,Wirral 011C,Drugs,,
,2023-07,British Transport Police,British Transport Police,-3.057774,53.403810,On or near Birkenhead North (Station),E01007122,Wirral 011C,Violence and sexual offences,,
,2023-07,British Transport Police,British Transport Police,-3.080293,53.409042,On or near Bidston (Station),E01007124,Wirral 011E,Violence and sexual offences,,
,2023-07,British Transport Police,British Transport Police,-3.178753,53.390103,On or near Hoylake (Station),E01007193,Wirral 014A,Drugs,,
,2023-07,British Transport Police,British Transport Police,-3.013994,53.394635,On or near Birkenhead Hamilton Square (Station),E01034838,Wirral 016F,Criminal damage and arson,,
,2023-07,British Transport Police,British Transport Police,-3.022581,53.393368,On or near Conway Park (Station),E01034838,Wirral 016F,Public order,,
,2023-07,British Transport Police,British Transport Police,-3.013994,53.394635,On or near Birkenhead Hamilton Square (Station),E01034838,Wirral 016F,Violence and sexual offences,,
,2023-07,British Transport Police,British Transport Police,-3.013994,53.394635,On or near Birkenhead Hamilton Square (Station),E01034838,Wirral 016F,Violence and sexual offences,,
,2023-07,British Transport Police,British Transport Police,-3.021539,53.387534,On or near Birkenhead Central (Station),E01007291,Wirral 021D,Drugs,,
,2023-07,British Transport Police,British Transport Police,-3.021539,53.387534,On or near Birkenhead Central (Station),E01007291,Wirral 021D,Drugs,,
,2023-07,British Transport Police,British Transport Police,-3.021539,53.387534,On or near Birkenhead Central (Station),E01007291,Wirral 021D,Public order,,
,2023-07,British Transport Police,British Transport Police,-3.021539,53.387534,On or near Birkenhead Central (Station),E01007291,Wirral 021D,Public order,,
,2023-07,British Transport Police,British Transport Police,-3.021539,53.387534,On or near Birkenhead Central (Station),E01007291,Wirral 021D,Violence and sexual offences,,
,2023-07,British Transport Police,British Transport Police,-3.183984,53.373135,On or near West Kirby (Station),E01007198,Wirral 026C,Public order,,
,2023-07,British Transport Police,British Transport Police,-3.011401,53.372149,On or near Rock Ferry (Station),E01007295,Wirral 027D,Public order,,
,2023-07,British Transport Police,British Transport Police,-3.011401,53.372149,On or near Rock Ferry (Station),E01007295,Wirral 027D,Violence and sexual offences,,
,2023-07,British Transport Police,British Transport Police,-2.986396,53.321671,On or near Bromborough (Station),E01007170,Wirral 039D,Criminal damage and arson,,
,2023-07,British Transport Police,British Transport Police,-2.980266,53.307040,On or near Eastham Rake (Station),E01007168,Wirral 042D,Criminal damage and arson,,
,2023-07,British Transport Police,British Transport Police,-0.505529,51.339649,On or near West Byfleet (Station),E01031004,Woking 002E,Bicycle theft,,
,2023-07,British Transport Police,British Transport Police,-0.505529,51.339649,On or near West Byfleet (Station),E01031004,Woking 002E,Bicycle theft,,
,2023-07,British Transport Police,British Transport Police,-0.505529,51.339649,On or near West Byfleet (Station),E01031004,Woking 002E,Bicycle theft,,
,2023-07,British Transport Police,British Transport Police,-0.505529,51.339649,On or near West Byfleet (Station),E01031004,Woking 002E,Bicycle theft,,
,2023-07,British Transport Police,British Transport Police,-0.557302,51.318084,On or near Woking (Station),E01034294,Woking 008F,Bicycle theft,,
,2023-07,British Transport Police,British Transport Police,-0.557302,51.318084,On or near Woking (Station),E01034294,Woking 008F,Bicycle theft,,
,2023-07,British Transport Police,British Transport Police,-0.557302,51.318084,On or near Woking (Station),E01034294,Woking 008F,Bicycle theft,,
,2023-07,British Transport Police,British Transport Police,-0.557302,51.318084,On or near Woking (Station),E01034294,Woking 008F,Bicycle theft,,
,2023-07,British Transport Police,British Transport Police,-0.557302,51.318084,On or near Woking (Station),E01034294,Woking 008F,Bicycle theft,,
,2023-07,British Transport Police,British Transport Police,-0.557302,51.318084,On or near Woking (Station),E01034294,Woking 008F,Bicycle theft,,
,2023-07,British Transport Police,British Transport Police,-0.557302,51.318084,On or near Woking (Station),E01034294,Woking 008F,Bicycle theft,,
,2023-07,British Transport Police,British Transport Police,-0.557302,51.318084,On or near Woking (Station),E01034294,Woking 008F,Bicycle theft,,
,2023-07,British Transport Police,British Transport Police,-0.557302,51.318084,On or near Woking (Station),E01034294,Woking 008F,Bicycle theft,,
,2023-07,British Transport Police,British Transport Police,-0.557302,51.318084,On or near Woking (Station),E01034294,Woking 008F,Drugs,,
,2023-07,British Transport Police,British Transport Police,-0.557302,51.318084,On or near Woking (Station),E01034294,Woking 008F,Drugs,,
,2023-07,British Transport Police,British Transport Police,-0.557302,51.318084,On or near Woking (Station),E01034294,Woking 008F,Drugs,,
,2023-07,British Transport Police,British Transport Police,-0.557302,51.318084,On or near Woking (Station),E01034294,Woking 008F,Drugs,,
,2023-07,British Transport Police,British Transport Police,-0.557302,51.318084,On or near Woking (Station),E01034294,Woking 008F,Drugs,,
,2023-07,British Transport Police,British Transport Police,-0.557302,51.318084,On or near Woking (Station),E01034294,Woking 008F,Other theft,,
,2023-07,British Transport Police,British Transport Police,-0.557302,51.318084,On or near Woking (Station),E01034294,Woking 008F,Possession of weapons,,
,2023-07,British Transport Police,British Transport Police,-0.557302,51.318084,On or near Woking (Station),E01034294,Woking 008F,Public order,,
,2023-07,British Transport Police,British Transport Police,-0.557302,51.318084,On or near Woking (Station),E01034294,Woking 008F,Public order,,
,2023-07,British Transport Police,British Transport Police,-0.557302,51.318084,On or near Woking (Station),E01034294,Woking 008F,Theft from the person,,
,2023-07,British Transport Police,British Transport Police,-0.557302,51.318084,On or near Woking (Station),E01034294,Woking 008F,Theft from the person,,
,2023-07,British Transport Police,British Transport Police,-0.557302,51.318084,On or near Woking (Station),E01034294,Woking 008F,Vehicle crime,,
,2023-07,British Transport Police,British Transport Police,-0.557302,51.318084,On or near Woking (Station),E01034294,Woking 008F,Violence and sexual offences,,
,2023-07,British Transport Police,British Transport Police,-0.557302,51.318084,On or near Woking (Station),E01034294,Woking 008F,Violence and sexual offences,,
,2023-07,British Transport Police,British Transport Police,-0.557302,51.318084,On or near Woking (Station),E01034294,Woking 008F,Violence and sexual offences,,
,2023-07,British Transport Police,British Transport Police,-0.557302,51.318084,On or near Woking (Station),E01034294,Woking 008F,Other crime,,
,2023-07,British Transport Police,British Transport Police,-0.636078,51.303751,On or near Brookwood (Station),E01030945,Woking 012B,Bicycle theft,,
,2023-07,British Transport Police,British Transport Police,-0.636078,51.303751,On or near Brookwood (Station),E01030945,Woking 012B,Bicycle theft,,
,2023-07,British Transport Police,British Transport Police,-0.636078,51.303751,On or near Brookwood (Station),E01030945,Woking 012B,Other theft,,
,2023-07,British Transport Police,British Transport Police,-0.636078,51.303751,On or near Brookwood (Station),E01030945,Woking 012B,Vehicle crime,,
,2023-07,British Transport Police,British Transport Police,-0.865033,51.475028,On or near Twyford (Station),E01016692,Wokingham 002C,Bicycle theft,,
,2023-07,British Transport Police,British Transport Police,-0.865033,51.475028,On or near Twyford (Station),E01016692,Wokingham 002C,Bicycle theft,,
,2023-07,British Transport Police,British Transport Police,-0.865033,51.475028,On or near Twyford (Station),E01016692,Wokingham 002C,Other theft,,
,2023-07,British Transport Police,British Transport Police,-0.865033,51.475028,On or near Twyford (Station),E01016692,Wokingham 002C,Public order,,
,2023-07,British Transport Police,British Transport Police,-0.865033,51.475028,On or near Twyford (Station),E01016692,Wokingham 002C,Public order,,
,2023-07,British Transport Police,British Transport Police,-0.865033,51.475028,On or near Twyford (Station),E01016692,Wokingham 002C,Vehicle crime,,
,2023-07,British Transport Police,British Transport Police,-0.865033,51.475028,On or near Twyford (Station),E01016692,Wokingham 002C,Violence and sexual offences,,
,2023-07,British Transport Police,British Transport Police,-0.917819,51.440945,On or near Earley (Station),E01016688,Wokingham 007E,Bicycle theft,,
,2023-07,British Transport Police,British Transport Police,-0.917819,51.440945,On or near Earley (Station),E01016688,Wokingham 007E,Bicycle theft,,
,2023-07,British Transport Police,British Transport Police,-0.891088,51.436712,On or near Winnersh Triangle (Station),E01016702,Wokingham 009C,Other theft,,
,2023-07,British Transport Police,British Transport Police,-0.877344,51.430422,On or near Winnersh (Station),E01016704,Wokingham 009E,Criminal damage and arson,,
,2023-07,British Transport Police,British Transport Police,-0.842743,51.410651,On or near Wokingham (Station),E01016626,Wokingham 013A,Bicycle theft,,
,2023-07,British Transport Police,British Transport Police,-0.842743,51.410651,On or near Wokingham (Station),E01016626,Wokingham 013A,Public order,,
,2023-07,British Transport Police,British Transport Police,-0.818835,51.410942,On or near Beckenham Junction (Station),E01035262,Wokingham 014G,Violence and sexual offences,,
,2023-07,British Transport Police,British Transport Police,-0.818835,51.410942,On or near Beckenham Junction (Station),E01035262,Wokingham 014G,Violence and sexual offences,,
,2023-07,British Transport Police,British Transport Police,-2.121240,52.586910,On or near Wolverhampton (Station),E01034313,Wolverhampton 020H,Criminal damage and arson,,
,2023-07,British Transport Police,British Transport Police,-2.121240,52.586910,On or near Wolverhampton (Station),E01034313,Wolverhampton 020H,Criminal damage and arson,,
,2023-07,British Transport Police,British Transport Police,-2.121240,52.586910,On or near Wolverhampton (Station),E01034313,Wolverhampton 020H,Criminal damage and arson,,
,2023-07,British Transport Police,British Transport Police,-2.121240,52.586910,On or near Wolverhampton (Station),E01034313,Wolverhampton 020H,Criminal damage and arson,,
,2023-07,British Transport Police,British Transport Police,-2.121240,52.586910,On or near Wolverhampton (Station),E01034313,Wolverhampton 020H,Other theft,,
,2023-07,British Transport Police,British Transport Police,-2.121240,52.586910,On or near Wolverhampton (Station),E01034313,Wolverhampton 020H,Other theft,,
,2023-07,British Transport Police,British Transport Police,-2.121240,52.586910,On or near Wolverhampton (Station),E01034313,Wolverhampton 020H,Possession of weapons,,
,2023-07,British Transport Police,British Transport Police,-2.121240,52.586910,On or near Wolverhampton (Station),E01034313,Wolverhampton 020H,Public order,,
,2023-07,British Transport Police,British Transport Police,-2.121240,52.586910,On or near Wolverhampton (Station),E01034313,Wolverhampton 020H,Public order,,
,2023-07,British Transport Police,British Transport Police,-2.121240,52.586910,On or near Wolverhampton (Station),E01034313,Wolverhampton 020H,Public order,,
,2023-07,British Transport Police,British Transport Police,-2.121240,52.586910,On or near Wolverhampton (Station),E01034313,Wolverhampton 020H,Public order,,
,2023-07,British Transport Police,British Transport Police,-2.121240,52.586910,On or near Wolverhampton (Station),E01034313,Wolverhampton 020H,Public order,,
,2023-07,British Transport Police,British Transport Police,-2.121240,52.586910,On or near Wolverhampton (Station),E01034313,Wolverhampton 020H,Public order,,
,2023-07,British Transport Police,British Transport Police,-2.121240,52.586910,On or near Wolverhampton (Station),E01034313,Wolverhampton 020H,Theft from the person,,
,2023-07,British Transport Police,British Transport Police,-2.121240,52.586910,On or near Wolverhampton (Station),E01034313,Wolverhampton 020H,Violence and sexual offences,,
,2023-07,British Transport Police,British Transport Police,-2.121240,52.586910,On or near Wolverhampton (Station),E01034313,Wolverhampton 020H,Violence and sexual offences,,
,2023-07,British Transport Police,British Transport Police,-2.121240,52.586910,On or near Wolverhampton (Station),E01034313,Wolverhampton 020H,Violence and sexual offences,,
,2023-07,British Transport Police,British Transport Police,-2.222868,52.194925,On or near Worcester Foregate Street (Station),E01033247,Worcester 007F,Bicycle theft,,
,2023-07,British Transport Police,British Transport Police,-2.222868,52.194925,On or near Worcester Foregate Street (Station),E01033247,Worcester 007F,Bicycle theft,,
,2023-07,British Transport Police,British Transport Police,-2.222868,52.194925,On or near Worcester Foregate Street (Station),E01033247,Worcester 007F,Bicycle theft,,
,2023-07,British Transport Police,British Transport Police,-2.222868,52.194925,On or near Worcester Foregate Street (Station),E01033247,Worcester 007F,Bicycle theft,,
,2023-07,British Transport Police,British Transport Police,-2.222868,52.194925,On or near Worcester Foregate Street (Station),E01033247,Worcester 007F,Public order,,
,2023-07,British Transport Police,British Transport Police,-2.222868,52.194925,On or near Worcester Foregate Street (Station),E01033247,Worcester 007F,Public order,,
,2023-07,British Transport Police,British Transport Police,-2.222868,52.194925,On or near Worcester Foregate Street (Station),E01033247,Worcester 007F,Violence and sexual offences,,
,2023-07,British Transport Police,British Transport Police,-2.222868,52.194925,On or near Worcester Foregate Street (Station),E01033247,Worcester 007F,Violence and sexual offences,,
,2023-07,British Transport Police,British Transport Police,-2.209393,52.194787,On or near Worcester Shrub Hill (Station),E01032292,Worcester 011B,Burglary,,
,2023-07,British Transport Police,British Transport Police,-2.209393,52.194787,On or near Worcester Shrub Hill (Station),E01032292,Worcester 011B,Criminal damage and arson,,
,2023-07,British Transport Police,British Transport Police,-2.209393,52.194787,On or near Worcester Shrub Hill (Station),E01032292,Worcester 011B,Public order,,
,2023-07,British Transport Police,British Transport Police,-2.209393,52.194787,On or near Worcester Shrub Hill (Station),E01032292,Worcester 011B,Public order,,
,2023-07,British Transport Police,British Transport Police,-2.209393,52.194787,On or near Worcester Shrub Hill (Station),E01032292,Worcester 011B,Public order,,
,2023-07,British Transport Police,British Transport Police,-0.411412,50.817534,On or near Durrington On Sea (Station),E01034829,Worthing 007G,Bicycle theft,,
,2023-07,British Transport Police,British Transport Police,-0.411412,50.817534,On or near Durrington On Sea (Station),E01034829,Worthing 007G,Robbery,,
,2023-07,British Transport Police,British Transport Police,-0.411412,50.817534,On or near Durrington On Sea (Station),E01034829,Worthing 007G,Violence and sexual offences,,
,2023-07,British Transport Police,British Transport Police,-0.376468,50.818382,On or near Worthing (Station),E01031791,Worthing 008A,Bicycle theft,,
,2023-07,British Transport Police,British Transport Police,-0.376468,50.818382,On or near Worthing (Station),E01031791,Worthing 008A,Bicycle theft,,
,2023-07,British Transport Police,British Transport Police,-0.376468,50.818382,On or near Worthing (Station),E01031791,Worthing 008A,Bicycle theft,,
,2023-07,British Transport Police,British Transport Police,-0.376468,50.818382,On or near Worthing (Station),E01031791,Worthing 008A,Drugs,,
,2023-07,British Transport Police,British Transport Police,-0.376468,50.818382,On or near Worthing (Station),E01031791,Worthing 008A,Drugs,,
,2023-07,British Transport Police,British Transport Police,-0.376468,50.818382,On or near Worthing (Station),E01031791,Worthing 008A,Drugs,,
,2023-07,British Transport Police,British Transport Police,-0.376468,50.818382,On or near Worthing (Station),E01031791,Worthing 008A,Drugs,,
,2023-07,British Transport Police,British Transport Police,-0.376468,50.818382,On or near Worthing (Station),E01031791,Worthing 008A,Drugs,,
,2023-07,British Transport Police,British Transport Police,-0.376468,50.818382,On or near Worthing (Station),E01031791,Worthing 008A,Possession of weapons,,
,2023-07,British Transport Police,British Transport Police,-0.376468,50.818382,On or near Worthing (Station),E01031791,Worthing 008A,Public order,,
,2023-07,British Transport Police,British Transport Police,-0.376468,50.818382,On or near Worthing (Station),E01031791,Worthing 008A,Public order,,
,2023-07,British Transport Police,British Transport Police,-0.376468,50.818382,On or near Worthing (Station),E01031791,Worthing 008A,Public order,,
,2023-07,British Transport Police,British Transport Police,-0.376468,50.818382,On or near Worthing (Station),E01031791,Worthing 008A,Public order,,
,2023-07,British Transport Police,British Transport Police,-0.376468,50.818382,On or near Worthing (Station),E01031791,Worthing 008A,Violence and sexual offences,,
,2023-07,British Transport Police,British Transport Police,-0.376468,50.818382,On or near Worthing (Station),E01031791,Worthing 008A,Violence and sexual offences,,
,2023-07,British Transport Police,British Transport Police,-0.354965,50.821644,On or near East Worthing (Station),E01031779,Worthing 009A,Theft from the person,,
,2023-07,British Transport Police,British Transport Police,-0.393158,50.818284,On or near West Worthing (Station),E01031810,Worthing 010D,Bicycle theft,,
,2023-07,British Transport Police,British Transport Police,-0.393158,50.818284,On or near West Worthing (Station),E01031810,Worthing 010D,Violence and sexual offences,,
,2023-07,British Transport Police,British Transport Police,-3.017683,53.072736,On or near Gwersyllt (Station),W01000374,Wrexham 003A,Criminal damage and arson,,
,2023-07,British Transport Police,British Transport Police,-3.017683,53.072736,On or near Gwersyllt (Station),W01000374,Wrexham 003A,Criminal damage and arson,,
,2023-07,British Transport Police,British Transport Police,-3.002519,53.050274,On or near Wrexham General (Station),W01000372,Wrexham 008C,Violence and sexual offences,,
,2023-07,British Transport Police,British Transport Police,-2.999187,53.046205,On or near Wrexham Central (Station),W01000350,Wrexham 011B,Criminal damage and arson,,
,2023-07,British Transport Police,British Transport Police,-2.999187,53.046205,On or near Wrexham Central (Station),W01000350,Wrexham 011B,Criminal damage and arson,,
,2023-07,British Transport Police,British Transport Police,-2.999187,53.046205,On or near Wrexham Central (Station),W01000350,Wrexham 011B,Criminal damage and arson,,
,2023-07,British Transport Police,British Transport Police,-2.999187,53.046205,On or near Wrexham Central (Station),W01000350,Wrexham 011B,Criminal damage and arson,,
,2023-07,British Transport Police,British Transport Police,-2.999187,53.046205,On or near Wrexham Central (Station),W01000350,Wrexham 011B,Other theft,,
,2023-07,British Transport Police,British Transport Police,-2.158977,52.267833,On or near Droitwich Spa (Station),E01032357,Wychavon 004A,Other theft,,
,2023-07,British Transport Police,British Transport Police,-2.197524,52.237100,On or near Northampton (Station),E01032400,Wychavon 006B,Other theft,,
,2023-07,British Transport Police,British Transport Police,-2.197524,52.237100,On or near Northampton (Station),E01032400,Wychavon 006B,Public order,,
,2023-07,British Transport Police,British Transport Police,-2.197524,52.237100,On or near Northampton (Station),E01032400,Wychavon 006B,Public order,,
,2023-07,British Transport Police,British Transport Police,-2.197524,52.237100,On or near Northampton (Station),E01032400,Wychavon 006B,Public order,,
,2023-07,British Transport Police,British Transport Police,-2.197524,52.237100,On or near Northampton (Station),E01032400,Wychavon 006B,Public order,,
,2023-07,British Transport Police,British Transport Police,-2.197524,52.237100,On or near Northampton (Station),E01032400,Wychavon 006B,Public order,,
,2023-07,British Transport Police,British Transport Police,-2.197524,52.237100,On or near Northampton (Station),E01032400,Wychavon 006B,Violence and sexual offences,,
,2023-07,British Transport Police,British Transport Police,-2.197524,52.237100,On or near Northampton (Station),E01032400,Wychavon 006B,Violence and sexual offences,,
,2023-07,British Transport Police,British Transport Police,-2.159983,52.156558,On or near Worcestershire Parkway (Station),E01032403,Wychavon 009D,Criminal damage and arson,,
,2023-07,British Transport Police,British Transport Police,-2.159983,52.156558,On or near Worcestershire Parkway (Station),E01032403,Wychavon 009D,Vehicle crime,,
,2023-07,British Transport Police,British Transport Police,-2.159983,52.156558,On or near Worcestershire Parkway (Station),E01032403,Wychavon 009D,Violence and sexual offences,,
,2023-07,British Transport Police,British Transport Police,-1.947343,52.098404,On or near Evesham (Station),E01032378,Wychavon 014C,Public order,,
,2023-07,British Transport Police,British Transport Police,-2.238557,52.384563,On or near Kidderminster (Station),E01034332,Wyre Forest 004F,Criminal damage and arson,,
,2023-07,British Transport Police,British Transport Police,-2.238557,52.384563,On or near Kidderminster (Station),E01034332,Wyre Forest 004F,Violence and sexual offences,,
,2023-07,British Transport Police,British Transport Police,-3.307844,55.927657,On or near Edinburgh Park (Station),,,Bicycle theft,,
,2023-07,British Transport Police,British Transport Police,-3.966426,56.185852,On or near Dunblane (Station),,,Bicycle theft,,
,2023-07,British Transport Police,British Transport Police,-3.935889,56.118823,On or near Stirling (Station),,,Bicycle theft,,
,2023-07,British Transport Police,British Transport Police,-3.217399,55.945811,On or near Haymarket (Station),,,Bicycle theft,,
,2023-07,British Transport Police,British Transport Police,-2.974654,55.953017,On or near Prestonpans (Station),,,Bicycle theft,,
,2023-07,British Transport Police,British Transport Police,-4.259966,55.868101,On or near Cowcaddens (Station),,,Bicycle theft,,
,2023-07,British Transport Police,British Transport Police,-4.674618,55.738966,On or near Glengarnock (Station),,,Bicycle theft,,
,2023-07,British Transport Police,British Transport Police,-3.307844,55.927657,On or near Edinburgh Park (Station),,,Bicycle theft,,
,2023-07,British Transport Police,British Transport Police,-3.835620,51.493210,On or near London Victoria (Station),,,Burglary,,
,2023-07,British Transport Police,British Transport Police,-4.258257,55.859590,On or near Glasgow Central (Station),,,Burglary,,
,2023-07,British Transport Police,British Transport Police,-3.848843,55.731229,On or near Carluke (Station),,,Burglary,,
,2023-07,British Transport Police,British Transport Police,-4.499078,55.611919,On or near Kilmarnock (Station),,,Burglary,,
,2023-07,British Transport Police,British Transport Police,-4.140120,55.890148,On or near Stepps (Station),,,Criminal damage and arson,,
,2023-07,British Transport Police,British Transport Police,-4.153935,55.921253,On or near Lenzie (Station),,,Criminal damage and arson,,
,2023-07,British Transport Police,British Transport Police,-4.363040,55.904825,On or near Drumchapel (Station),,,Criminal damage and arson,,
,2023-07,British Transport Police,British Transport Police,-4.363040,55.904825,On or near Drumchapel (Station),,,Criminal damage and arson,,
,2023-07,British Transport Police,British Transport Police,-4.577894,55.947632,On or near Dalreoch (Station),,,Criminal damage and arson,,
,2023-07,British Transport Police,British Transport Police,-4.385748,55.905026,On or near Drumry (Station),,,Criminal damage and arson,,
,2023-07,British Transport Police,British Transport Police,-4.269819,51.507984,On or near Charing (Station),,,Criminal damage and arson,,
,2023-07,British Transport Police,British Transport Police,-4.269819,51.507984,On or near Charing (Station),,,Criminal damage and arson,,
,2023-07,British Transport Police,British Transport Police,-3.166767,56.111926,On or near Kirkcaldy (Station),,,Criminal damage and arson,,
,2023-07,British Transport Police,British Transport Police,-3.217399,55.945811,On or near Haymarket (Station),,,Criminal damage and arson,,
,2023-07,British Transport Police,British Transport Police,-4.086552,55.823485,On or near Uddingston (Station),,,Criminal damage and arson,,
,2023-07,British Transport Police,British Transport Police,-3.381601,55.986256,On or near Dalmeny (Station),,,Criminal damage and arson,,
,2023-07,British Transport Police,British Transport Police,-3.818156,56.006199,On or near Camelon (Station),,,Criminal damage and arson,,
,2023-07,British Transport Police,British Transport Police,-4.140120,55.890148,On or near Stepps (Station),,,Criminal damage and arson,,
,2023-07,British Transport Police,British Transport Police,-4.140120,55.890148,On or near Stepps (Station),,,Criminal damage and arson,,
,2023-07,British Transport Police,British Transport Police,-4.252098,55.861936,On or near Glasgow Queen Street (Station),,,Criminal damage and arson,,
,2023-07,British Transport Police,British Transport Police,-4.252098,55.861936,On or near Glasgow Queen Street (Station),,,Criminal damage and arson,,
,2023-07,British Transport Police,British Transport Police,-3.395630,56.033779,On or near Inverkeithing (Station),,,Criminal damage and arson,,
,2023-07,British Transport Police,British Transport Police,-4.087015,55.797251,On or near Blantyre (Station),,,Criminal damage and arson,,
,2023-07,British Transport Police,British Transport Police,-4.226022,55.848926,On or near Bridgeton (Station),,,Criminal damage and arson,,
,2023-07,British Transport Police,British Transport Police,-4.087015,55.797251,On or near Blantyre (Station),,,Criminal damage and arson,,
,2023-07,British Transport Police,British Transport Police,-4.731684,56.004031,On or near Helensburgh Central (Station),,,Criminal damage and arson,,
,2023-07,British Transport Police,British Transport Police,-4.334341,55.837507,On or near Corkerhill Glasgow (Station),,,Criminal damage and arson,,
,2023-07,British Transport Police,British Transport Police,-4.258257,55.859590,On or near Glasgow Central (Station),,,Criminal damage and arson,,
,2023-07,British Transport Police,British Transport Police,-4.258257,55.859590,On or near Glasgow Central (Station),,,Criminal damage and arson,,
,2023-07,British Transport Police,British Transport Police,-4.428846,55.911963,On or near Dalmuir (Station),,,Criminal damage and arson,,
,2023-07,British Transport Police,British Transport Police,-3.595917,55.976468,On or near Linlithgow (Station),,,Criminal damage and arson,,
,2023-07,British Transport Police,British Transport Police,-3.835620,51.493210,On or near London Victoria (Station),,,Criminal damage and arson,,
,2023-07,British Transport Police,British Transport Police,-3.191817,55.951790,On or near Edinburgh Waverley (Station),,,Criminal damage and arson,,
,2023-07,British Transport Police,British Transport Police,-4.710209,55.654796,On or near Kilwinning (Station),,,Criminal damage and arson,,
,2023-07,British Transport Police,British Transport Police,-4.710209,55.654796,On or near Kilwinning (Station),,,Criminal damage and arson,,
,2023-07,British Transport Police,British Transport Police,-4.577894,55.947632,On or near Dalreoch (Station),,,Criminal damage and arson,,
,2023-07,British Transport Police,British Transport Police,-2.730163,56.056975,On or near North Berwick (Station),,,Criminal damage and arson,,
,2023-07,British Transport Police,British Transport Police,-2.979554,51.517459,On or near Liverpool Lime Street (Station),,,Criminal damage and arson,,
,2023-07,British Transport Police,British Transport Police,-3.245239,55.925887,On or near Slateford (Station),,,Criminal damage and arson,,
,2023-07,British Transport Police,British Transport Police,-4.423847,55.840091,On or near Paisley Canal (Station),,,Criminal damage and arson,,
,2023-07,British Transport Police,British Transport Police,-4.371694,55.856021,On or near Hillington West (Station),,,Criminal damage and arson,,
,2023-07,British Transport Police,British Transport Police,-4.287901,55.850361,On or near Kinning Park Subway (Station),,,Criminal damage and arson,,
,2023-07,British Transport Police,British Transport Police,-4.363040,55.904825,On or near Drumchapel (Station),,,Criminal damage and arson,,
,2023-07,British Transport Police,British Transport Police,-4.113637,55.844547,On or near Baillieston (Station),,,Criminal damage and arson,,
,2023-07,British Transport Police,British Transport Police,-4.363040,55.904825,On or near Drumchapel (Station),,,Criminal damage and arson,,
,2023-07,British Transport Police,British Transport Police,-3.835620,51.493210,On or near London Victoria (Station),,,Drugs,,
,2023-07,British Transport Police,British Transport Police,-3.835620,51.493210,On or near London Victoria (Station),,,Drugs,,
,2023-07,British Transport Police,British Transport Police,-3.835620,51.493210,On or near London Victoria (Station),,,Drugs,,
,2023-07,British Transport Police,British Transport Police,-3.835620,51.493210,On or near London Victoria (Station),,,Drugs,,
,2023-07,British Transport Police,British Transport Police,-3.835620,51.493210,On or near London Victoria (Station),,,Drugs,,
,2023-07,British Transport Police,British Transport Police,-4.252098,55.861936,On or near Glasgow Queen Street (Station),,,Drugs,,
,2023-07,British Transport Police,British Transport Police,-4.583467,56.002411,On or near Balloch Central (Station),,,Drugs,,
,2023-07,British Transport Police,British Transport Police,-2.099015,57.143343,On or near Aberdeen (Station),,,Drugs,,
,2023-07,British Transport Police,British Transport Police,-4.258257,55.859590,On or near Glasgow Central (Station),,,Drugs,,
,2023-07,British Transport Police,British Transport Police,-4.258257,55.859590,On or near Glasgow Central (Station),,,Drugs,,
,2023-07,British Transport Police,British Transport Police,-3.025610,51.502706,On or near Waterloo (Merseyside) (Station),,,Drugs,,
,2023-07,British Transport Police,British Transport Police,-3.835620,51.493210,On or near London Victoria (Station),,,Drugs,,
,2023-07,British Transport Police,British Transport Police,-3.835620,51.493210,On or near London Victoria (Station),,,Drugs,,
,2023-07,British Transport Police,British Transport Police,-3.835620,51.493210,On or near London Victoria (Station),,,Drugs,,
,2023-07,British Transport Police,British Transport Police,-3.994451,55.791635,On or near Motherwell (Station),,,Drugs,,
,2023-07,British Transport Police,British Transport Police,-3.994451,55.791635,On or near Motherwell (Station),,,Drugs,,
,2023-07,British Transport Police,British Transport Police,-2.099015,57.143343,On or near Aberdeen (Station),,,Drugs,,
,2023-07,British Transport Police,British Transport Police,-2.099015,57.143343,On or near Aberdeen (Station),,,Drugs,,
,2023-07,British Transport Police,British Transport Police,-2.979554,51.517459,On or near Liverpool Lime Street (Station),,,Drugs,,
,2023-07,British Transport Police,British Transport Police,-3.835620,51.493210,On or near London Victoria (Station),,,Drugs,,
,2023-07,British Transport Police,British Transport Police,-3.835620,51.493210,On or near London Victoria (Station),,,Drugs,,
,2023-07,British Transport Police,British Transport Police,-3.835620,51.493210,On or near London Victoria (Station),,,Drugs,,
,2023-07,British Transport Police,British Transport Police,-3.835620,51.493210,On or near London Victoria (Station),,,Other theft,,
,2023-07,British Transport Police,British Transport Police,-3.835620,51.493210,On or near London Victoria (Station),,,Other theft,,
,2023-07,British Transport Police,British Transport Police,-3.835620,51.493210,On or near London Victoria (Station),,,Other theft,,
,2023-07,British Transport Police,British Transport Police,-3.835620,51.493210,On or near London Victoria (Station),,,Other theft,,
,2023-07,British Transport Police,British Transport Police,-3.835620,51.493210,On or near London Victoria (Station),,,Other theft,,
,2023-07,British Transport Police,British Transport Police,-4.258257,55.859590,On or near Glasgow Central (Station),,,Other theft,,
,2023-07,British Transport Police,British Transport Police,-4.258257,55.859590,On or near Glasgow Central (Station),,,Other theft,,
,2023-07,British Transport Police,British Transport Police,-3.191817,55.951790,On or near Edinburgh Waverley (Station),,,Other theft,,
,2023-07,British Transport Police,British Transport Police,-3.191817,55.951790,On or near Edinburgh Waverley (Station),,,Other theft,,
,2023-07,British Transport Police,British Transport Police,-3.994451,55.791635,On or near Motherwell (Station),,,Other theft,,
,2023-07,British Transport Police,British Transport Police,-3.994451,55.791635,On or near Motherwell (Station),,,Other theft,,
,2023-07,British Transport Police,British Transport Police,-5.025143,54.909394,On or near Stranraer (Station),,,Other theft,,
,2023-07,British Transport Police,British Transport Police,-4.224493,57.478736,On or near Inverness (Station),,,Other theft,,
,2023-07,British Transport Police,British Transport Police,-4.252098,55.861936,On or near Glasgow Queen Street (Station),,,Other theft,,
,2023-07,British Transport Police,British Transport Police,-4.252098,55.861936,On or near Glasgow Queen Street (Station),,,Other theft,,
,2023-07,British Transport Police,British Transport Police,-4.252098,55.861936,On or near Glasgow Queen Street (Station),,,Other theft,,
,2023-07,British Transport Police,British Transport Police,-3.307844,55.927657,On or near Edinburgh Park (Station),,,Other theft,,
,2023-07,British Transport Police,British Transport Police,-2.973809,56.456457,On or near Dundee (Station),,,Other theft,,
,2023-07,British Transport Police,British Transport Police,-3.217399,55.945811,On or near Haymarket (Station),,,Other theft,,
,2023-07,British Transport Police,British Transport Police,-3.311280,57.643167,On or near Elgin (Station),,,Other theft,,
,2023-07,British Transport Police,British Transport Police,-4.269819,51.507984,On or near Charing (Station),,,Other theft,,
,2023-07,British Transport Police,British Transport Police,-2.979554,51.517459,On or near Liverpool Lime Street (Station),,,Other theft,,
,2023-07,British Transport Police,British Transport Police,-2.979554,51.517459,On or near Liverpool Lime Street (Station),,,Other theft,,
,2023-07,British Transport Police,British Transport Police,-2.979554,51.517459,On or near Liverpool Lime Street (Station),,,Other theft,,
,2023-07,British Transport Police,British Transport Police,-2.099015,57.143343,On or near Aberdeen (Station),,,Other theft,,
,2023-07,British Transport Police,British Transport Police,-4.269819,51.507984,On or near Charing (Station),,,Other theft,,
,2023-07,British Transport Police,British Transport Police,-4.269819,51.507984,On or near Charing (Station),,,Other theft,,
,2023-07,British Transport Police,British Transport Police,-3.835620,51.493210,On or near London Victoria (Station),,,Other theft,,
,2023-07,British Transport Police,British Transport Police,-3.835620,51.493210,On or near London Victoria (Station),,,Other theft,,
,2023-07,British Transport Police,British Transport Police,-3.835620,51.493210,On or near London Victoria (Station),,,Other theft,,
,2023-07,British Transport Police,British Transport Police,-3.835620,51.493210,On or near London Victoria (Station),,,Other theft,,
,2023-07,British Transport Police,British Transport Police,-3.835620,51.493210,On or near London Victoria (Station),,,Other theft,,
,2023-07,British Transport Police,British Transport Police,-3.835620,51.493210,On or near London Victoria (Station),,,Other theft,,
,2023-07,British Transport Police,British Transport Police,-3.835620,51.493210,On or near London Victoria (Station),,,Other theft,,
,2023-07,British Transport Police,British Transport Police,-3.835620,51.493210,On or near London Victoria (Station),,,Other theft,,
,2023-07,British Transport Police,British Transport Police,-3.835620,51.493210,On or near London Victoria (Station),,,Other theft,,
,2023-07,British Transport Police,British Transport Police,-3.835620,51.493210,On or near London Victoria (Station),,,Other theft,,
,2023-07,British Transport Police,British Transport Police,-3.835620,51.493210,On or near London Victoria (Station),,,Other theft,,
,2023-07,British Transport Police,British Transport Police,-3.835620,51.493210,On or near London Victoria (Station),,,Other theft,,
,2023-07,British Transport Police,British Transport Police,-3.835620,51.493210,On or near London Victoria (Station),,,Other theft,,
,2023-07,British Transport Police,British Transport Police,-3.191817,55.951790,On or near Edinburgh Waverley (Station),,,Other theft,,
,2023-07,British Transport Police,British Transport Police,-3.191817,55.951790,On or near Edinburgh Waverley (Station),,,Other theft,,
,2023-07,British Transport Police,British Transport Police,-4.424268,55.847372,On or near Paisley Gilmour Street (Station),,,Other theft,,
,2023-07,British Transport Police,British Transport Police,-3.785024,56.002479,On or near Falkirk Grahamston (Station),,,Other theft,,
,2023-07,British Transport Police,British Transport Police,-4.225908,55.856536,On or near Bellgrove (Station),,,Other theft,,
,2023-07,British Transport Police,British Transport Police,-3.395630,56.033779,On or near Inverkeithing (Station),,,Other theft,,
,2023-07,British Transport Police,British Transport Police,-3.191817,55.951790,On or near Edinburgh Waverley (Station),,,Other theft,,
,2023-07,British Transport Police,British Transport Police,-3.994451,55.791635,On or near Motherwell (Station),,,Possession of weapons,,
,2023-07,British Transport Police,British Transport Police,-3.191817,55.951790,On or near Edinburgh Waverley (Station),,,Possession of weapons,,
,2023-07,British Transport Police,British Transport Police,-4.710209,55.654796,On or near Kilwinning (Station),,,Possession of weapons,,
,2023-07,British Transport Police,British Transport Police,-3.994451,55.791635,On or near Motherwell (Station),,,Possession of weapons,,
,2023-07,British Transport Police,British Transport Police,-3.994451,55.791635,On or near Motherwell (Station),,,Possession of weapons,,
,2023-07,British Transport Police,British Transport Police,-3.835620,51.493210,On or near London Victoria (Station),,,Public order,,
,2023-07,British Transport Police,British Transport Police,-3.935889,56.118823,On or near Stirling (Station),,,Public order,,
,2023-07,British Transport Police,British Transport Police,-3.835620,51.493210,On or near London Victoria (Station),,,Public order,,
,2023-07,British Transport Police,British Transport Police,-2.979554,51.517459,On or near Liverpool Lime Street (Station),,,Public order,,
,2023-07,British Transport Police,British Transport Police,-4.038460,55.773298,On or near Hamilton Central (Station),,,Public order,,
,2023-07,British Transport Police,British Transport Police,-3.835620,51.493210,On or near London Victoria (Station),,,Public order,,
,2023-07,British Transport Police,British Transport Police,-3.835620,51.493210,On or near London Victoria (Station),,,Public order,,
,2023-07,British Transport Police,British Transport Police,-3.835620,51.493210,On or near London Victoria (Station),,,Public order,,
,2023-07,British Transport Police,British Transport Police,-4.714662,50.827918,On or near Kilgetty (Station),,,Public order,,
,2023-07,British Transport Police,British Transport Police,-4.269819,51.507984,On or near Charing (Station),,,Public order,,
,2023-07,British Transport Police,British Transport Police,-4.269819,51.507984,On or near Charing (Station),,,Public order,,
,2023-07,British Transport Police,British Transport Police,-4.269819,51.507984,On or near Charing (Station),,,Public order,,
,2023-07,British Transport Police,British Transport Police,-3.835620,51.493210,On or near London Victoria (Station),,,Public order,,
,2023-07,British Transport Police,British Transport Police,-2.979554,51.517459,On or near Liverpool Lime Street (Station),,,Public order,,
,2023-07,British Transport Police,British Transport Police,-2.979554,51.517459,On or near Liverpool Lime Street (Station),,,Public order,,
,2023-07,British Transport Police,British Transport Police,-2.979554,51.517459,On or near Liverpool Lime Street (Station),,,Public order,,
,2023-07,British Transport Police,British Transport Police,-2.979554,51.517459,On or near Liverpool Lime Street (Station),,,Public order,,
,2023-07,British Transport Police,British Transport Police,-3.835620,51.493210,On or near London Victoria (Station),,,Public order,,
,2023-07,British Transport Police,British Transport Police,-3.835620,51.493210,On or near London Victoria (Station),,,Public order,,
,2023-07,British Transport Police,British Transport Police,-4.269819,51.507984,On or near Charing (Station),,,Public order,,
,2023-07,British Transport Police,British Transport Police,-3.835620,51.493210,On or near London Victoria (Station),,,Public order,,
,2023-07,British Transport Police,British Transport Police,-3.835620,51.493210,On or near London Victoria (Station),,,Public order,,
,2023-07,British Transport Police,British Transport Police,-3.835620,51.493210,On or near London Victoria (Station),,,Robbery,,
,2023-07,British Transport Police,British Transport Police,-3.835620,51.493210,On or near London Victoria (Station),,,Robbery,,
,2023-07,British Transport Police,British Transport Police,-3.835620,51.493210,On or near London Victoria (Station),,,Robbery,,
,2023-07,British Transport Police,British Transport Police,-4.269819,51.507984,On or near Charing (Station),,,Shoplifting,,
,2023-07,British Transport Police,British Transport Police,-2.979554,51.517459,On or near Liverpool Lime Street (Station),,,Shoplifting,,
,2023-07,British Transport Police,British Transport Police,-2.979554,51.517459,On or near Liverpool Lime Street (Station),,,Shoplifting,,
,2023-07,British Transport Police,British Transport Police,-4.252098,55.861936,On or near Glasgow Queen Street (Station),,,Shoplifting,,
,2023-07,British Transport Police,British Transport Police,-3.835620,51.493210,On or near London Victoria (Station),,,Shoplifting,,
,2023-07,British Transport Police,British Transport Police,-3.835620,51.493210,On or near London Victoria (Station),,,Shoplifting,,
,2023-07,British Transport Police,British Transport Police,-3.835620,51.493210,On or near London Victoria (Station),,,Shoplifting,,
,2023-07,British Transport Police,British Transport Police,-3.835620,51.493210,On or near London Victoria (Station),,,Shoplifting,,
,2023-07,British Transport Police,British Transport Police,-3.835620,51.493210,On or near London Victoria (Station),,,Shoplifting,,
,2023-07,British Transport Police,British Transport Police,-3.835620,51.493210,On or near London Victoria (Station),,,Shoplifting,,
,2023-07,British Transport Police,British Transport Police,-3.835620,51.493210,On or near London Victoria (Station),,,Shoplifting,,
,2023-07,British Transport Police,British Transport Police,-3.835620,51.493210,On or near London Victoria (Station),,,Shoplifting,,
,2023-07,British Transport Police,British Transport Police,-3.835620,51.493210,On or near London Victoria (Station),,,Shoplifting,,
,2023-07,British Transport Police,British Transport Police,-3.835620,51.493210,On or near London Victoria (Station),,,Shoplifting,,
,2023-07,British Transport Police,British Transport Police,-3.835620,51.493210,On or near London Victoria (Station),,,Shoplifting,,
,2023-07,British Transport Police,British Transport Police,-3.835620,51.493210,On or near London Victoria (Station),,,Shoplifting,,
,2023-07,British Transport Police,British Transport Police,-3.835620,51.493210,On or near London Victoria (Station),,,Shoplifting,,
,2023-07,British Transport Police,British Transport Police,-3.835620,51.493210,On or near London Victoria (Station),,,Shoplifting,,
,2023-07,British Transport Police,British Transport Police,-3.835620,51.493210,On or near London Victoria (Station),,,Shoplifting,,
,2023-07,British Transport Police,British Transport Police,-3.835620,51.493210,On or near London Victoria (Station),,,Shoplifting,,
,2023-07,British Transport Police,British Transport Police,-3.835620,51.493210,On or near London Victoria (Station),,,Shoplifting,,
,2023-07,British Transport Police,British Transport Police,-3.835620,51.493210,On or near London Victoria (Station),,,Shoplifting,,
,2023-07,British Transport Police,British Transport Police,-3.835620,51.493210,On or near London Victoria (Station),,,Shoplifting,,
,2023-07,British Transport Police,British Transport Police,-4.024654,55.816979,On or near Bellshill (Station),,,Shoplifting,,
,2023-07,British Transport Police,British Transport Police,-3.835620,51.493210,On or near London Victoria (Station),,,Theft from the person,,
,2023-07,British Transport Police,British Transport Police,-3.835620,51.493210,On or near London Victoria (Station),,,Theft from the person,,
,2023-07,British Transport Police,British Transport Police,-3.835620,51.493210,On or near London Victoria (Station),,,Theft from the person,,
,2023-07,British Transport Police,British Transport Police,-3.835620,51.493210,On or near London Victoria (Station),,,Theft from the person,,
,2023-07,British Transport Police,British Transport Police,-3.835620,51.493210,On or near London Victoria (Station),,,Theft from the person,,
,2023-07,British Transport Police,British Transport Police,-3.835620,51.493210,On or near London Victoria (Station),,,Theft from the person,,
,2023-07,British Transport Police,British Transport Police,-4.293376,55.875226,On or near Hillhead Subway (Station),,,Theft from the person,,
,2023-07,British Transport Police,British Transport Police,-3.835620,51.493210,On or near London Victoria (Station),,,Theft from the person,,
,2023-07,British Transport Police,British Transport Police,-3.835620,51.493210,On or near London Victoria (Station),,,Theft from the person,,
,2023-07,British Transport Police,British Transport Police,-3.835620,51.493210,On or near London Victoria (Station),,,Theft from the person,,
,2023-07,British Transport Police,British Transport Police,-3.835620,51.493210,On or near London Victoria (Station),,,Theft from the person,,
,2023-07,British Transport Police,British Transport Police,-3.835620,51.493210,On or near London Victoria (Station),,,Theft from the person,,
,2023-07,British Transport Police,British Transport Police,-3.191817,55.951790,On or near Edinburgh Waverley (Station),,,Theft from the person,,
,2023-07,British Transport Police,British Transport Police,-3.835620,51.493210,On or near London Victoria (Station),,,Theft from the person,,
,2023-07,British Transport Police,British Transport Police,-4.269819,51.507984,On or near Charing (Station),,,Theft from the person,,
,2023-07,British Transport Police,British Transport Police,-3.835620,51.493210,On or near London Victoria (Station),,,Theft from the person,,
,2023-07,British Transport Police,British Transport Police,-3.835620,51.493210,On or near London Victoria (Station),,,Theft from the person,,
,2023-07,British Transport Police,British Transport Police,-3.567376,55.853591,On or near West Calder (Station),,,Vehicle crime,,
,2023-07,British Transport Police,British Transport Police,-4.224493,57.478736,On or near Inverness (Station),,,Violence and sexual offences,,
,2023-07,British Transport Police,British Transport Police,-4.577894,55.947632,On or near Dalreoch (Station),,,Violence and sexual offences,,
,2023-07,British Transport Police,British Transport Police,-4.567192,55.946640,On or near Dumbarton Central (Station),,,Violence and sexual offences,,
,2023-07,British Transport Police,British Transport Police,-4.269819,51.507984,On or near Charing (Station),,,Violence and sexual offences,,
,2023-07,British Transport Police,British Transport Police,-4.626286,55.457422,On or near Ayr (Station),,,Violence and sexual offences,,
,2023-07,British Transport Police,British Transport Police,-4.129978,55.855068,On or near Garrowhill (Station),,,Violence and sexual offences,,
,2023-07,British Transport Police,British Transport Police,-4.614246,55.501347,On or near Prestwick Town (Station),,,Violence and sexual offences,,
,2023-07,British Transport Police,British Transport Police,-4.428846,55.911963,On or near Dalmuir (Station),,,Violence and sexual offences,,
,2023-07,British Transport Police,British Transport Police,-4.428846,55.911963,On or near Dalmuir (Station),,,Violence and sexual offences,,
,2023-07,British Transport Police,British Transport Police,-4.240382,55.859703,On or near High Street (Glasgow) (Station),,,Violence and sexual offences,,
,2023-07,British Transport Police,British Transport Police,-4.586309,55.970300,On or near Renton (Station),,,Violence and sexual offences,,
,2023-07,British Transport Police,British Transport Police,-4.586309,55.970300,On or near Renton (Station),,,Violence and sexual offences,,
,2023-07,British Transport Police,British Transport Police,-4.287745,55.825144,On or near Pollokshaws East (Station),,,Violence and sexual offences,,
,2023-07,British Transport Police,British Transport Police,-4.586309,55.970300,On or near Renton (Station),,,Violence and sexual offences,,
,2023-07,British Transport Police,British Transport Police,-4.583467,56.002411,On or near Balloch Central (Station),,,Violence and sexual offences,,
,2023-07,British Transport Police,British Transport Police,-4.404223,55.900711,On or near Clydebank (Station),,,Violence and sexual offences,,
,2023-07,British Transport Police,British Transport Police,-4.710209,55.654796,On or near Kilwinning (Station),,,Violence and sexual offences,,
,2023-07,British Transport Police,British Transport Police,-3.440299,56.391677,On or near Perth (Station),,,Violence and sexual offences,,
,2023-07,British Transport Police,British Transport Police,-3.835620,51.493210,On or near London Victoria (Station),,,Violence and sexual offences,,
,2023-07,British Transport Police,British Transport Police,-3.217399,55.945811,On or near Haymarket (Station),,,Violence and sexual offences,,
,2023-07,British Transport Police,British Transport Police,-3.166767,56.111926,On or near Kirkcaldy (Station),,,Violence and sexual offences,,
,2023-07,British Transport Police,British Transport Police,-2.979554,51.517459,On or near Liverpool Lime Street (Station),,,Violence and sexual offences,,
,2023-07,British Transport Police,British Transport Police,-2.979554,51.517459,On or near Liverpool Lime Street (Station),,,Violence and sexual offences,,
,2023-07,British Transport Police,British Transport Police,-2.979554,51.517459,On or near Liverpool Lime Street (Station),,,Violence and sexual offences,,
,2023-07,British Transport Police,British Transport Police,-2.979554,51.517459,On or near Liverpool Lime Street (Station),,,Violence and sexual offences,,
,2023-07,British Transport Police,British Transport Police,-2.979554,51.517459,On or near Liverpool Lime Street (Station),,,Violence and sexual offences,,
,2023-07,British Transport Police,British Transport Police,-2.979554,51.517459,On or near Liverpool Lime Street (Station),,,Violence and sexual offences,,
,2023-07,British Transport Police,British Transport Police,-2.979554,51.517459,On or near Liverpool Lime Street (Station),,,Violence and sexual offences,,
,2023-07,British Transport Police,British Transport Police,-4.616092,55.787165,On or near Lochwinnoch (Station),,,Violence and sexual offences,,
,2023-07,British Transport Police,British Transport Police,-4.424268,55.847372,On or near Paisley Gilmour Street (Station),,,Violence and sexual offences,,
,2023-07,British Transport Police,British Transport Police,-3.956760,56.156595,On or near Bridge Of Allan (Station),,,Violence and sexual offences,,
,2023-07,British Transport Police,British Transport Police,-3.191817,55.951790,On or near Edinburgh Waverley (Station),,,Violence and sexual offences,,
,2023-07,British Transport Police,British Transport Police,-3.926412,55.772104,On or near Wishaw (Station),,,Violence and sexual offences,,
,2023-07,British Transport Police,British Transport Police,-3.926412,55.772104,On or near Wishaw (Station),,,Violence and sexual offences,,
,2023-07,British Transport Police,British Transport Police,-3.926412,55.772104,On or near Wishaw (Station),,,Violence and sexual offences,,
,2023-07,British Transport Police,British Transport Police,-2.588994,56.559403,On or near Arbroath (Station),,,Violence and sexual offences,,
,2023-07,British Transport Police,British Transport Police,-4.269819,51.507984,On or near Charing (Station),,,Violence and sexual offences,,
,2023-07,British Transport Police,British Transport Police,-4.269819,51.507984,On or near Charing (Station),,,Violence and sexual offences,,
,2023-07,British Transport Police,British Transport Police,-3.835620,51.493210,On or near London Victoria (Station),,,Violence and sexual offences,,
,2023-07,British Transport Police,British Transport Police,-3.835620,51.493210,On or near London Victoria (Station),,,Violence and sexual offences,,
,2023-07,British Transport Police,British Transport Police,-3.835620,51.493210,On or near London Victoria (Station),,,Violence and sexual offences,,
,2023-07,British Transport Police,British Transport Police,-3.835620,51.493210,On or near London Victoria (Station),,,Violence and sexual offences,,
,2023-07,British Transport Police,British Transport Police,-3.835620,51.493210,On or near London Victoria (Station),,,Violence and sexual offences,,
,2023-07,British Transport Police,British Transport Police,-3.835620,51.493210,On or near London Victoria (Station),,,Violence and sexual offences,,
,2023-07,British Transport Police,British Transport Police,-3.835620,51.493210,On or near London Victoria (Station),,,Violence and sexual offences,,
,2023-07,British Transport Police,British Transport Police,-3.835620,51.493210,On or near London Victoria (Station),,,Violence and sexual offences,,
,2023-07,British Transport Police,British Transport Police,-3.835620,51.493210,On or near London Victoria (Station),,,Violence and sexual offences,,
,2023-07,British Transport Police,British Transport Police,-3.191817,55.951790,On or near Edinburgh Waverley (Station),,,Violence and sexual offences,,
,2023-07,British Transport Police,British Transport Police,-4.586309,55.970300,On or near Renton (Station),,,Violence and sexual offences,,
,2023-07,British Transport Police,British Transport Police,-4.586309,55.970300,On or near Renton (Station),,,Violence and sexual offences,,
,2023-07,British Transport Police,British Transport Police,-3.835620,51.493210,On or near London Victoria (Station),,,Violence and sexual offences,,
,2023-07,British Transport Police,British Transport Police,-3.191817,55.951790,On or near Edinburgh Waverley (Station),,,Violence and sexual offences,,
,2023-07,British Transport Police,British Transport Police,-4.614246,55.501347,On or near Prestwick Town (Station),,,Violence and sexual offences,,
,2023-07,British Transport Police,British Transport Police,-3.835620,51.493210,On or near London Victoria (Station),,,Violence and sexual offences,,
,2023-07,British Transport Police,British Transport Police,-4.038460,55.773298,On or near Hamilton Central (Station),,,Violence and sexual offences,,
,2023-07,British Transport Police,British Transport Police,-3.785024,56.002479,On or near Falkirk Grahamston (Station),,,Violence and sexual offences,,
,2023-07,British Transport Police,British Transport Police,-3.835620,51.493210,On or near London Victoria (Station),,,Violence and sexual offences,,
,2023-07,British Transport Police,British Transport Police,-3.835620,51.493210,On or near London Victoria (Station),,,Violence and sexual offences,,
,2023-07,British Transport Police,British Transport Police,-3.835620,51.493210,On or near London Victoria (Station),,,Violence and sexual offences,,
,2023-07,British Transport Police,British Transport Police,-3.835620,51.493210,On or near London Victoria (Station),,,Violence and sexual offences,,
,2023-07,British Transport Police,British Transport Police,-4.038460,55.773298,On or near Hamilton Central (Station),,,Violence and sexual offences,,
,2023-07,British Transport Police,British Transport Police,-3.835620,51.493210,On or near London Victoria (Station),,,Violence and sexual offences,,
,2023-07,British Transport Police,British Transport Police,-3.835620,51.493210,On or near London Victoria (Station),,,Violence and sexual offences,,
,2023-07,British Transport Police,British Transport Police,-3.835620,51.493210,On or near London Victoria (Station),,,Violence and sexual offences,,
,2023-07,British Transport Police,British Transport Police,-4.252098,55.861936,On or near Glasgow Queen Street (Station),,,Violence and sexual offences,,
,2023-07,British Transport Police,British Transport Police,-4.252098,55.861936,On or near Glasgow Queen Street (Station),,,Violence and sexual offences,,
,2023-07,British Transport Police,British Transport Police,-4.159901,55.853718,On or near Shettleston (Station),,,Violence and sexual offences,,
,2023-07,British Transport Police,British Transport Police,-3.234232,56.057293,On or near Burntisland (Station),,,Violence and sexual offences,,
,2023-07,British Transport Police,British Transport Police,-3.131249,56.200589,On or near Markinch (Station),,,Violence and sexual offences,,
,2023-07,British Transport Police,British Transport Police,-4.252098,55.861936,On or near Glasgow Queen Street (Station),,,Violence and sexual offences,,
,2023-07,British Transport Police,British Transport Police,-4.258257,55.859590,On or near Glasgow Central (Station),,,Violence and sexual offences,,
,2023-07,British Transport Police,British Transport Police,-4.258257,55.859590,On or near Glasgow Central (Station),,,Violence and sexual offences,,
,2023-07,British Transport Police,British Transport Police,-4.024654,55.816979,On or near Bellshill (Station),,,Violence and sexual offences,,
,2023-07,British Transport Police,British Transport Police,-4.311662,55.810883,On or near Thornliebank (Station),,,Violence and sexual offences,,
,2023-07,British Transport Police,British Transport Police,-4.258257,55.859590,On or near Glasgow Central (Station),,,Violence and sexual offences,,
,2023-07,British Transport Police,British Transport Police,-4.258257,55.859590,On or near Glasgow Central (Station),,,Violence and sexual offences,,
,2023-07,British Transport Police,British Transport Police,-4.258257,55.859590,On or near Glasgow Central (Station),,,Violence and sexual offences,,
,2023-07,British Transport Police,British Transport Police,-4.180242,55.765984,On or near East Kilbride (Station),,,Violence and sexual offences,,
,2023-07,British Transport Police,British Transport Police,-4.710209,55.654796,On or near Kilwinning (Station),,,Other crime,,
,2023-07,British Transport Police,British Transport Police,-4.583467,56.002411,On or near Balloch Central (Station),,,Other crime,,
,2023-07,British Transport Police,British Transport Police,-4.258257,55.859590,On or near Glasgow Central (Station),,,Other crime,,
,2023-07,British Transport Police,British Transport Police,-4.258257,55.859590,On or near Glasgow Central (Station),,,Other crime,,
,2023-07,British Transport Police,British Transport Police,-4.258257,55.859590,On or near Glasgow Central (Station),,,Other crime,,
,2023-07,British Transport Police,British Transport Police,-3.994451,55.791635,On or near Motherwell (Station),,,Other crime,,
,2023-07,British Transport Police,British Transport Police,-3.994451,55.791635,On or near Motherwell (Station),,,Other crime,,
,2023-07,British Transport Police,British Transport Police,-3.994451,55.791635,On or near Motherwell (Station),,,Other crime,,
,2023-07,British Transport Police,British Transport Police,-4.258257,55.859590,On or near Glasgow Central (Station),,,Other crime,,
,2023-07,British Transport Police,British Transport Police,-4.816595,55.962121,On or near Gourock (Station),,,Other crime,,
